-15.150530,1.752123,-23.020962
-15.123552,1.674470,-23.054106
-15.117713,1.476092,-23.029749
-15.192606,1.308399,-22.906099
-15.228606,1.389721,-23.056753
-15.165665,1.539420,-23.061319
-15.195677,1.681612,-23.060884
-15.255930,1.893515,-23.214249
-15.206775,1.889638,-23.380299
-15.171549,2.043110,-23.365320
-15.172969,2.108280,-23.391500
-15.128291,2.025189,-23.539858
-15.257020,1.971337,-23.664200
-15.318043,1.870820,-23.674553
-15.140551,1.957930,-23.751862
-15.061945,1.913524,-23.681971
-15.178524,1.808640,-23.533915
-15.132394,1.700830,-23.520685
-15.036486,1.716637,-23.547205
-14.817137,1.731097,-23.574923
-14.887536,1.868942,-23.687895
-14.928698,1.906715,-23.669367
-15.095677,1.944545,-23.738405
-15.086354,1.998311,-23.793886
-15.013492,1.921767,-23.854103
-15.114729,1.836439,-23.831579
-15.159739,1.772103,-23.839212
-15.144320,1.707257,-23.915478
-15.074119,1.624426,-23.966791
-15.059447,1.514215,-23.961672
-15.090748,1.455449,-23.987665
-15.101622,1.588245,-23.897419
-15.125302,1.554302,-23.974895
-15.119058,1.711385,-23.921530
-15.123165,1.623139,-23.897350
-15.145134,1.767234,-23.727617
-15.169764,1.665161,-23.681107
-15.240221,1.760174,-23.783554
-15.245534,1.709172,-23.762388
-15.125826,1.534299,-23.696760
-15.085320,1.426697,-23.612803
-15.025723,1.538074,-23.619087
-15.026552,1.399500,-23.681259
-15.183384,1.170408,-23.626564
-15.155129,1.171321,-23.726316
-15.199295,1.107454,-23.822308
-15.221124,1.014435,-23.892376
-15.181866,0.954898,-24.012321
-15.120214,0.803280,-23.855951
-15.179926,0.843466,-23.819155
-15.113146,0.926121,-23.646503
-15.101486,0.974799,-23.699974
-15.012792,1.116924,-23.725866
-15.080381,0.945233,-23.634388
-15.079824,0.869825,-23.557693
-15.055581,0.884344,-23.310644
-15.064381,0.740941,-23.157978
-15.075293,0.778734,-23.231216
-15.066420,0.885057,-23.041508
-15.061375,0.896806,-23.071133
-15.096238,0.841497,-23.176693
-15.142715,1.077606,-23.157459
-15.116364,1.215271,-23.119080
-15.121219,1.200177,-23.264729
-15.108190,1.235933,-23.125320
-15.059494,1.224566,-23.198103
-15.098422,1.251173,-22.973230
-15.299087,1.129629,-23.235229
-15.410981,1.007868,-23.171164
-15.766610,0.757800,-23.062172
-15.711926,0.787076,-23.111914
-15.614285,0.755854,-23.210529
-15.632920,0.864648,-23.219437
-15.717091,0.950563,-23.167875
-15.723015,0.940574,-23.195478
-15.831566,0.893178,-23.250769
-15.939052,0.826199,-23.162506
-15.865281,0.769010,-23.279837
-15.892925,0.814577,-23.197083
-15.765450,0.893714,-23.208946
-15.733522,0.653889,-23.033985
-15.774398,0.608244,-23.101227
-15.715905,0.631979,-23.250841
-15.654644,0.815835,-23.309196
-15.589088,1.092077,-23.449814
-15.463802,1.377180,-23.732553
-15.382115,1.327303,-23.641613
-15.437249,1.288442,-23.513756
-15.411839,1.341926,-23.777367
-15.554967,1.456854,-23.686523
-15.464074,1.452228,-23.573017
-15.412090,1.598719,-23.567076
-15.369745,1.471818,-23.499601
-15.071344,1.382609,-23.516436
-15.087404,1.324472,-23.670132
-15.145871,1.415304,-23.650553
-15.063742,1.378740,-23.475359
-15.012582,1.324297,-23.501846
-15.150728,1.374295,-23.466202
-15.162205,1.383861,-23.256285
-15.053678,1.360913,-23.131918
-15.016658,1.152389,-23.144939
-15.006047,1.297687,-23.167185
-14.993676,1.389034,-23.218111
-15.080907,1.304416,-23.142305
-15.027668,1.267807,-23.269815
-15.171964,1.291873,-23.150946
-15.101295,1.263687,-22.984983
-15.152267,1.304667,-22.888781
-15.146868,1.380724,-22.850220
-15.132416,1.572520,-22.869446
-15.259215,1.753825,-22.909494
-15.264111,1.699871,-22.931299
-15.257010,1.771762,-22.808264
-15.265616,1.701821,-22.747705
-15.194942,1.612185,-22.878319
-15.128261,1.591511,-23.026117
-15.117491,1.623504,-23.083750
-15.264521,1.610701,-23.114126
-15.207205,1.702982,-23.171688
-15.112320,1.655699,-23.086712
-15.028644,1.488534,-23.092823
-14.902703,1.497228,-23.177832
-14.804787,1.447102,-23.100052
-14.578498,1.395683,-23.042530
-14.450371,1.405813,-23.040636
-14.316051,1.347063,-22.959114
-14.367583,1.331668,-22.889404
-14.317829,1.348527,-22.953339
-14.426396,1.311396,-22.949574
-14.483462,1.309716,-23.008659
-14.529369,1.355937,-23.020184
-14.594009,1.411592,-22.927525
-14.663248,1.116023,-22.844368
-14.637048,1.128428,-22.848518
-14.637486,1.105845,-22.838652
-15.258207,1.318109,-22.977940
-15.165596,1.478415,-22.960627
-15.198956,1.444577,-22.868492
-15.491013,1.443706,-22.900236
-15.170057,1.411165,-22.992212
-15.128259,1.379412,-22.759985
-15.120245,1.398516,-22.786924
-15.109007,1.435803,-22.719221
-15.104594,1.415629,-22.737200
-15.084798,1.151926,-22.851830
-15.092356,1.068054,-22.896963
-15.108079,1.322223,-22.899767
-15.199317,1.339852,-22.660908
-15.276317,1.599690,-22.693176
-15.382324,1.597472,-22.766666
-15.463775,1.473616,-22.788597
-15.484742,1.403106,-22.794058
-15.250934,1.150630,-22.890734
-15.373037,0.962997,-22.906876
-15.476344,0.937896,-22.878166
-15.427992,1.012021,-22.720123
-15.399969,1.021788,-22.760067
-15.503301,1.065510,-22.881092
-15.502980,1.082464,-22.919449
-15.534207,1.108104,-22.971312
-15.625341,1.292052,-23.055340
-15.792603,1.499106,-23.084015
-15.837392,1.525976,-23.024038
-15.934202,1.609919,-23.073561
-16.163265,1.614445,-23.045517
-16.394979,1.675210,-22.939150
-16.567785,1.726794,-22.912374
-16.907892,1.734804,-22.879391
-17.286800,1.775899,-23.000078
-17.249903,1.734866,-22.997271
-17.146301,1.719991,-23.058701
-17.118374,1.806744,-23.084024
-17.053324,1.857898,-23.126171
-17.153004,1.899623,-23.282240
-17.229197,2.085282,-23.208366
-17.099920,1.800526,-23.047695
-17.062004,1.826115,-23.122730
-16.985880,1.807380,-23.029156
-16.929390,1.779472,-22.911892
-16.981598,1.677790,-23.100142
-16.990791,1.681080,-23.128466
-17.016003,1.715203,-23.157307
-17.067133,1.746681,-23.081968
-17.042362,1.575051,-23.061941
-17.020720,1.693331,-23.103706
-16.789885,1.391418,-23.037498
-16.805521,1.372543,-22.982670
-16.810268,1.428141,-23.031317
-16.905909,1.389885,-22.985504
-16.875793,1.296431,-23.079031
-16.896940,1.293089,-23.060614
-16.815260,1.266031,-23.083729
-16.804121,1.150300,-23.127026
-16.845095,1.093171,-23.011234
-16.796148,1.041170,-22.973597
-16.850040,0.945186,-23.074411
-16.875826,0.790618,-23.015839
-16.827312,0.764782,-23.067680
-16.909365,0.777666,-22.988464
-16.787125,0.653063,-23.100206
-16.680283,0.610135,-23.155773
-16.415854,0.373584,-23.118618
-16.268198,0.368987,-23.236143
-16.189756,0.370366,-23.228313
-16.197815,0.414034,-23.195425
-16.374226,0.353855,-23.076265
-16.189024,0.512915,-22.996601
-16.089682,0.397303,-23.223778
-16.142771,0.524096,-23.139317
-16.226316,0.616936,-23.125555
-16.377115,0.628472,-23.057749
-16.414799,0.600256,-23.033911
-16.396566,0.537501,-23.068571
-16.467615,0.352746,-23.125530
-16.596781,0.224111,-23.239077
-16.843594,0.179104,-23.181753
-16.954340,0.114283,-23.292463
-16.974798,0.076075,-23.308901
-16.869585,0.089934,-23.319832
-16.848186,0.239689,-23.222942
-16.770235,0.165979,-23.154659
-16.640757,0.246629,-23.111448
-16.512043,0.350669,-23.052465
-16.297419,0.373058,-23.036783
-16.327852,0.332560,-22.918854
-16.398798,0.275346,-22.975199
-16.529110,0.502873,-23.089937
-16.546110,0.473845,-23.027485
-16.648897,0.568369,-22.881561
-16.738758,0.623770,-22.834064
-16.693266,0.717630,-22.960224
-16.647444,0.885248,-22.971968
-16.635345,0.994713,-23.146660
-16.515316,0.981291,-23.089678
-16.435974,0.911881,-23.101912
-16.498043,0.843504,-23.110991
-16.708338,0.879340,-22.991329
-16.925873,0.868284,-22.935614
-16.939596,0.888136,-22.966963
-16.986694,1.232165,-23.064495
-17.047102,1.552376,-23.178490
-17.111851,1.141703,-23.019819
-17.076180,1.072227,-23.098030
-17.097229,1.063666,-23.056229
-17.217272,0.989543,-23.018482
-17.008461,0.938496,-23.035585
-17.080999,0.941525,-23.112465
-17.145424,0.730986,-23.122641
-17.088932,0.790872,-23.027870
-17.000786,0.695014,-23.083750
-17.019682,0.698805,-23.084112
-16.976921,0.851189,-23.053162
-16.896397,0.938118,-23.118113
-16.815233,0.968225,-23.171019
-16.896009,0.961575,-23.087475
-16.916553,0.878966,-23.084942
-17.016497,0.763258,-23.057928
-16.999788,0.713264,-23.173231
-17.013901,0.837771,-23.030088
-17.107780,0.882888,-23.010435
-17.225325,0.964593,-22.974779
-17.382589,1.020398,-23.159267
-17.467117,0.959701,-23.158209
-17.497070,0.848132,-23.037924
