-6.989565,-3.554843,-14.074145
-7.304843,-3.608149,-14.341072
-7.368581,-3.505129,-14.458730
-7.544621,-3.250532,-14.220647
-7.013533,-3.330496,-13.745880
-6.733143,-3.653849,-14.012038
-7.006244,-4.056340,-14.141564
-7.077771,-4.418020,-14.234922
-7.274807,-4.775033,-14.258052
-6.998032,-5.629170,-13.762184
-6.812811,-5.743248,-13.592809
-6.681244,-5.660088,-13.460669
-6.744185,-5.550356,-13.473906
-6.686983,-5.625611,-13.718912
-6.661767,-5.589897,-13.874355
-7.027102,-4.925100,-14.090036
-7.323464,-4.570709,-14.493489
-7.256248,-4.614708,-14.433538
-7.716093,-4.306847,-14.480403
-7.755134,-4.758415,-14.472223
-7.528766,-4.933096,-14.304307
-7.561545,-5.063331,-14.442917
-7.549160,-4.647286,-14.477407
-7.915753,-4.122646,-14.587593
-7.854831,-4.082626,-14.382500
-7.620712,-3.883422,-14.617773
-7.438093,-3.414901,-14.070658
-7.405038,-3.220386,-14.264526
-7.778091,-3.221607,-14.335525
-7.823483,-3.500083,-14.484282
-7.693075,-3.925055,-14.504650
-7.706323,-3.681089,-14.560614
-7.679211,-4.142719,-14.470463
-7.431911,-4.276334,-14.528393
-7.068256,-3.940938,-14.346178
-6.754854,-4.009647,-14.173448
-6.766641,-3.814245,-14.022173
-6.651654,-4.012341,-14.167971
-7.038363,-4.438740,-14.115734
-7.130541,-4.228997,-14.493876
-7.343393,-4.248473,-14.560911
-7.793051,-4.474209,-14.485418
-7.915368,-4.384962,-14.464471
-7.947161,-4.213343,-14.445464
-7.753772,-4.127695,-14.617553
-7.564193,-4.408375,-14.503961
-7.127512,-4.269588,-14.366621
-6.817744,-3.894304,-14.051213
-6.893365,-3.840933,-14.051354
-7.503308,-4.096969,-14.485634
-7.604533,-4.222606,-14.452267
-7.402514,-4.385120,-14.590546
-7.279828,-4.664668,-14.408101
-7.111984,-5.234642,-14.104132
-6.963330,-5.589455,-13.622167
-6.990284,-4.991915,-14.233840
-6.778054,-4.820509,-14.074879
-6.765387,-4.350616,-14.001362
-7.395362,-4.914846,-14.160735
-7.238959,-3.389068,-14.157174
-7.304950,-3.278052,-14.100500
-7.269862,-3.173012,-14.209773
-7.406126,-3.462694,-14.191207
-7.552980,-3.678739,-14.297859
-7.693576,-3.838603,-14.597466
-7.641396,-4.044033,-14.843876
-7.498783,-3.895259,-14.561237
-7.655841,-3.795436,-14.529408
-7.422621,-3.230543,-14.635025
-7.461474,-3.632824,-14.641286
-7.753473,-3.496131,-14.248403
-7.843990,-3.637614,-14.567862
-8.111838,-3.596277,-14.575450
-8.724010,-3.822742,-14.483827
-8.729792,-3.331890,-14.843798
-8.836384,-3.820881,-14.726173
-8.684354,-4.065025,-14.537202
-8.470378,-3.382771,-14.343806
-8.159381,-3.798032,-14.557801
-8.240715,-3.645217,-14.503047
-7.866372,-4.062015,-14.415816
-7.449160,-3.478591,-14.311135
-7.021459,-3.412012,-14.158075
-7.003091,-3.352631,-14.018558
-6.779922,-3.695294,-14.039889
-7.156265,-3.881597,-14.453343
-7.335347,-4.103596,-14.289899
-6.953506,-4.263389,-14.296163
-7.198596,-4.137774,-14.372155
-6.772981,-4.356195,-14.213610
-6.708242,-4.311938,-14.173511
-6.684508,-4.123507,-14.420811
-6.665480,-4.073502,-14.489494
-7.024343,-4.247522,-14.284028
-7.222830,-4.731178,-14.504254
-7.332101,-4.507404,-14.361153
-7.184723,-4.050331,-14.281987
-7.450602,-3.743553,-14.537798
-7.507923,-3.489989,-14.257517
-7.322619,-3.919813,-14.366946
-7.114253,-3.939650,-14.183607
-7.025774,-4.110207,-14.386962
-6.943631,-4.041845,-14.246035
-6.807459,-4.389497,-14.060232
-6.476282,-4.634566,-13.801263
-6.898763,-4.429173,-14.227996
-6.995061,-4.618789,-14.281571
-6.798535,-4.395363,-14.290209
-6.473267,-4.356782,-13.927731
-6.237689,-4.255973,-13.754445
-6.518043,-4.081697,-13.989718
-6.939379,-3.751853,-14.288392
-6.952033,-4.208573,-14.338382
-6.847037,-4.277480,-14.331003
-6.945155,-4.396535,-14.258347
-6.768746,-4.407206,-14.345345
-7.113829,-4.766479,-14.180694
-7.178616,-4.737957,-14.238987
-7.335472,-4.388564,-14.325583
-7.353758,-4.032575,-14.387984
-7.222058,-4.139530,-14.400370
-7.080381,-4.285287,-14.342798
-7.325625,-4.018458,-14.424062
-7.484124,-4.236336,-14.522628
-6.967449,-4.018482,-14.331779
-6.533101,-4.120666,-14.036294
-6.498757,-3.792982,-14.057156
-6.707417,-3.409717,-13.965767
-6.831997,-3.904958,-14.170657
-6.939114,-4.113540,-14.193581
-7.340706,-4.402955,-14.212646
-7.567420,-4.522192,-14.489469
-7.699589,-4.387265,-14.641987
-7.299178,-4.655942,-14.414888
-7.441117,-5.672615,-14.329881
-7.514784,-5.206524,-14.485065
-7.162134,-5.145822,-14.472895
-8.060031,-4.512531,-14.625237
-8.263333,-4.632115,-14.624963
-8.152578,-5.014690,-14.930491
-8.413656,-4.929162,-14.818941
-8.107697,-4.469353,-14.522864
-8.061504,-4.463833,-14.622222
-7.192379,-4.927282,-14.256907
-6.254231,-4.855707,-13.683739
-6.701195,-4.913256,-14.031374
-6.561416,-4.678825,-13.929999
-6.725274,-4.865942,-14.207635
-6.657446,-5.235899,-14.212390
-6.550900,-4.885490,-14.337313
-6.343944,-4.645870,-14.179493
-6.754889,-4.272372,-14.091732
-6.834189,-3.899841,-14.065028
-6.870150,-3.793092,-14.131237
-6.958471,-3.579661,-14.120736
-6.577545,-3.482903,-13.975131
-6.508349,-3.594671,-14.297278
-6.568297,-3.902710,-14.202335
-6.974222,-4.176246,-14.447968
-7.521630,-4.543941,-14.561743
-8.091538,-5.322217,-14.344975
-8.045718,-5.361030,-14.451507
-8.135875,-5.374740,-14.531177
-7.842836,-5.496483,-14.276600
-7.821591,-5.579934,-14.244704
-7.637197,-5.291099,-14.253938
-7.580624,-5.504163,-14.122369
-7.032892,-5.464859,-14.244695
-7.121056,-5.094967,-14.492614
-7.263132,-4.914954,-14.528769
-7.362856,-4.765812,-14.460721
-7.300269,-4.288740,-14.500101
-6.916125,-4.339386,-14.251325
-6.703155,-4.228146,-14.438899
-7.056325,-3.527419,-14.375037
-7.529305,-3.106480,-14.316118
-7.257972,-3.336158,-14.287216
-7.193541,-3.379766,-14.281391
-6.717405,-3.481966,-14.171248
-6.941321,-3.572851,-14.431300
-7.330162,-3.987370,-14.191517
-7.114810,-4.164409,-14.486345
-7.532071,-4.301075,-14.573091
-7.401211,-4.330295,-14.691291
-7.017029,-4.225411,-14.418770
-6.879257,-3.835796,-14.499146
-6.965510,-3.554636,-14.239354
-6.732032,-3.354085,-13.981387
-6.837392,-3.447409,-14.045824
-6.365044,-3.544082,-13.980112
-5.900329,-3.472924,-13.902025
-6.131732,-3.519092,-13.684399
-5.911296,-3.888481,-13.713772
-5.946953,-3.944879,-13.836232
-5.616290,-4.255145,-13.804461
-5.950337,-4.193584,-13.778750
-6.018432,-4.830408,-14.271622
-6.181223,-4.052807,-14.250854
-6.513337,-3.455075,-14.055791
-6.630001,-3.375451,-13.748281
-6.037004,-3.761442,-13.809296
-5.811810,-3.872858,-13.726229
-6.096300,-4.210375,-13.655449
-5.877937,-4.086179,-13.729325
-5.874377,-3.975147,-13.835691
-6.099928,-4.039753,-14.099789
-6.079708,-4.188968,-14.021239
-6.337950,-3.946659,-14.368466
-6.506402,-3.528350,-14.084412
-6.200230,-3.251883,-14.170892
-5.987797,-3.340599,-13.752114
-5.830499,-3.719471,-13.817779
-5.937916,-3.600259,-13.896849
-6.057017,-3.968240,-14.119756
-6.496039,-4.126040,-14.253724
-6.786184,-4.371762,-14.594975
-7.295782,-4.378792,-14.794580
-7.749354,-4.244725,-14.512024
-7.071335,-4.055166,-14.544879
-7.055798,-3.589409,-14.384158
-7.342867,-3.551462,-14.549445
-7.503320,-3.573458,-14.574018
-7.920978,-3.961953,-14.752248
-8.659315,-4.373403,-14.692056
-8.615089,-4.327267,-14.581668
-8.492180,-4.504622,-14.506010
-8.371616,-3.913797,-14.468500
-7.527598,-4.387064,-14.581103
-7.324978,-4.477978,-14.681104
-7.268441,-4.949559,-14.572721
-7.253895,-4.811110,-14.787348
-7.065261,-4.861347,-14.452837
-7.180417,-4.611490,-14.571215
-7.085966,-4.555559,-14.496947
-7.087079,-4.413972,-14.650895
-6.945413,-4.569404,-14.388439
-6.705572,-4.420471,-14.280149
-7.018196,-4.731222,-14.451408
-7.075724,-4.982687,-14.509460
-6.938334,-5.164577,-14.544594
-6.794059,-5.148048,-14.326180
-7.089439,-5.392140,-14.288127
-7.367193,-5.171378,-14.391952
-7.290780,-5.088856,-14.429764
-7.760213,-5.555044,-14.482230
-7.522416,-5.132726,-14.469821
-7.117289,-4.932550,-14.632051
-6.869060,-4.655616,-14.684273
-6.570845,-4.461308,-14.526167
-6.482066,-4.519279,-14.685169
-6.411625,-4.322584,-14.708196
-6.372179,-4.159540,-14.548229
-6.416270,-4.458177,-14.900264
-6.495988,-4.858390,-14.595670
-6.560495,-4.872168,-14.528698
-6.367649,-4.915892,-14.569427
-6.031826,-4.707820,-14.701138
-5.985748,-4.702004,-14.452252
-5.856551,-4.895894,-14.280717
-6.159158,-4.526290,-14.298332
-6.113786,-4.877478,-14.230333
-5.936239,-4.780426,-14.410165
-6.015006,-4.633897,-14.766107
-6.220882,-4.788674,-14.454290
-6.153347,-4.815829,-14.440593
-6.212374,-4.603442,-14.687021
-6.100749,-4.323966,-14.507829
-5.866946,-4.548251,-14.412648
-5.819995,-4.802250,-14.749628
-6.921576,-4.305833,-14.777483
-7.150329,-4.522945,-14.680498
-7.339972,-4.742330,-14.774498
-6.892615,-4.583951,-14.747587
-6.741928,-4.004765,-14.695472
-5.963198,-3.868856,-14.536066
-5.761245,-3.924596,-14.505896
-5.829637,-4.262268,-14.440753
-5.831243,-4.474374,-14.634501
-5.812727,-4.790906,-14.505309
-6.143357,-4.363643,-14.597544
-6.354469,-4.513941,-14.466636
-6.255081,-4.437254,-14.667004
-6.246333,-4.765425,-14.497807
-6.128620,-4.654030,-14.619366
-5.894621,-5.129260,-14.875149
-5.834492,-4.937756,-14.487445
-5.797363,-4.637154,-14.632412
-6.516736,-5.000377,-14.597988
-6.455188,-5.505146,-14.632999
-6.463637,-5.356216,-14.625650
-6.371495,-4.722749,-14.689728
-5.939384,-4.919533,-14.452303
-5.834072,-5.040088,-14.488132
-5.576841,-4.795520,-14.561247
-5.892883,-4.632855,-14.626319
-6.564500,-3.716573,-14.457529
-6.776336,-3.681431,-14.596077
-6.872796,-3.934658,-14.632002
-6.635340,-4.202909,-14.684566
-6.787084,-4.183253,-14.730437
-6.649009,-4.259877,-14.869345
-5.940665,-3.834620,-14.761076
-5.441566,-3.628788,-14.633479
-5.394195,-3.651909,-14.441920
-5.432595,-3.907314,-14.467932
-4.907900,-3.575193,-14.283266
-4.696178,-3.437674,-14.510457
-5.207383,-3.312280,-14.375676
-5.409780,-3.069687,-14.500062
-5.445073,-3.045911,-14.520348
-5.369544,-3.136837,-14.451261
-6.137782,-3.639452,-14.651812
-5.698164,-3.703169,-14.658254
-5.405872,-3.599849,-15.061300
-5.694357,-3.712217,-14.624474
-5.449021,-4.192402,-14.909732
-5.354825,-4.586101,-14.789371
-4.767153,-4.590541,-14.879171
-4.473791,-4.401502,-14.809604
-4.598217,-4.734273,-14.753253
-4.397501,-4.854033,-14.661849
-4.079219,-5.373863,-14.548777
-4.334061,-4.708680,-14.784592
-3.988089,-4.647919,-14.525393
-4.472579,-4.477751,-14.398330
-3.825837,-4.883623,-15.034467
-3.790346,-4.693923,-14.889286
-3.841688,-4.387496,-14.667062
-4.234354,-3.740235,-14.676518
-3.915701,-3.761494,-14.695009
-3.527878,-3.495643,-14.547069
-3.084674,-3.665312,-14.715751
-3.265438,-3.405843,-14.666080
-3.482290,-3.222749,-14.443830
-3.542633,-2.802398,-14.511729
-3.684834,-3.146970,-14.209791
-3.337947,-2.990625,-14.822310
-2.985445,-3.407167,-14.669355
-2.853876,-3.590743,-14.313051
-2.565382,-4.075202,-14.122534
-2.527565,-4.043159,-14.379111
-2.695800,-4.648234,-14.233581
-2.401792,-5.322948,-14.541009
-2.166266,-4.974774,-14.622787
-2.024727,-5.136866,-14.363725
-1.951338,-5.403873,-13.734878
-1.612700,-5.501904,-13.895526
-1.770264,-5.678473,-13.828347
-1.204793,-5.210586,-14.198621
-0.602565,-4.989827,-14.518477
0.256078,-4.084606,-14.785003
0.382892,-3.896581,-14.510762
-0.036825,-3.817109,-14.474883
0.171144,-3.984484,-14.189660
0.117455,-4.208702,-14.018645
-0.193984,-4.175265,-14.458062
-0.027645,-4.302349,-15.153884
0.158190,-4.197417,-15.645549
0.113241,-4.064587,-15.843995
-0.295699,-4.579945,-15.445167
-0.268744,-4.739897,-15.137249
0.084135,-4.685239,-15.185217
0.652685,-4.498672,-15.116347
1.236802,-4.238380,-15.297811
1.810549,-3.934332,-15.471215
2.570799,-4.024681,-15.297463
3.038314,-4.316777,-15.601362
3.598100,-4.448600,-15.736065
3.999539,-4.626582,-15.840574
4.250937,-4.827553,-16.059011
4.299293,-4.958373,-16.007481
4.149945,-4.689958,-16.111313
4.307225,-4.698868,-15.955985
4.479061,-4.702815,-15.909212
4.379570,-5.229331,-15.916819
4.559389,-5.180917,-15.631950
4.738590,-5.154095,-15.545502
4.732998,-5.095556,-15.558891
4.408367,-4.968138,-15.245855
5.024403,-5.713744,-15.482935
5.285925,-5.530029,-15.552917
6.207717,-5.327561,-15.838743
6.203761,-5.123477,-15.760017
6.482121,-5.456697,-15.930783
6.289546,-5.383259,-15.834058
5.938026,-5.326708,-15.712457
5.979752,-4.759235,-15.589666
6.378490,-4.422616,-15.716702
6.744855,-4.208188,-15.722505
6.459344,-4.310332,-15.537495
6.345848,-3.841202,-15.043022
6.577648,-3.633833,-14.799694
6.535760,-4.104395,-14.971614
6.607287,-4.009521,-14.857206
6.707297,-3.948218,-14.425616
7.243964,-3.132826,-14.221468
6.900971,-3.303596,-13.933428
6.925613,-3.732659,-14.185287
7.172865,-3.300821,-14.271678
7.673504,-3.554804,-14.744552
7.825242,-3.463885,-14.952600
8.092513,-3.068075,-15.091727
8.325067,-3.064588,-14.703278
7.845849,-3.364276,-14.298532
7.859817,-3.517876,-14.529497
8.106350,-3.355160,-14.449312
8.216891,-3.420816,-14.504877
8.857022,-3.606352,-14.187629
8.861075,-3.402869,-14.266857
8.616483,-3.217803,-14.215684
8.197385,-2.817717,-14.418175
8.414454,-2.911370,-13.692867
9.080953,-2.818092,-13.118212
9.737241,-2.784397,-12.769759
9.738930,-2.734813,-13.237387
10.533380,-3.065914,-12.943342
11.503096,-3.276692,-12.783846
11.363064,-3.618422,-13.197796
11.346333,-3.700372,-13.435650
12.149628,-3.565755,-13.555493
12.417883,-3.415837,-13.803999
12.438926,-3.741511,-13.586488
12.557303,-3.949965,-13.793287
12.675504,-4.132577,-13.801558
12.596588,-4.067937,-13.661593
12.640764,-4.072671,-13.650809
12.634260,-4.232933,-13.651170
13.004877,-4.511656,-13.382830
12.895254,-4.916718,-13.043562
12.942216,-4.827446,-14.010880
12.965951,-4.535442,-14.591503
13.110971,-4.695146,-14.573977
