-6.559542,-0.986407,-14.902610
-6.624473,-1.071426,-14.885528
-6.500789,-0.976509,-15.035714
-6.313065,-0.477944,-14.835590
-6.205020,-0.333677,-14.862159
-6.165577,-0.264211,-14.807698
-6.044339,-0.153645,-14.774635
-6.075336,-0.154025,-14.796599
-6.232173,-0.270234,-14.769735
-6.264823,-0.342642,-14.868061
-6.347920,-0.489207,-14.915823
-6.280816,-0.616498,-14.786067
-6.110875,-0.618813,-14.567019
-6.116974,-0.375282,-14.738353
-6.385438,-0.472391,-14.855189
-6.382040,-0.618889,-14.790206
-6.428300,-0.660536,-14.878788
-6.564247,-0.678654,-15.033526
-6.684006,-0.934133,-15.051656
-6.733860,-1.073467,-14.898190
-6.586454,-0.916173,-14.755561
-6.264361,-0.993763,-14.676239
-6.162593,-0.957237,-14.709253
-6.095882,-0.899843,-14.734661
-6.161610,-0.943956,-14.622881
-6.131139,-0.755451,-14.805977
-6.171067,-0.786512,-14.787590
-6.116703,-0.848222,-14.713028
-6.243376,-0.938740,-14.714686
-6.268178,-1.000437,-14.742715
-6.277606,-0.948821,-14.944554
-6.358990,-0.958047,-14.880296
-6.413620,-0.739329,-14.745746
-6.448823,-0.982097,-14.753451
-6.546371,-1.216607,-14.759950
-6.405284,-1.464786,-14.811783
-6.380557,-1.495243,-14.732694
-6.324430,-1.277695,-14.884849
-6.303340,-1.244712,-14.792819
-6.298350,-1.295081,-14.679471
-6.482245,-0.774346,-14.754303
-6.539615,-0.536888,-14.813780
-6.558642,-1.085066,-14.651568
-6.639304,-1.226731,-14.675031
-6.609151,-1.182926,-14.661859
-6.700911,-1.063341,-14.755502
-6.612814,-1.044001,-14.917967
-6.556312,-0.994453,-14.995929
-6.257101,-0.791934,-14.632860
-6.521746,-0.806202,-15.395546
-6.891504,-0.748657,-15.859652
-6.769098,-0.648459,-15.711817
-6.395443,-0.461428,-15.001744
-6.384052,-0.455904,-14.866748
-6.349096,-0.456775,-14.832989
-6.304936,-0.571011,-15.007727
-6.318719,-0.580233,-15.143156
-6.315978,-0.619740,-15.142188
-6.732551,-0.800080,-14.927986
-7.017705,-0.859318,-14.862582
-6.488221,-0.727854,-15.388366
-6.373100,-0.814012,-15.276098
-6.359562,-0.889175,-15.285265
-6.312399,-0.844494,-15.172236
-6.269800,-0.640402,-14.930311
-6.154918,-0.547777,-14.750197
-6.209308,-0.689702,-14.810673
-6.269608,-0.832752,-14.920246
-6.287357,-0.965809,-15.121657
-6.056854,-0.734835,-15.163262
-5.947096,-0.601605,-15.222197
-6.036570,-0.651981,-15.409801
-6.177400,-0.647394,-15.355111
-6.238075,-0.772914,-15.177517
-6.231379,-0.648186,-15.130263
-6.246939,-0.731341,-14.992491
-6.321282,-0.682372,-15.129046
-6.328635,-0.557009,-15.178420
-6.399233,-1.543282,-15.185413
-6.497973,-1.558948,-15.098051
-6.596243,-1.680733,-14.816789
-6.600337,-1.692555,-14.671691
-6.486335,-1.433847,-14.835843
-6.427360,-1.307051,-14.989649
-6.406925,-0.972120,-14.865507
-6.261412,-0.939425,-14.899302
-6.512592,-0.641128,-15.025173
-6.541308,-0.856615,-15.132463
-6.445491,-1.047381,-15.208560
-6.535796,-1.024250,-15.010378
-6.704692,-0.834193,-15.000733
-6.799191,-1.010844,-14.706060
-6.750424,-1.012678,-14.759574
-6.760243,-1.240420,-14.850233
-6.503339,-1.136942,-14.807236
-6.498919,-1.033167,-14.684628
-6.491491,-1.168970,-14.840830
-6.340467,-1.266855,-14.726353
-6.601158,-1.279406,-14.967554
-6.576740,-1.232692,-14.940846
-6.568296,-1.329653,-15.036529
-6.589827,-1.016227,-15.233909
-6.736849,-1.031811,-15.114637
-6.738238,-1.041365,-15.260371
-6.513197,-1.133275,-14.974563
-6.518013,-0.882558,-14.964041
-6.501459,-0.991674,-14.933188
-6.647930,-1.103656,-15.143993
-6.369217,-0.885108,-14.788836
-6.270966,-0.896672,-14.770628
-6.222631,-0.905657,-14.739876
-6.469571,-0.788322,-14.926664
-6.445545,-0.862349,-14.905521
-6.561476,-0.780692,-14.964405
-6.598073,-0.993337,-14.831033
-6.523121,-0.872661,-14.899590
-6.745531,-1.168020,-14.832722
-6.669793,-1.141855,-14.988881
-6.586319,-1.193327,-15.066670
-6.764106,-1.101232,-15.135561
-6.800768,-0.917943,-15.192239
-6.690031,-0.772696,-15.082707
-6.615352,-0.950819,-15.030091
-6.645439,-1.300261,-15.036194
-6.717939,-1.075936,-14.958540
-6.677586,-0.943507,-14.932075
-6.746605,-0.705531,-14.915204
-6.331833,-0.893061,-14.854018
-6.423569,-0.771975,-14.850982
-6.379972,-0.843024,-14.938641
-6.536327,-0.930920,-15.081352
-6.555020,-1.203837,-15.307970
-6.754710,-1.440428,-15.101580
-6.540056,-1.661775,-15.010548
-6.380056,-1.505192,-14.808054
-6.279952,-1.399461,-14.892659
-6.432802,-1.176181,-14.956210
-6.575378,-1.011908,-14.970387
-6.446339,-1.021552,-15.246090
-6.374490,-1.197212,-15.191449
-6.343624,-1.444039,-15.436734
-6.371749,-1.470493,-15.216008
-6.423978,-1.403665,-14.888953
-6.451459,-1.330311,-14.705296
-6.408232,-1.328554,-14.821970
-6.528041,-1.081316,-14.872019
-6.502542,-0.939502,-14.822549
-6.428655,-0.880669,-14.876976
-6.104639,-0.715125,-14.685949
-6.098264,-0.662117,-14.677337
-6.129083,-0.606353,-14.851708
-6.260546,-0.629621,-14.916739
-6.399120,-0.783422,-14.770218
-6.318042,-0.858200,-14.704869
-6.208167,-0.888473,-14.730543
-6.300074,-0.857291,-14.714821
-6.269276,-1.071645,-14.704915
-6.414007,-1.063325,-14.799866
-6.411698,-0.774595,-14.928493
-6.384503,-0.753239,-14.977866
-6.377965,-0.875385,-14.894573
-6.247550,-0.872037,-14.811358
-6.239167,-0.786728,-14.775891
-6.261006,-0.786927,-14.833991
-6.285574,-0.742057,-14.828191
-6.346512,-0.671934,-14.799391
-6.356868,-0.656264,-14.801349
-6.104538,-0.710189,-14.739828
-5.912607,-0.714552,-14.783779
-5.901582,-0.818083,-14.761548
-5.930478,-0.853352,-14.687814
-5.974547,-0.867979,-14.720447
-5.821418,-0.998542,-14.621471
-5.792758,-1.210251,-14.587018
-5.862097,-1.291106,-14.703946
-6.002140,-1.348322,-14.677765
-6.395613,-1.379272,-14.577189
-6.506927,-1.196461,-14.751801
-6.378118,-1.098191,-14.759836
-6.146869,-0.930630,-14.853780
-5.988044,-0.707292,-14.765320
-6.442564,-0.770029,-14.866618
-6.402147,-0.751551,-14.923882
-6.436001,-0.906597,-15.010501
-6.524797,-0.993913,-14.999645
-6.656131,-1.011393,-15.137920
-6.565900,-0.940362,-15.025502
-6.511631,-0.905196,-15.057216
-6.537510,-0.874660,-15.166732
-6.607487,-0.636157,-15.410142
-6.611800,-0.750686,-15.213834
-6.665905,-1.001512,-15.065363
-6.500370,-1.051206,-15.130672
-6.361476,-0.837918,-15.109830
-6.232285,-0.746629,-14.956449
-6.590524,-0.673503,-15.022885
-6.988947,-0.686275,-15.150585
-7.064244,-0.925695,-15.197250
-6.947478,-1.151744,-15.154160
-6.810182,-1.282486,-14.884711
-6.574140,-0.964790,-15.265758
-6.381074,-1.181391,-15.126736
-6.618615,-1.016425,-15.517805
-6.626299,-1.114354,-15.049405
-6.786848,-1.389071,-14.710423
-6.678385,-1.146798,-14.798084
-6.598629,-1.125030,-14.799272
-6.361856,-1.271114,-14.857154
-6.208541,-1.235851,-14.894420
-6.233113,-1.146523,-14.756346
-6.298528,-1.110862,-14.916842
-6.118364,-1.040975,-15.029170
-6.011113,-1.101194,-15.215922
-6.018924,-1.031329,-15.003307
-5.989117,-0.996586,-14.914115
-6.373286,-0.799757,-15.030200
-6.299838,-0.777125,-14.978525
-6.026482,-0.883047,-15.147502
-6.207313,-1.090937,-15.023080
-6.178638,-1.079892,-14.882470
-6.051033,-1.265622,-15.009516
-5.914781,-1.073325,-15.163943
-5.885473,-0.942572,-15.218724
-6.038358,-0.606885,-14.994989
-5.942216,-0.634647,-14.918335
-5.892413,-0.730264,-14.901513
-6.016313,-0.568867,-14.811707
-6.038035,-0.545668,-14.690339
-5.946390,-0.829070,-14.854422
-6.056198,-1.205220,-14.772491
-5.898440,-1.195197,-14.757523
-5.986231,-1.330246,-14.621373
-6.031766,-1.307274,-14.726921
-6.162235,-1.199393,-14.946021
-6.505299,-1.056715,-15.057411
-5.833346,-1.421536,-14.930789
-5.738719,-1.562465,-14.767743
-5.860068,-1.740952,-14.750843
-6.016463,-1.459853,-14.743927
-6.292627,-1.065209,-14.946266
-6.198252,-1.006809,-14.884353
-5.777475,-0.925581,-14.913662
-5.856745,-1.014894,-14.831429
-6.102701,-1.059083,-14.690110
-6.137134,-1.148219,-14.979049
-6.137988,-1.196783,-14.919065
-6.161026,-1.120933,-14.784302
-6.187551,-1.088388,-14.895617
-5.951610,-1.025180,-14.869564
-5.902411,-1.010776,-14.692809
-5.820636,-1.081655,-14.810904
-5.879601,-1.222510,-14.713473
-6.017587,-1.231678,-14.878051
-6.183308,-1.074471,-14.968463
-5.955314,-0.829615,-15.209874
-6.051553,-0.751718,-15.234720
-6.120077,-0.731371,-15.108169
-5.782106,-0.755731,-15.000642
-5.866331,-0.862905,-15.076418
-5.850441,-0.782135,-15.054458
-5.663572,-0.989982,-15.005258
-5.776268,-0.882407,-15.089831
-5.873870,-0.797871,-15.213720
-6.138185,-0.952899,-14.994582
-6.056689,-1.093985,-14.987367
-6.154995,-1.173104,-14.953753
-6.213257,-1.061023,-15.229411
-6.388676,-1.238336,-15.068787
-6.395636,-1.130920,-15.144047
-6.417511,-0.993119,-15.174415
-6.272297,-0.832140,-15.347108
-5.930444,-0.690796,-15.188150
-5.736055,-0.560539,-15.101518
-5.936788,-0.654983,-15.135860
-5.961212,-0.568460,-15.054331
-6.052254,-0.790154,-15.188058
-6.117058,-0.889253,-15.422648
-6.176154,-0.960182,-15.424441
-6.086528,-0.840621,-15.268315
-5.959134,-0.831640,-14.986660
-5.963177,-0.826511,-14.987118
-5.795323,-0.996231,-15.040181
-5.807951,-0.888890,-15.070220
-5.742814,-0.822609,-15.110755
-5.684027,-0.728186,-15.054788
-5.723788,-0.801681,-15.035362
-5.744624,-0.837164,-14.904591
-5.728040,-0.772987,-15.122136
-5.885531,-0.756209,-15.187027
-5.989991,-1.053015,-15.006034
-6.048379,-0.953293,-15.063431
-5.909838,-0.929144,-15.040082
-6.049400,-0.977255,-15.115861
-5.938902,-1.033858,-15.036058
-5.947446,-1.264555,-15.078928
-5.941107,-1.267498,-15.014761
-5.921587,-1.239384,-14.808112
-5.862072,-1.313740,-14.797652
-5.850431,-1.399402,-14.880097
-5.560709,-1.361930,-14.806273
-5.715877,-1.428322,-14.984840
-5.751196,-1.319553,-15.168802
-5.897028,-0.892125,-15.068237
-5.850105,-0.589688,-15.101685
-5.795537,-0.414260,-15.157509
-5.719579,-0.844334,-15.061815
-5.797621,-0.790670,-14.825749
-5.723054,-0.721789,-14.930329
-5.595824,-0.618090,-14.883734
-5.512433,-0.807343,-14.811093
-5.497819,-0.897483,-14.872395
-5.469850,-0.826645,-14.881238
-5.457687,-0.715617,-14.827097
-5.290377,-0.779481,-14.782113
-5.400845,-0.837686,-14.656997
-5.584586,-1.039718,-14.815304
-5.544911,-1.058045,-14.923349
-5.592967,-1.027841,-14.903188
-5.658245,-0.969637,-14.860289
-5.709475,-0.619173,-14.967722
-5.687132,-0.698156,-15.017928
-5.576209,-0.900036,-14.934518
-5.633433,-0.994362,-14.917873
-5.747372,-1.046401,-14.907634
-5.740900,-1.008204,-14.904274
-5.841241,-0.864791,-15.194996
-5.854207,-0.412532,-15.479795
-5.984921,-0.742456,-15.237272
-5.814332,-0.778105,-15.107104
-5.649370,-0.960323,-14.958900
-5.494491,-0.818539,-15.040481
-5.632596,-0.929999,-14.855078
-5.614433,-0.892226,-14.890210
-5.758487,-0.791202,-14.957394
-5.705884,-0.752532,-14.865879
-5.537275,-0.830586,-14.759233
-5.552352,-0.879942,-14.684988
-5.572467,-0.959197,-14.851715
-5.478531,-1.123339,-14.896499
-5.551944,-1.154960,-14.730928
-5.597039,-1.211449,-14.831170
-5.610924,-1.281508,-14.772943
-5.772466,-1.190451,-14.915135
-5.619519,-1.166940,-14.890089
-5.506963,-1.001132,-14.885786
-5.410429,-1.033797,-14.818268
-5.384501,-1.200245,-14.707680
-5.311260,-1.576806,-14.583457
-5.436210,-1.815522,-14.734651
-5.405666,-1.912315,-14.598852
-5.306168,-1.531512,-14.642940
-5.527126,-1.559297,-14.569505
-5.726618,-1.597924,-14.558427
-5.788888,-1.386311,-14.749409
-5.628849,-1.270059,-14.840697
-5.679671,-1.319959,-14.808858
-5.789073,-1.117860,-15.057857
-5.659964,-1.113436,-15.201915
-5.613412,-1.088726,-15.205598
-5.573417,-1.054609,-14.843278
-5.512118,-0.973860,-14.823744
-5.375565,-1.445284,-14.856691
-5.317009,-1.394312,-14.912645
-5.303842,-1.334912,-15.119864
-5.642890,-1.393860,-15.195328
-5.742637,-1.279151,-15.229231
-5.728487,-1.033152,-15.057954
-5.836234,-1.196042,-14.895803
-5.898839,-1.288056,-14.784616
-5.970717,-1.254728,-14.873432
-5.973758,-1.211251,-14.867974
-5.787118,-1.290058,-15.167303
-5.488879,-1.282012,-14.780428
-5.354138,-1.289232,-14.673112
-5.294732,-1.418177,-14.432111
-5.445211,-1.369995,-14.405207
-5.336399,-1.465939,-14.488132
-5.368754,-1.364353,-14.541456
-5.182077,-1.440856,-14.458752
-5.090922,-1.594603,-14.690821
-5.077505,-1.770942,-14.855430
-5.074639,-1.894324,-14.900539
-5.329471,-1.488590,-15.084227
-5.455303,-1.295119,-15.141139
-5.381900,-1.216595,-14.862854
-5.065311,-1.207212,-14.682404
-5.596999,-1.485423,-14.943636
-5.626116,-1.482182,-14.745895
-5.569014,-1.487499,-14.609831
-5.689931,-1.530689,-14.721421
-5.617074,-1.299801,-14.967457
-5.596082,-1.175382,-15.010404
-5.743290,-0.985654,-15.022346
-5.963347,-1.096128,-15.005832
-6.012313,-0.877301,-15.058876
-6.008881,-0.876089,-15.154969
-5.982931,-0.925719,-15.046745
-5.839668,-1.107027,-14.951408
-5.782251,-1.166570,-14.889535
-5.729954,-1.267941,-14.999314
-5.632370,-1.140818,-15.046427
-5.692088,-1.154495,-15.118199
-5.594087,-0.889030,-15.062388
-5.731424,-0.824674,-15.105517
-5.735540,-0.966071,-15.009160
-5.651423,-0.994604,-15.001735
-5.637414,-0.845519,-14.925148
-5.613813,-0.926349,-14.978012
-5.489251,-0.918053,-14.949712
-5.404457,-1.012649,-14.938073
-5.226842,-1.095825,-14.735269
-5.190658,-1.057106,-14.675941
-5.377426,-1.211246,-14.633240
-5.424543,-1.275684,-14.674213
-5.465969,-1.522020,-14.765867
-5.617472,-1.656062,-14.770332
-5.554748,-1.449189,-14.720755
-5.320400,-1.225042,-14.593115
-5.188510,-1.215647,-14.606291
-5.139796,-1.192393,-14.749496
-5.054465,-1.307983,-14.686506
-5.254379,-1.446904,-14.635267
-5.233200,-1.535921,-14.667855
-5.257929,-1.697015,-14.758705
-5.233270,-1.475312,-14.505404
-5.404993,-1.342572,-14.690166
-5.480266,-1.216275,-14.458546
-5.318086,-1.189889,-14.611562
-5.244989,-1.208321,-14.733351
-5.410213,-1.316242,-14.595205
-5.304286,-0.973034,-14.824255
-5.221417,-0.973074,-14.782471
-5.257330,-1.081418,-14.736753
-5.405873,-1.036690,-14.685714
-5.463677,-0.928067,-14.667452
-5.512115,-0.998560,-14.731001
-5.640138,-1.088938,-14.933529
-5.814497,-1.042247,-14.907000
-5.785543,-1.077205,-15.027618
-5.520139,-0.973839,-15.093908
-5.720826,-1.167164,-15.005164
-5.794580,-1.198200,-15.106884
-5.644094,-0.990912,-15.126784
-5.735217,-1.006639,-15.103442
-5.740175,-1.123512,-15.213399
-5.712584,-1.026746,-15.157715
-5.649199,-0.844578,-15.089943
-5.622066,-1.001174,-15.000947
-5.566116,-1.071490,-14.854677
-5.409061,-0.941860,-14.744195
-5.325319,-0.885076,-14.867847
-5.489456,-0.920499,-14.885107
-5.371957,-0.980163,-15.002913
-5.414778,-0.980694,-15.003132
-5.296423,-1.137541,-14.829399
-5.180518,-1.103408,-14.669793
-4.993904,-0.886091,-14.511049
-5.139496,-0.849558,-14.815310
-5.394425,-0.802417,-15.022324
-5.549538,-0.861025,-15.041303
-5.557061,-0.928226,-15.071936
-5.656078,-1.032575,-15.170364
-5.692730,-0.997427,-15.135756
-5.742670,-0.983151,-15.316188
-5.446542,-0.899815,-15.170847
-5.442925,-0.922831,-15.238851
-5.486680,-0.904568,-14.983019
-5.405979,-1.023636,-14.942803
-5.114986,-1.093652,-14.958086
-5.070050,-0.844443,-15.016040
-5.375692,-1.481165,-15.135498
-5.268941,-0.641839,-15.201842
-5.475532,-0.907006,-15.336136
-5.497462,-0.951565,-15.577015
-5.613481,-1.012886,-15.699786
-5.493811,-1.172653,-15.617792
-5.303261,-1.215079,-15.568729
-5.319776,-1.101376,-15.213246
-5.350973,-0.920276,-14.850983
-5.297149,-0.923294,-14.930585
-5.263565,-0.931685,-14.914870
-5.451210,-1.033360,-15.139235
-5.661275,-0.888331,-15.116606
-5.850034,-0.820812,-15.150569
-5.898779,-0.897235,-15.089188
-5.745971,-0.943607,-15.054521
-5.679211,-1.071211,-14.963165
-5.621043,-0.961736,-14.991320
-5.512792,-0.914764,-14.960500
-5.343251,-1.068955,-14.707800
-5.497420,-1.076271,-14.711716
-5.640622,-1.002153,-14.957429
-5.535036,-0.833586,-14.894496
-5.428440,-0.756883,-14.918396
-5.333997,-0.663089,-15.342136
-5.252421,-0.878835,-15.469217
-5.309670,-0.876638,-15.344378
-5.342697,-0.901727,-15.287306
-5.416202,-0.738284,-15.151313
-5.372591,-0.917638,-14.871802
-5.334509,-0.642349,-14.927730
-5.402834,-0.975235,-14.904754
-5.337215,-0.808284,-14.801100
-5.370674,-0.804785,-14.821269
-5.291171,-1.008844,-14.679350
-5.338126,-1.004879,-14.741930
-5.464513,-1.148845,-14.804883
-5.483163,-0.843143,-14.782256
-5.499690,-0.857715,-14.866304
-5.444897,-1.054801,-15.061597
-5.154134,-0.920778,-15.165528
-5.179650,-0.964075,-15.249673
-5.285012,-0.800911,-15.109216
-5.281864,-0.924105,-15.066335
-5.232955,-1.189522,-14.856714
-5.196664,-1.146236,-14.704788
-5.197971,-1.054727,-14.601489
-5.426956,-1.057845,-14.510158
-5.349290,-1.211526,-14.558041
-5.338848,-1.112183,-14.693908
-5.454365,-0.883727,-15.059353
-5.337388,-0.931718,-14.995982
-5.568796,-0.945352,-14.979322
-5.392334,-0.994677,-14.892641
-5.394870,-1.068360,-14.845366
-5.509660,-1.162511,-15.322989
-5.258078,-1.097329,-15.352554
-5.318047,-1.006424,-15.081652
-5.380273,-1.054329,-14.921932
-5.302415,-1.194988,-14.992709
-5.674043,-1.113087,-15.040670
-5.573537,-1.083461,-14.964276
-5.565761,-1.124046,-14.802613
-5.340012,-1.175026,-14.635616
-5.218290,-1.190932,-14.698868
-5.350626,-1.127000,-14.905950
-5.290106,-1.137782,-15.039730
-5.335336,-1.265630,-14.813493
-5.425845,-1.243178,-14.765695
-5.412574,-1.274088,-14.588066
-5.339087,-1.340261,-14.573446
-5.418604,-1.429627,-14.547033
-5.522387,-1.187791,-14.812275
-5.591450,-1.203481,-15.018542
-5.753525,-1.076348,-15.035936
-5.726229,-0.982849,-14.950621
-5.588007,-0.826316,-14.970745
-5.379611,-0.788908,-14.980382
-5.400078,-0.790537,-15.018245
-5.408834,-0.562893,-15.050077
-5.846672,-0.376060,-14.891406
-5.699707,-0.516140,-15.168141
-5.787269,-0.368869,-15.325126
-5.958045,-0.103342,-15.333896
-5.904355,-0.250036,-15.293925
-5.845398,-0.415094,-15.093529
-5.867299,-0.612481,-14.991374
-5.884689,-0.741045,-14.973657
-5.809376,-0.562706,-15.013128
-5.847373,-0.755658,-15.112679
-5.656625,-0.803322,-14.941988
-5.532022,-0.948306,-14.939781
-5.352459,-0.905422,-14.987310
-5.296016,-1.243640,-14.888659
-5.231703,-1.145716,-14.810658
-5.422213,-1.055401,-14.607653
-5.385694,-1.094841,-14.560629
-5.444426,-1.269867,-14.954473
-5.629810,-0.998133,-14.963740
-5.471342,-1.132189,-14.803158
-5.300118,-1.092907,-14.755606
-5.345113,-0.949728,-14.905017
-5.388496,-0.775413,-15.077223
-5.515717,-0.693663,-14.856373
-5.619898,-0.702468,-14.768077
-5.574500,-0.765975,-14.672522
-5.513374,-0.837334,-14.664618
-5.562970,-0.879972,-14.797502
-5.745695,-0.928952,-14.957298
-5.624906,-1.019975,-15.042234
-5.571449,-0.961838,-14.867911
-5.538766,-0.934434,-14.757950
-5.418139,-1.076070,-15.018384
-5.411376,-1.074033,-14.966826
-5.319767,-1.031451,-14.900061
-5.314896,-1.042850,-14.873536
-5.358459,-1.029706,-14.795243
-5.450825,-1.076636,-14.825834
-5.438049,-1.017727,-14.816741
-5.434487,-0.896639,-14.823125
-5.515990,-1.001365,-14.758166
-5.464619,-1.009020,-14.948198
-5.575433,-0.965196,-15.068232
-5.589018,-1.034506,-15.096674
-5.650604,-1.306111,-15.177789
-5.611138,-1.308033,-15.147389
-5.658116,-0.988470,-15.307817
-5.289874,-0.911599,-15.442478
-5.285840,-0.974313,-15.229259
-5.200644,-1.096364,-14.896899
-5.342772,-1.016377,-14.908371
-5.606283,-1.063506,-15.069553
-5.658434,-1.103087,-14.991786
-5.751860,-0.894708,-15.216212
-5.808533,-1.061211,-15.265280
-5.980164,-1.172291,-15.242962
-5.661304,-0.952796,-15.311410
-5.479009,-0.836732,-15.550631
-5.519350,-0.847615,-15.495968
-5.671167,-1.040608,-15.528309
-5.639291,-1.117089,-15.310797
-5.407591,-1.132825,-15.007816
-5.448331,-1.132350,-15.060352
-5.630418,-0.966070,-15.170501
-5.589391,-0.997761,-15.438536
-5.709361,-0.893603,-15.409215
-5.570345,-0.963393,-15.258392
-5.541556,-1.039694,-15.057763
-5.442435,-0.997525,-15.091047
-5.334056,-1.276435,-15.010067
-5.455029,-1.371174,-14.863391
-5.337798,-1.421016,-14.698240
-4.988719,-1.349418,-14.674058
-5.021370,-1.253970,-14.529605
-5.081653,-1.115453,-14.622552
-5.199248,-1.142046,-15.041713
-5.156036,-1.162835,-14.928509
-5.147312,-1.093874,-14.795092
-5.190707,-1.043884,-14.787607
-5.187096,-1.025749,-14.733220
-4.906137,-0.939087,-15.031442
-4.852608,-0.773286,-14.841286
-4.948918,-0.764450,-14.828226
-5.011259,-0.739491,-14.847649
-4.912519,-0.664410,-14.716945
-4.990417,-0.628108,-14.742589
-5.304506,-0.819267,-14.985973
-5.601177,-1.044544,-15.239868
-5.838939,-0.866818,-15.345198
-5.896558,-1.059981,-15.246193
-5.838326,-1.118131,-15.218080
-5.530200,-0.953305,-15.055017
-5.610373,-0.891690,-15.164669
-5.575846,-0.901592,-15.164067
-5.444397,-1.056671,-15.123192
-5.441595,-1.136603,-15.106151
-5.402218,-0.783895,-14.743562
-5.467229,-0.717177,-14.895391
-5.523182,-0.659386,-14.962711
-5.515531,-0.638954,-15.063196
-5.713185,-0.860331,-15.157633
-5.881537,-0.846767,-15.130562
-5.698616,-0.980907,-15.256680
-5.664500,-1.011165,-15.221474
-5.722922,-0.832490,-15.140727
-5.697239,-0.806548,-15.158506
-5.795102,-0.824382,-15.087543
-5.570863,-0.846960,-15.157578
-5.669032,-0.861946,-15.287319
-5.659050,-0.664578,-15.376587
-5.437020,-0.888525,-15.205524
-5.422373,-0.825872,-15.082318
-5.568139,-0.808594,-15.170720
-5.618788,-0.847468,-14.931705
-5.650536,-0.836157,-14.861251
-5.535898,-0.924315,-15.106735
-5.356829,-0.915236,-15.197386
-5.568735,-1.009671,-14.993246
-5.673424,-0.931417,-14.946495
-5.691775,-0.649644,-14.787850
-5.725002,-0.216172,-14.792423
-5.825712,-0.305784,-14.792012
-5.619658,-0.795083,-14.884509
-5.422293,-0.767102,-14.816076
-5.316430,-1.160452,-14.817054
-5.326443,-1.181699,-14.750463
-5.351040,-1.154978,-14.749296
-5.517068,-1.254197,-15.000436
-5.488774,-1.440935,-14.915517
-5.422478,-1.392718,-14.855884
-5.201072,-1.154747,-14.718613
-5.197776,-1.129752,-14.797239
-5.166161,-1.139032,-14.890571
-5.091964,-1.214733,-14.727617
-4.951641,-1.357497,-14.526507
-4.992605,-1.529911,-14.545234
-5.087413,-1.767542,-14.669164
-5.044668,-1.908027,-14.761873
-5.001082,-1.241837,-14.577341
-5.040717,-1.126788,-14.673368
-5.299366,-1.095274,-14.606541
-5.283545,-1.172543,-14.518006
-5.206286,-1.305486,-14.338592
-5.354261,-1.267985,-14.514577
-5.324086,-1.122396,-14.584583
-5.265106,-1.086483,-14.728361
-5.270197,-0.998267,-14.860716
-5.243850,-0.986815,-14.951692
-5.482660,-0.776339,-15.033981
-5.464214,-1.008873,-15.069027
-5.460437,-1.147659,-15.109135
-5.588912,-1.338573,-15.049112
-5.614764,-1.261655,-14.937654
-5.827789,-1.202893,-14.864857
-5.868115,-1.157727,-14.830107
-5.746601,-1.104692,-14.834264
-5.804069,-1.152726,-15.161903
-5.683012,-1.027934,-15.249507
-5.652719,-0.901300,-15.291954
-5.607694,-0.934050,-15.246089
-5.451269,-0.992088,-15.207105
-5.318555,-1.127422,-14.922830
-5.347729,-1.067362,-15.068502
-5.432485,-1.033552,-14.966268
-5.469248,-1.045352,-14.935533
-5.302971,-0.991786,-14.920676
-5.259215,-0.931235,-14.766642
-5.097865,-0.880682,-14.673662
-5.052732,-0.781261,-14.860782
-5.169636,-0.663286,-15.004941
-5.156381,-0.714861,-14.844080
-5.184451,-0.888607,-14.928165
-5.070071,-0.748647,-15.115896
-5.167770,-0.712654,-15.102454
-5.091560,-0.941222,-14.811003
-5.253810,-0.943056,-14.841582
-5.470699,-0.932201,-15.138088
-5.449391,-1.073921,-15.223708
-5.563609,-1.018510,-15.095796
-5.574770,-0.776299,-15.072519
-5.508604,-0.681256,-15.190151
-5.341671,-0.707128,-15.094178
-5.300498,-0.649027,-15.142423
-5.333193,-0.622297,-15.013675
-5.464306,-0.490409,-14.992945
-5.255731,-0.593533,-15.011706
-5.248505,-0.714351,-15.009592
-5.137128,-0.836408,-14.856458
-5.238874,-0.858879,-15.004088
-5.539400,-0.676321,-15.027071
-5.626525,-0.492171,-15.138806
-5.487360,-0.657279,-15.120982
-5.191159,-0.653284,-15.051646
-5.043827,-0.815184,-14.959600
-5.137451,-0.923345,-14.829034
-5.108380,-0.846694,-14.959588
-5.114305,-0.910865,-14.728005
-5.365724,-1.224949,-14.701244
-5.195659,-1.322032,-14.791554
-5.150805,-1.408910,-14.836479
-5.334611,-1.536593,-14.844468
-5.602980,-1.684578,-14.888687
-5.902560,-1.814791,-14.938678
-5.706323,-1.644170,-14.937482
-5.381107,-1.483708,-14.972425
-5.307124,-1.451116,-14.879538
-5.011181,-1.367348,-14.809224
-5.002065,-1.340518,-14.703355
-5.039003,-1.034688,-14.626537
-5.273766,-1.025959,-14.680664
-5.359628,-1.163874,-14.620169
-5.220611,-0.818804,-14.898662
-5.290115,-0.724530,-14.815129
-5.031229,-0.946559,-14.847550
-5.192027,-1.357836,-14.880135
-5.328427,-1.461502,-14.754362
-5.383011,-1.447198,-14.726647
-5.329271,-1.445014,-14.739821
-5.271067,-1.337760,-14.762880
-5.172435,-1.449424,-14.699675
-5.206959,-0.800076,-15.202208
-5.186716,-0.717303,-15.082964
-5.076264,-0.564411,-15.053334
-5.393771,-0.823549,-14.928299
-5.379162,-0.816292,-15.077108
-5.395126,-0.638373,-15.059783
-5.456327,-0.599808,-15.177094
-5.531504,-0.856326,-15.237017
-5.670069,-0.984101,-15.263207
-5.762103,-1.177235,-14.989853
-5.687002,-1.356948,-14.804618
-6.049198,-1.456116,-15.098029
-5.986094,-1.281336,-15.156577
-5.693414,-1.773026,-15.050281
-5.958208,-1.636608,-15.330923
-6.048707,-1.538913,-15.468013
-6.068767,-1.412886,-15.514149
-6.151820,-1.258425,-15.364514
-6.369352,-1.718456,-15.169246
-6.594556,-1.514581,-15.151254
-6.460471,-1.515674,-15.138088
-6.335065,-1.492950,-15.178019
-6.238464,-1.511917,-15.249710
-6.257155,-1.513939,-15.243920
-6.341893,-1.787822,-15.388074
-6.486911,-1.908233,-15.467022
-6.657933,-2.160650,-15.560404
-6.150421,-2.002399,-15.415890
-6.064936,-2.028738,-15.238139
-6.038579,-2.077582,-15.282202
-6.097228,-1.876202,-15.323738
-6.032992,-1.710797,-15.165856
-6.084784,-1.746707,-15.099744
-6.001955,-2.082113,-15.127242
-6.093917,-2.148160,-15.514967
-6.203227,-2.155724,-15.655869
-6.278437,-2.237631,-15.594359
-6.243299,-2.191298,-15.361461
-6.153080,-2.156123,-15.295979
-6.083311,-2.246775,-15.334944
-5.963985,-2.218086,-15.380318
-5.938084,-1.827832,-15.532998
-5.842237,-1.642904,-15.514915
-6.063076,-1.640232,-15.372501
-6.080524,-1.985812,-15.366137
-6.077695,-1.819364,-15.371119
-6.062862,-2.277666,-15.305917
-6.180085,-2.292023,-15.182648
-6.112836,-2.425475,-15.310045
-6.240160,-2.333282,-15.315321
-6.277897,-2.622526,-15.332082
-6.210956,-2.657656,-15.299388
-6.124363,-2.473666,-15.504407
-6.072567,-2.411442,-15.416222
-6.119229,-2.353026,-15.477745
-6.227731,-2.318738,-15.418356
-6.314538,-2.212229,-15.473169
-6.268357,-2.094478,-15.464201
-6.219572,-2.171773,-15.511343
-6.346745,-2.120253,-15.401262
-6.253846,-2.175619,-15.499576
-6.238151,-2.359331,-15.602393
-6.237521,-2.358201,-15.601585
-6.347662,-2.142800,-15.474732
-6.390469,-2.021467,-15.482289
-6.453942,-1.925467,-15.422248
-6.401517,-1.777826,-15.823169
-6.471859,-1.683948,-15.632482
-6.601851,-1.664562,-15.489718
-6.105785,-1.566188,-15.650136
-5.784457,-1.480276,-15.690611
-5.913504,-1.887744,-15.502890
-5.923586,-1.804946,-15.500858
-5.732492,-1.830827,-15.593633
-5.768868,-1.738787,-15.654723
-5.540086,-1.886505,-15.737947
-5.554012,-2.012419,-15.532981
-5.598030,-2.141070,-15.507630
-5.590581,-1.841979,-15.621091
-5.699543,-1.713378,-15.422973
-5.587938,-1.899619,-15.249534
-5.518574,-2.144655,-15.448206
-5.583591,-2.048223,-15.485438
-5.682605,-2.001791,-15.385079
-5.842664,-1.862292,-15.485757
-6.176518,-1.790334,-15.639607
-6.419024,-1.682649,-15.883252
-6.699491,-1.385562,-16.057188
-6.470907,-1.326178,-16.031141
-6.068559,-1.748304,-15.866211
-5.969412,-1.803996,-15.922074
-5.918375,-1.975375,-15.767334
-6.029283,-1.921496,-15.800921
-5.946397,-1.702927,-16.102245
-6.077491,-1.986462,-16.031706
-6.076125,-1.874470,-15.540023
-6.133296,-1.875636,-15.447259
-6.075121,-2.068169,-15.376419
-5.913108,-1.731420,-15.235122
-5.938938,-1.599416,-15.252029
-5.860615,-1.452849,-15.287807
-6.080813,-1.342066,-15.521819
-6.055116,-1.784921,-15.699083
-6.122948,-2.170618,-15.590208
-6.051114,-2.404475,-15.704066
-5.960500,-2.373099,-15.675739
-6.135932,-2.225073,-15.577168
-6.088964,-2.607999,-15.648083
-6.138972,-2.623409,-15.741315
-6.135801,-2.322627,-15.805594
-5.932044,-2.148084,-15.810542
-5.993038,-1.887876,-15.758168
-6.121391,-1.869396,-15.862449
-6.315207,-1.802328,-15.962773
-6.194483,-1.739869,-15.825962
-6.129606,-1.816960,-15.775235
-6.073202,-1.954861,-15.890051
-6.181941,-1.963789,-15.979402
-6.268615,-2.050758,-16.024685
-6.429493,-1.998262,-16.026842
-6.136483,-2.215305,-16.005037
-6.121860,-2.294903,-15.907792
-6.177547,-2.497171,-15.869928
-6.203298,-2.579992,-15.823494
-6.161595,-2.711767,-15.793944
-6.083656,-2.271014,-15.816256
-6.109333,-2.203363,-15.659539
-5.908602,-2.039372,-15.746040
-5.887056,-1.869144,-15.694334
-6.046233,-2.039377,-15.709374
-6.062717,-2.141316,-15.690997
-5.846726,-2.149839,-15.673454
-5.840161,-2.199021,-15.607573
-6.018247,-2.137322,-15.743631
-6.007307,-1.855950,-15.815011
-5.934807,-1.883471,-15.798670
-6.118728,-1.943099,-15.480801
-6.286109,-1.869256,-15.363066
-6.312683,-1.699365,-15.219664
-6.270089,-1.708027,-15.083232
-6.295274,-1.669477,-15.159819
-6.301048,-1.651067,-15.364229
-6.325950,-1.547593,-15.412560
-6.401906,-1.466938,-15.241360
-6.345607,-1.538724,-15.206837
-6.383618,-1.641008,-15.288064
-6.205488,-1.604848,-15.179757
-6.014487,-1.683004,-15.185724
-6.033745,-1.803604,-15.355158
-6.084479,-1.752497,-15.431293
-6.052960,-1.718275,-15.201607
-5.620172,-1.750843,-14.943396
-5.686671,-1.983658,-14.945893
-5.721047,-2.035283,-15.044714
-5.731876,-1.875807,-15.153516
-5.968448,-1.984751,-15.277783
-5.959615,-2.116830,-15.367566
-5.978756,-2.215466,-15.270473
-5.975594,-2.199521,-15.218242
-5.896497,-2.091375,-15.155699
-5.798967,-2.064976,-15.190660
-5.832470,-1.937639,-15.109795
-5.807988,-1.971320,-15.111567
-5.669454,-1.903828,-15.122573
-5.612288,-1.909897,-15.073672
-5.694365,-1.839310,-14.998604
-5.945006,-2.145699,-15.048891
-5.862017,-2.010204,-15.167752
-5.941426,-1.962223,-15.221054
-6.083868,-2.150003,-15.291709
-6.172491,-2.321915,-15.373525
-5.594799,-1.701919,-14.899105
-5.386669,-1.536329,-14.762166
-5.264710,-1.440701,-14.574426
-5.461921,-1.540228,-14.541273
-4.804234,-1.386649,-14.472918
-4.754449,-1.393793,-14.608442
-4.793208,-1.159791,-14.620289
-5.101972,-1.301618,-14.437307
-5.138445,-1.198005,-14.470655
-5.289144,-1.094464,-14.332137
-5.349000,-1.099444,-14.542538
-5.429860,-0.849334,-14.939784
-5.420037,-0.626982,-15.108243
-5.401866,-0.874278,-15.191149
-5.293314,-1.036997,-15.138368
-5.246350,-1.014040,-15.215247
-5.135090,-0.894681,-15.061207
-5.217310,-0.799278,-15.016047
-5.344147,-0.865883,-14.880460
-5.311649,-0.806440,-14.983930
-5.549752,-0.896219,-15.033822
-5.667231,-0.993412,-15.213491
-5.684493,-0.916974,-15.336004
-5.637589,-1.292231,-15.117759
-5.384425,-1.621152,-14.826440
-5.200359,-1.738243,-14.835529
-5.400144,-1.621039,-14.859535
-5.423609,-1.710720,-14.879603
-5.570973,-1.665148,-14.974550
-5.535764,-1.549658,-14.783478
-5.374574,-1.108209,-15.066712
-5.298477,-0.955589,-15.214692
-5.204851,-1.001860,-15.109125
-5.297739,-0.997241,-15.097233
-5.356789,-1.063104,-14.878511
-5.388298,-1.020627,-15.139838
-5.337010,-0.947725,-15.267467
-5.440006,-1.035457,-15.279009
-5.410305,-0.814201,-15.140744
-5.241348,-0.393571,-15.082689
-5.150078,-0.373700,-14.841868
-5.089844,-0.419903,-14.816280
-5.503425,-0.560465,-15.045789
-5.867855,-0.741336,-15.036414
-6.138874,-0.820844,-15.015178
-6.375215,-0.667651,-15.062390
-6.225883,-0.807999,-14.996986
-6.123498,-0.927639,-15.089164
-5.509176,-1.006095,-15.056375
-5.278929,-1.038547,-15.100373
-5.349346,-0.865046,-14.993877
-5.431206,-0.921930,-15.099793
-5.371787,-0.686100,-15.152184
-5.214298,-0.750404,-14.953141
-5.216284,-0.803763,-14.997073
-4.859640,-0.950719,-14.782240
-5.186795,-0.803034,-14.996356
-5.132181,-0.745921,-15.199722
-5.238023,-0.964435,-15.205629
