-6.559292,-0.986524,-14.901794
-6.538858,-1.118952,-14.906313
-6.464804,-1.106886,-14.866320
-6.391525,-0.929219,-14.894050
-6.582361,-0.932646,-14.794685
-6.428230,-0.974569,-14.911083
-6.371480,-0.969613,-15.044456
-6.484804,-0.865501,-15.049858
-6.509151,-0.780192,-15.038656
-6.571962,-0.822360,-15.108131
-6.541662,-0.893641,-15.172279
-6.431745,-0.987565,-15.026508
-6.410346,-1.191048,-14.806396
-6.390844,-1.114205,-14.845483
-6.452860,-1.093513,-14.927416
-6.652291,-0.975183,-14.867311
-6.520174,-1.066419,-14.899994
-6.517262,-1.027612,-15.026089
-6.439122,-1.017390,-15.024725
-6.623807,-0.873637,-14.945915
-6.601014,-0.909141,-14.853160
-6.686240,-0.832069,-14.956679
-6.673376,-0.835908,-14.694862
-6.585369,-0.782862,-14.373899
-6.453045,-0.795656,-14.426323
-6.394989,-1.068109,-14.631085
-6.360247,-1.181880,-14.791851
-6.579537,-1.192908,-14.795249
-6.657917,-1.226878,-14.808418
-6.680114,-1.094504,-14.710774
-6.613110,-0.974278,-14.798223
-6.717382,-1.031304,-14.800564
-6.606405,-0.859062,-15.068438
-6.506114,-0.860268,-15.043230
-6.636478,-0.727048,-15.039288
-6.711470,-0.880314,-15.030518
-6.739222,-0.814704,-15.029074
-6.562160,-0.695804,-15.039329
-6.723298,-0.846345,-14.648666
-6.798581,-0.919758,-14.810634
-6.655099,-0.887406,-14.836859
-6.596626,-1.008406,-14.813498
-6.724637,-1.011733,-15.077453
-6.710043,-1.045616,-15.104606
-6.613658,-1.194459,-14.830897
-6.465084,-1.122694,-14.921399
-6.686172,-1.056573,-14.883890
-6.688986,-1.174123,-14.890835
-6.601771,-1.219199,-14.945722
-6.592339,-1.255151,-14.884844
-6.660181,-1.288210,-14.925410
-6.602455,-1.240881,-14.915937
-6.420861,-1.044928,-14.691487
-6.480350,-0.931226,-14.834208
-6.472111,-0.938155,-15.052874
-6.531633,-0.767435,-14.898584
-6.354550,-0.762792,-14.809925
-6.322463,-0.783850,-14.889668
-6.386190,-0.988830,-14.919662
-6.469870,-0.990289,-14.909458
-6.531937,-0.672269,-14.845263
-6.466809,-0.840793,-15.087643
-6.351089,-0.860275,-15.065658
-6.487213,-0.774113,-14.932530
-6.391518,-0.721133,-14.960982
-6.399102,-0.678945,-14.975006
-6.495748,-0.749244,-14.957775
-6.646818,-0.545986,-15.169058
-6.577384,-0.609306,-15.212435
-6.435086,-0.858328,-15.098058
-6.684125,-0.937289,-14.995105
-6.549938,-1.191616,-15.058629
-6.540459,-1.150208,-15.022614
-6.463067,-1.149239,-14.819388
-6.349885,-1.263839,-14.763532
-6.430839,-1.127600,-14.734016
-6.616952,-1.102259,-14.946319
-6.692238,-0.911805,-15.095587
-6.609941,-0.942992,-14.843061
-6.636774,-0.831815,-14.753435
-6.306780,-0.901264,-14.840484
-6.401747,-1.002906,-14.664228
-6.461734,-1.114704,-14.706938
-6.456266,-1.004842,-14.837259
-6.468446,-1.120982,-15.101360
-6.569310,-1.121016,-14.751630
-6.517875,-1.021368,-15.048035
-6.464561,-1.079311,-15.086822
-6.477144,-1.107495,-15.011386
-6.470401,-1.046549,-14.899535
-6.443877,-1.047747,-14.835778
-6.475411,-1.051752,-14.784825
-6.512529,-1.012635,-14.912299
-6.651007,-1.127687,-14.660517
-6.536460,-1.030337,-14.795796
-6.448675,-0.963642,-14.736902
-6.450428,-1.051678,-14.739418
-6.539671,-1.029729,-14.757423
-6.511172,-1.100781,-14.801455
-6.390442,-1.024581,-14.701899
-6.480764,-0.976165,-14.707805
-6.598561,-1.041007,-14.729623
-6.511803,-0.962318,-14.894560
-6.557896,-0.938171,-14.911681
-6.505564,-0.972918,-14.900426
-6.544747,-0.795741,-14.915461
-6.585208,-1.068259,-15.008697
-6.523618,-1.221547,-15.017109
-6.562080,-1.101845,-14.909593
-6.473417,-1.040392,-14.858012
-6.705379,-0.853973,-15.019345
-6.642323,-0.942181,-15.120845
-6.542074,-0.853450,-15.000362
-6.676203,-0.909166,-14.901453
-6.752752,-1.072115,-15.040005
-6.646720,-0.907217,-15.094790
-6.658257,-0.820272,-15.020697
-6.574986,-0.886171,-14.787571
-6.415279,-0.957931,-14.784064
-6.318006,-0.966817,-14.751935
-6.393522,-1.031199,-14.746518
-6.404676,-1.096541,-14.541834
-6.456367,-1.277094,-14.517760
-6.623431,-1.124298,-14.868814
-6.474912,-1.129076,-15.130287
-6.400547,-1.029365,-15.350053
-6.419649,-1.015949,-15.152355
-6.434335,-1.079146,-15.164049
-6.420164,-0.925385,-14.926891
-6.355952,-0.984905,-14.976956
-6.437535,-0.987583,-15.039970
-6.568964,-1.100937,-14.816401
-6.903439,-1.045642,-14.960374
-6.840014,-0.862585,-14.904254
-6.828971,-1.038913,-15.076670
-6.777423,-1.079543,-15.181035
-6.608658,-1.081109,-14.915962
-6.549167,-0.809572,-14.840781
-6.457307,-0.949105,-14.818057
-6.408919,-1.010344,-14.784185
-6.361892,-1.114128,-14.745864
-6.355463,-1.112084,-14.764301
-6.369609,-1.245016,-14.991827
-6.327122,-1.256176,-15.018171
-6.212124,-1.128290,-14.825532
-6.078805,-1.203559,-14.688936
-6.130257,-1.262129,-14.729821
-6.250065,-1.168929,-14.693013
-6.466329,-1.222380,-14.792998
-6.290882,-1.199547,-14.740249
-6.307736,-1.227946,-14.426424
-6.322904,-1.247552,-14.479158
-6.305236,-1.327525,-14.818899
-6.177101,-1.375083,-14.942259
-6.351060,-1.367936,-14.863365
-6.472085,-1.085561,-15.077151
-6.464256,-1.052103,-14.924196
-6.365258,-0.921620,-14.819551
-6.177949,-0.834707,-14.928606
-5.940064,-0.904893,-14.742826
-6.075431,-1.032561,-14.791355
-6.098382,-0.984380,-14.670238
-6.186134,-0.963376,-14.746921
-6.153398,-0.903476,-14.700566
-6.132682,-0.929352,-14.702377
-6.088739,-0.907864,-14.770287
-6.008509,-1.213452,-14.510956
-6.070139,-1.170129,-14.460678
-6.136701,-1.208714,-14.523359
-6.282291,-1.406007,-14.687403
-6.387837,-0.743262,-14.951626
-6.262049,-1.005736,-14.943944
-6.415701,-1.024220,-14.871255
-6.473349,-0.953968,-14.772738
-6.482497,-0.807535,-14.701732
-6.412771,-0.738301,-14.950410
-6.453487,-0.859844,-14.900196
-6.467903,-1.041289,-14.935834
-6.386147,-1.163110,-14.854947
-6.390154,-1.163293,-14.662940
-6.440683,-0.862086,-14.796798
-6.309949,-1.030616,-14.790733
-6.205256,-1.206759,-14.625896
-6.206920,-1.093291,-14.805259
-6.213614,-0.963560,-14.833710
-6.333179,-1.018241,-14.973167
-6.480802,-1.075751,-15.128345
-6.518247,-1.053047,-15.141497
-6.391282,-1.009413,-15.077898
-6.279416,-0.875650,-14.928330
-6.215217,-0.926695,-14.791766
-6.295639,-1.060499,-14.696175
-6.443150,-1.007190,-15.217847
-6.239357,-0.984407,-14.951006
-6.182949,-1.033634,-14.670869
-6.288967,-1.103617,-14.764881
-6.319085,-0.977977,-14.807790
-6.389992,-1.004057,-14.835144
-6.371375,-1.038862,-14.877356
-6.396696,-1.051364,-14.893655
-6.355856,-0.909653,-14.854457
-6.285452,-0.776855,-14.985354
-6.262392,-0.763677,-15.021451
-6.240863,-0.979323,-14.999085
-6.104956,-1.150432,-14.859560
-6.081867,-1.088934,-14.835760
-6.190497,-0.914575,-14.931191
-6.147160,-1.061949,-15.096652
-6.344254,-1.154553,-14.979487
-6.343181,-1.204669,-14.955057
-6.502624,-0.965631,-15.021596
-6.310342,-1.029350,-14.965081
-6.312613,-0.994399,-14.943856
-6.343350,-0.816180,-15.048126
-6.137573,-0.919172,-15.062322
-6.183427,-0.748061,-14.855872
-6.232289,-0.992342,-14.935945
-6.016004,-1.059247,-14.838831
-5.981862,-1.203878,-14.815557
-5.914456,-1.227564,-14.804090
-5.847532,-1.466040,-14.720959
-5.724305,-1.727140,-14.629306
-5.970729,-1.730111,-14.685151
-5.884163,-1.704232,-14.634639
-5.848172,-1.772427,-14.470858
-5.701416,-1.884544,-14.697144
-5.805791,-1.861720,-14.874449
-5.852234,-1.648461,-15.071656
-5.986704,-1.527943,-15.030487
-5.963735,-1.186652,-14.956451
-6.023314,-1.050137,-14.778347
-6.000915,-0.952385,-14.754856
-6.049417,-0.895728,-14.994668
-6.097682,-0.915304,-15.099669
-6.054728,-1.001028,-15.015339
-6.184642,-1.186487,-15.055330
-6.262377,-1.202289,-15.093332
-6.173081,-1.150691,-15.087581
-6.234029,-0.995969,-15.206666
-6.352216,-0.856436,-15.184853
-6.143828,-0.876296,-14.929564
-6.110390,-0.789327,-14.743353
-5.897334,-0.819777,-14.594642
-5.919785,-1.221433,-14.437410
-6.066345,-1.157835,-14.383298
-5.658250,-1.068481,-14.601629
-5.567707,-0.908477,-14.585011
-5.569011,-0.945294,-14.545480
-5.647333,-0.804530,-14.749320
-5.766558,-0.730662,-14.818630
-6.041813,-0.893352,-14.881956
-6.040545,-0.909546,-14.855310
-6.014627,-1.149561,-14.848494
-5.974268,-1.158900,-14.734257
-5.964079,-1.076397,-14.713630
-5.881893,-1.047699,-14.776888
-5.843443,-1.029707,-14.824660
-5.931145,-1.327034,-14.750749
-5.960393,-1.407499,-14.807141
-6.135429,-1.315234,-14.951062
-6.210621,-1.236765,-15.001859
-6.267668,-1.443537,-14.950028
-6.004038,-1.306411,-14.806552
-6.016934,-1.044353,-14.961892
-6.116226,-0.963277,-15.056475
-6.006083,-0.865836,-15.254379
-6.131535,-0.699374,-15.105487
-6.154193,-0.787156,-15.076882
-5.878063,-0.886757,-15.117485
-6.072398,-0.775262,-15.144160
-5.988651,-0.689992,-15.112559
-5.879442,-0.723941,-15.006136
-5.715348,-0.604287,-14.845577
-5.809310,-0.712421,-15.016543
-6.061417,-1.170042,-15.362249
-5.976075,-1.200682,-15.225886
-5.916459,-1.120361,-14.957122
-6.049805,-1.155177,-14.860929
-5.674097,-0.983335,-14.877835
-5.660108,-1.058803,-14.847822
-5.764476,-1.027029,-14.919491
-5.821408,-0.926031,-15.015535
-5.850827,-1.104920,-14.914804
-5.848287,-1.126899,-14.796769
-5.921701,-1.163777,-14.827429
-5.847350,-1.140713,-14.975336
-5.666250,-0.977675,-15.334055
-5.755974,-0.960621,-15.253676
-5.814773,-0.873007,-14.892668
-5.726795,-0.789013,-14.829594
-5.752811,-0.816029,-14.796045
-5.725636,-0.974226,-14.727239
-5.723531,-1.229931,-14.893508
-5.825544,-1.228988,-14.984096
-5.995567,-1.479386,-15.085314
-5.871811,-1.753904,-14.926416
-5.830547,-1.673604,-14.935874
-5.643339,-1.141894,-14.982648
-5.319347,-1.012657,-15.087974
-5.990173,-1.073164,-15.068426
-5.657959,-0.820301,-15.062891
-5.583002,-0.927238,-14.826039
-5.481616,-0.850982,-14.781701
-5.628819,-0.993731,-14.986845
-5.759504,-0.991866,-14.944302
-5.697038,-0.865571,-14.927519
-5.832621,-1.026871,-14.949352
-5.947591,-1.029328,-14.943948
-5.847961,-1.189120,-14.934672
-5.640658,-1.015138,-14.742391
-5.466459,-1.181619,-14.759074
-5.440612,-1.143816,-14.617737
-5.494073,-1.283512,-14.691736
-5.568975,-1.340794,-14.611157
-5.602612,-1.191509,-14.942435
-5.731202,-1.171542,-15.158806
-5.617226,-1.065096,-15.067394
-5.654936,-0.843513,-14.936077
-5.682267,-0.936378,-14.904622
-5.596656,-0.961059,-14.729687
-5.566919,-0.967222,-14.697232
-5.463542,-1.083943,-14.592203
-5.552023,-0.966753,-14.858138
-5.470490,-1.013349,-14.808475
-5.321375,-0.979418,-14.619568
-5.392502,-1.143106,-14.634674
-5.278524,-1.018902,-14.621365
-5.202691,-1.253786,-14.744239
-5.446768,-1.085713,-14.737782
-5.497857,-1.543840,-14.730034
-5.443724,-1.213062,-14.924434
-5.394609,-0.984268,-14.917996
-5.438118,-1.178323,-15.174687
-5.642962,-1.022291,-15.136833
-5.829283,-1.064266,-15.231780
-5.696068,-0.934781,-15.090158
-5.705619,-0.775685,-15.071677
-5.691166,-0.785768,-15.244624
-5.533363,-1.027517,-15.066413
-5.647487,-0.992292,-14.998471
-5.664135,-1.079159,-14.959935
-5.589526,-0.792968,-15.139277
-5.601877,-0.872951,-15.059912
-5.577015,-0.916239,-15.048682
-5.602801,-1.075920,-15.057979
-5.708385,-1.197901,-14.894781
-5.900751,-1.434593,-15.005973
-5.913691,-1.390237,-14.964152
-5.517123,-1.160574,-14.823379
-5.453007,-1.227054,-14.962283
-5.551720,-1.022567,-14.846052
-5.535674,-0.893768,-14.838040
-5.507428,-0.678236,-14.883301
-5.506976,-0.602112,-14.945575
-5.626294,-0.651231,-15.009447
-5.647659,-0.740282,-14.848012
-5.733129,-0.656061,-14.880294
-5.604108,-0.857717,-15.026430
-5.596038,-1.067646,-14.964927
-5.518855,-0.925075,-15.049507
-5.552134,-0.841356,-15.055979
-5.623120,-0.943787,-15.083525
-5.717609,-1.093968,-14.859564
-5.717371,-1.134216,-14.963926
-5.660745,-1.058025,-15.013486
-5.529912,-0.778156,-15.063293
-5.629444,-0.865991,-15.002951
-5.636930,-0.905398,-14.979446
-5.500469,-0.879788,-15.041530
-5.626125,-0.733218,-14.832533
-5.854257,-0.826767,-14.706549
-5.805848,-0.610957,-14.738768
-5.769293,-0.590080,-14.740129
-5.673574,-0.581041,-14.800508
-5.552389,-0.814098,-14.749181
-5.327130,-0.934498,-14.658145
-5.411904,-0.912708,-14.734226
-5.539668,-0.786041,-14.894970
-5.304223,-0.740143,-14.835317
-5.250893,-0.934441,-14.878381
-5.269422,-1.046963,-14.877655
-5.189784,-1.019146,-14.842407
-5.565452,-0.793410,-14.900337
-5.776614,-0.662046,-14.957018
-5.526291,-0.709457,-14.948685
-5.497156,-0.585171,-14.868856
-5.544128,-0.630578,-14.832745
-5.500019,-0.744646,-14.898803
-5.553859,-0.933189,-14.776842
-5.613370,-0.821469,-14.805163
-5.660231,-0.914581,-14.853677
-5.598809,-1.123452,-14.844462
-5.572881,-1.054422,-14.816596
-5.441792,-0.712374,-14.720853
-5.506913,-0.682237,-14.721210
-5.683464,-0.841083,-14.851192
-5.765304,-0.929630,-14.945754
-5.659949,-0.754767,-14.859983
-5.754134,-0.898076,-15.030766
-6.006523,-1.072614,-15.263103
-6.120380,-1.176099,-15.367381
-5.626871,-0.836667,-14.932285
-5.585709,-0.904711,-14.956756
-5.560507,-0.832486,-15.015039
-5.454754,-0.796345,-14.958694
-5.452404,-0.899738,-14.734669
-5.453741,-0.898064,-14.869175
-5.459422,-0.853081,-14.953046
-5.314405,-0.871011,-14.910848
-5.306015,-1.005943,-14.942506
-5.255351,-1.281174,-14.778121
-5.274303,-1.004326,-14.874910
-5.427671,-0.911166,-15.008924
-5.456312,-0.788204,-15.038480
-5.530896,-1.005936,-14.912257
-5.669236,-1.062394,-14.936550
-5.627193,-1.085758,-15.019279
-5.300242,-0.999057,-14.815117
-5.185301,-0.903088,-14.804184
-5.324187,-0.862166,-14.723460
-5.566017,-0.941740,-14.825815
-5.788183,-1.153275,-14.976262
-5.754063,-1.272713,-14.945285
-5.637895,-1.223766,-14.642292
-5.706482,-1.312764,-14.708582
-5.681740,-1.384908,-14.845215
-5.481091,-1.037403,-14.966519
-5.340973,-0.988915,-14.899488
-5.532056,-1.146418,-15.008535
-5.455548,-1.127100,-14.938858
-5.195616,-1.103409,-15.023222
-5.238728,-1.052930,-15.114796
-5.309570,-0.895398,-14.975307
-5.343093,-0.811879,-14.955291
-5.308753,-0.945134,-14.797889
-5.384917,-1.082791,-14.923183
-5.299932,-1.413886,-14.718303
-5.303407,-1.456259,-14.601029
-5.361636,-1.359990,-14.644243
-5.445034,-1.262406,-14.672314
-5.517663,-1.246602,-14.697323
-5.420547,-1.114031,-14.686152
-5.544709,-1.033735,-14.643951
-5.683922,-1.010794,-14.779211
-5.707217,-1.157410,-14.893709
-5.789735,-1.197816,-15.064490
-5.688878,-1.148199,-14.855725
-5.659924,-1.355173,-14.888531
-5.649951,-1.171119,-14.825511
-5.494659,-0.975091,-14.733252
-5.344610,-0.861340,-14.783051
-5.251885,-0.903010,-14.806523
-5.229523,-1.049018,-14.990791
-5.217758,-1.175041,-15.057347
-5.300285,-1.150547,-15.041625
-5.320431,-1.093686,-14.955006
-5.293942,-1.135483,-14.992056
-5.316611,-1.188142,-14.996503
-5.419078,-1.287062,-14.932216
-5.486518,-1.248545,-14.854738
-5.587290,-1.136943,-14.980813
-5.492412,-1.007795,-14.992079
-5.364660,-1.020746,-14.900208
-5.361451,-0.998202,-14.830276
-5.493259,-0.952181,-14.904634
-5.404924,-1.292039,-14.840671
-5.480621,-1.265192,-14.820056
-5.640244,-1.238337,-14.950692
-5.604258,-1.117340,-15.008608
-5.603086,-1.158337,-14.869641
-5.758148,-0.968125,-14.859687
-5.797501,-0.970281,-15.060271
-5.922314,-0.996018,-15.133543
-5.754045,-1.057743,-15.156288
-5.632982,-1.225200,-15.040322
-5.591586,-1.207010,-14.925979
-5.723250,-1.271195,-14.944349
-5.633566,-0.988191,-14.977299
-5.501128,-0.925539,-14.866410
-5.452985,-0.715419,-15.002172
-5.342714,-0.826322,-14.777035
-5.298326,-1.001419,-14.661163
-5.185163,-1.279417,-14.768768
-5.091754,-1.397542,-14.587623
-5.359004,-1.241939,-14.738246
-5.415277,-1.243012,-14.712742
-5.671671,-1.046351,-14.973749
-5.657494,-1.075346,-15.154983
-5.706116,-1.090443,-15.092473
-5.557925,-1.131751,-15.046984
-5.449174,-1.150164,-14.911210
-5.490711,-1.229041,-14.970910
-5.479425,-1.203323,-14.956604
-5.464017,-1.173190,-15.031548
-5.503145,-0.991746,-14.915551
-5.563834,-0.999435,-14.825864
-5.452480,-1.099771,-15.017920
-5.323026,-1.039327,-14.891150
-5.395960,-0.892486,-14.828854
-5.338952,-0.929702,-14.799540
-5.407115,-0.873754,-14.799609
-5.422867,-0.886235,-14.774432
-5.381566,-0.920134,-14.862755
-5.333784,-0.986230,-14.927385
-5.386693,-0.970019,-14.942188
-5.388634,-0.759077,-14.937895
-5.463696,-0.835807,-14.924159
-5.510703,-0.864818,-14.889941
-5.582216,-0.984866,-14.833487
-5.508744,-1.257292,-14.930503
-5.634837,-1.287511,-14.947694
-5.550957,-1.238764,-15.077137
-5.676288,-1.153326,-15.103143
-5.787421,-0.955599,-15.127844
-5.742410,-0.936752,-15.118665
-5.572562,-0.742208,-15.006856
-5.260286,-0.889870,-15.211162
-5.264762,-0.885128,-15.128091
-5.450822,-0.870845,-14.878923
-5.497742,-0.963080,-15.008119
-5.582358,-0.879014,-14.929988
-5.566303,-0.867796,-14.943856
-5.575556,-1.015996,-14.945968
-5.391154,-0.911117,-15.063125
-5.416055,-0.743968,-14.784114
-5.399190,-0.906505,-14.708459
-5.220993,-0.993312,-14.672938
-5.134415,-0.916223,-14.692649
-5.102838,-0.918380,-14.679075
-5.105889,-0.890477,-14.754857
-5.067379,-0.955201,-14.782738
-5.289037,-0.881128,-14.935760
-5.303982,-0.817650,-14.901381
-5.366797,-0.774046,-14.906982
-5.311227,-0.835952,-14.967691
-5.484555,-0.664040,-15.027613
-5.529785,-0.656824,-15.008071
-5.460533,-0.766140,-14.887544
-5.458886,-1.093469,-14.735151
-5.476418,-1.099407,-14.643891
-5.448405,-0.962637,-14.896297
-5.417973,-0.942447,-14.909771
-5.546854,-0.857690,-15.123370
-5.523523,-0.816771,-15.137695
-5.669109,-0.745602,-15.036669
-5.777249,-0.695359,-15.135667
-5.601291,-0.744003,-15.198662
-5.599097,-0.807694,-15.286837
-5.586567,-1.091772,-15.025978
-5.514048,-0.933386,-15.040208
-5.509130,-0.879717,-15.144139
-5.597860,-0.929152,-15.062963
-5.616796,-1.224687,-15.040214
-5.478212,-1.189101,-14.761644
-5.430162,-1.176578,-14.825930
-5.226415,-0.936088,-14.718167
-5.340209,-1.023557,-14.631638
-5.294743,-1.230901,-14.685004
-5.359594,-1.226128,-14.695463
-5.201807,-1.085697,-14.748206
-5.267681,-1.078047,-14.752197
-5.064642,-1.240997,-15.034781
-5.092479,-1.253851,-15.171090
-5.411614,-1.181854,-15.018157
-5.557613,-0.961311,-15.019906
-5.543309,-0.987845,-14.992563
-5.376128,-1.048433,-14.967723
-5.295154,-0.921966,-14.925888
-5.196113,-0.838722,-14.933328
-5.229645,-0.887419,-14.728687
-5.149048,-1.021257,-14.733549
-5.318871,-1.117228,-14.806714
-5.530347,-1.174047,-14.927412
-5.378808,-0.877313,-15.050077
-5.247221,-1.013493,-15.012681
-5.134754,-1.179574,-15.002272
-5.210292,-1.230480,-14.754546
-5.234861,-1.415148,-14.875880
-5.313553,-1.380000,-15.028869
-5.278831,-1.389426,-14.976845
-5.368253,-1.322420,-14.958936
-5.234643,-1.402909,-14.824612
-5.192037,-1.400219,-14.695448
-5.307623,-1.312894,-14.672449
-5.082776,-0.993678,-14.794989
-5.121428,-0.961844,-14.837892
-5.286365,-1.067632,-14.971206
-5.325645,-0.877351,-14.997583
-5.371375,-0.605001,-14.829414
-5.375718,-0.700934,-14.882719
-5.434498,-0.854384,-14.955518
-5.253255,-0.818414,-14.907606
-5.243201,-0.872683,-14.907301
-5.194210,-0.896397,-15.036275
-5.097402,-1.005784,-14.808296
-5.242727,-1.015564,-14.771205
-5.371785,-1.215462,-14.808054
-5.476281,-1.128788,-14.936227
-5.522058,-1.126307,-14.864453
-5.566610,-1.027294,-14.943357
-5.541247,-1.195704,-14.857203
-5.514757,-1.255592,-14.866684
-5.597197,-1.272975,-14.957522
-5.587067,-1.127489,-15.086301
-5.425608,-0.882155,-15.243877
-5.675383,-0.772750,-15.197223
-5.529925,-0.707737,-15.068157
-5.518366,-0.731507,-15.148994
-5.323216,-1.042835,-14.913799
-5.172752,-1.111611,-15.123199
-5.357174,-0.804750,-14.985702
-5.407832,-0.900386,-14.932659
-5.564344,-1.123613,-14.876395
-5.406764,-1.202113,-14.928813
-5.348577,-1.281764,-14.832429
-5.193738,-1.086227,-14.878031
-5.263024,-0.935564,-14.850965
-5.360235,-0.849259,-14.790266
-5.577835,-0.823855,-14.905144
-5.676050,-0.877681,-14.854630
-5.332943,-0.954225,-14.839709
-5.332643,-0.867811,-14.798605
-5.274496,-0.844997,-14.840993
-5.293178,-0.948448,-14.818378
-5.206787,-0.976326,-14.856343
-5.208250,-1.062205,-14.846843
-5.511285,-1.064381,-14.899202
-5.557705,-1.090082,-15.027910
-5.261731,-1.115586,-15.153143
-5.375952,-1.218169,-15.101238
-5.445462,-1.215598,-15.249321
-5.458585,-1.447155,-15.101441
-5.330291,-1.162909,-14.803555
-5.166489,-0.981396,-14.546576
-5.214607,-0.958456,-14.633267
-5.177387,-1.067330,-14.728370
-5.055964,-1.180728,-14.747214
-5.466625,-0.968948,-14.812692
-5.903680,-0.712601,-15.096553
-5.826892,-1.013025,-14.808532
-5.584769,-1.299925,-14.682167
-5.502861,-1.329237,-14.678127
-5.349385,-1.167663,-14.555537
-5.227404,-1.135536,-14.541074
-5.185653,-0.927915,-14.691745
-5.028702,-0.979850,-14.715650
-5.196844,-1.234700,-14.766508
-5.583057,-1.274328,-14.790114
-5.741370,-1.275978,-14.793839
-5.615313,-1.133539,-14.913336
-5.290409,-1.094025,-14.754975
-5.276610,-1.098894,-14.625464
-5.249350,-1.242527,-14.741191
-5.304314,-0.950212,-15.081028
-5.232902,-0.858394,-15.101692
-5.306521,-0.902745,-14.957807
-5.319502,-0.948025,-14.855194
-5.316010,-0.807610,-15.013701
-5.227891,-0.775670,-15.129335
-5.284374,-0.894610,-14.920754
-5.297853,-0.924605,-14.908599
-5.161525,-1.183404,-14.752398
-5.250779,-1.059599,-14.787598
-5.170217,-0.985284,-14.802720
-5.181386,-1.162724,-14.706167
-5.358871,-1.223077,-14.905939
-5.216966,-1.097764,-14.867627
-5.246290,-1.176488,-14.927304
-5.197207,-1.082494,-14.809563
-5.165984,-1.010357,-14.658218
-5.160249,-0.979950,-14.659211
-5.174417,-0.927916,-14.870151
-5.162034,-0.988662,-14.814393
-5.151783,-0.860582,-14.776060
-5.267699,-0.874914,-15.005604
-5.546731,-0.770913,-15.365408
-5.541878,-0.603916,-15.114839
-5.659062,-0.478399,-15.183846
-5.466131,-0.923859,-15.406266
-5.536003,-0.869149,-15.125586
-5.527102,-0.848723,-15.060996
-5.640100,-0.851282,-15.175294
-5.430014,-0.873980,-15.098722
-5.375211,-0.883809,-14.783937
-5.297228,-0.862919,-14.891015
-5.359428,-0.795144,-14.901105
-5.257769,-1.014375,-14.945718
-5.241771,-0.775031,-14.883196
-5.302228,-0.848033,-14.888380
-5.397923,-1.048570,-15.117787
-5.314365,-1.125215,-15.281867
-5.418190,-1.112901,-15.252604
-5.218240,-0.687899,-15.185924
-5.101853,-0.749224,-15.081878
-5.177662,-0.830938,-14.993752
-5.350185,-0.826061,-14.789840
-5.404369,-0.802058,-14.959023
-5.547165,-0.631908,-15.097482
-5.199362,-1.032158,-14.756938
-5.074556,-1.164382,-15.056937
-5.402084,-1.104345,-14.929734
-5.443861,-1.117634,-14.982547
-5.474560,-1.001365,-14.877976
-5.549755,-1.004734,-14.907969
-5.411554,-0.953110,-14.985818
-5.328501,-0.891537,-15.010124
-5.417497,-0.785985,-15.055939
-5.412594,-0.994279,-15.062247
-5.393945,-0.971377,-15.009022
-5.319425,-0.849250,-14.923288
-5.320616,-0.803751,-14.946020
-5.463778,-0.718531,-15.118264
-5.503410,-0.817198,-14.982241
-5.605061,-1.020005,-14.946067
-5.631515,-0.959929,-15.083335
-5.476413,-1.016888,-15.166593
-5.521561,-1.001454,-15.209458
-5.480942,-0.853296,-15.174517
-5.474159,-0.610803,-15.090175
-5.368058,-0.668022,-15.083363
-5.329533,-0.829523,-15.231894
-5.364410,-1.143564,-15.138858
-5.486297,-0.864450,-14.972124
-5.467783,-0.974115,-14.977875
-5.602028,-0.962313,-14.967836
-5.547877,-0.952675,-15.044540
-5.530201,-1.027301,-14.988952
-5.454539,-1.075362,-14.904025
-5.434114,-1.122421,-14.891072
-5.271142,-1.081160,-14.815759
-5.511638,-1.159547,-14.977318
-5.531140,-1.288969,-15.119244
-5.644808,-1.283666,-14.967779
-5.730889,-1.198112,-14.960892
-5.721251,-1.145371,-15.042205
-5.601782,-0.988964,-15.028046
-5.436728,-0.864002,-14.931602
-5.565908,-1.023482,-14.999339
-5.526412,-0.993292,-15.066751
-5.290962,-0.834256,-14.886514
-5.241929,-1.070246,-14.705782
-5.265941,-1.050779,-14.724827
-5.272306,-0.951538,-14.929409
-5.312850,-0.925463,-14.835271
-5.499593,-1.015993,-14.932763
-5.139482,-0.985922,-14.878345
-5.249257,-0.952112,-14.898553
-5.273412,-0.741291,-14.854411
-5.277293,-0.845539,-14.961805
-5.215404,-0.818660,-14.930832
-5.273267,-0.567687,-15.197559
-5.264863,-0.623549,-15.127078
-5.246558,-0.732685,-14.927615
-5.148462,-0.873312,-14.846551
-5.102427,-0.911984,-14.909074
-5.232087,-0.864767,-14.899979
-5.398197,-0.859545,-15.081652
-5.320267,-0.982786,-15.003105
-5.190897,-0.936531,-14.857860
-5.242226,-1.049712,-14.946027
-5.317775,-1.265975,-14.843039
-5.219143,-1.209614,-14.809174
-5.233983,-0.915691,-14.861502
-5.152509,-0.817275,-14.941285
-5.129705,-0.732555,-14.783965
-5.180074,-0.677938,-14.942699
-5.166634,-0.581184,-14.852737
-5.045900,-0.638633,-15.010027
-4.953670,-0.639111,-14.872442
-4.958739,-0.702469,-14.863800
-4.811922,-0.576778,-15.027538
-4.973445,-0.472563,-14.964069
-4.984839,-0.404297,-15.042506
-5.004972,-0.460370,-14.936239
-5.000509,-0.619969,-14.966702
-4.984872,-0.567404,-15.015816
-5.151793,-0.748092,-15.073245
-5.354512,-0.842526,-14.886815
-5.329977,-0.966452,-14.688069
-5.242039,-1.061090,-14.675877
-5.298737,-1.229125,-14.803596
-5.269721,-1.218402,-14.907588
-5.292418,-1.069204,-14.985569
-5.182708,-0.895020,-15.089517
-5.273827,-0.893033,-14.879737
-5.317908,-0.923830,-14.917105
-5.492133,-0.864858,-14.953649
-5.534069,-0.970312,-14.904119
-5.437048,-1.148630,-14.922396
-5.590171,-1.139424,-15.067157
-5.585728,-1.159855,-15.097852
-5.628451,-1.188993,-15.262460
-5.482965,-1.118489,-15.341259
-5.453941,-0.990443,-15.166018
-5.294095,-0.903885,-14.830022
-5.154039,-1.074553,-14.730793
-5.032841,-1.147433,-14.656471
-5.108453,-1.226907,-14.740258
-5.359630,-1.149485,-14.836082
-5.125053,-1.076545,-14.710546
-4.964384,-0.942454,-14.747454
-5.088655,-1.074885,-14.724122
-5.119678,-1.186400,-14.708497
-5.188526,-1.090334,-15.077856
-5.228666,-0.936170,-15.127245
-5.240366,-1.047362,-15.084458
-5.417736,-0.932750,-15.111414
-5.464600,-0.779593,-15.276928
-5.425673,-0.827893,-15.048351
-5.273155,-0.704782,-15.082256
-5.115993,-0.903635,-14.982381
-5.121740,-0.932660,-14.784421
-5.100081,-1.022787,-14.864102
-5.066947,-0.953166,-14.757342
-4.877533,-1.044597,-14.796499
-5.011779,-1.043189,-14.899233
-5.211613,-1.039787,-14.927526
-5.282506,-1.009807,-14.992590
-5.405890,-0.957938,-15.069128
-5.490933,-0.945121,-15.083371
-5.447954,-0.926277,-15.000454
-5.484164,-0.758594,-15.042687
-5.574030,-0.881894,-15.058278
-5.301984,-0.888470,-15.080953
-4.852935,-0.936066,-15.071913
-4.748682,-1.067929,-15.212802
-4.939310,-1.486523,-15.363317
-5.066132,-1.479383,-15.477168
-5.185245,-1.361835,-15.347813
-5.177981,-1.093349,-15.054183
-5.242733,-1.158614,-15.001031
-5.285151,-0.855771,-14.936728
-5.343734,-0.968556,-14.881377
-5.072810,-0.991112,-14.762633
-5.295069,-1.107808,-14.762341
-5.313436,-0.887169,-14.845302
-5.402072,-0.757630,-15.034932
-5.241441,-0.780448,-14.919725
-5.155978,-0.724568,-15.036891
-5.254441,-0.977125,-14.842818
-5.185900,-0.847907,-15.157269
-5.153862,-0.837949,-15.174739
-5.269627,-0.891902,-15.046690
-5.154891,-0.906867,-15.009568
-5.197795,-0.763843,-14.954142
-5.165241,-0.868140,-14.964356
-5.196186,-0.962095,-14.967289
-5.318977,-1.057099,-15.174293
-5.256133,-1.136553,-14.836438
-5.269963,-1.274832,-14.825518
-5.178065,-1.166201,-14.711941
-5.158047,-1.064562,-14.840022
-5.091382,-0.951302,-14.916079
-5.231639,-1.033134,-14.821354
-5.367743,-1.003389,-14.902356
-5.325624,-1.006348,-15.058209
-5.172248,-0.913285,-15.064568
-5.161994,-0.898195,-14.970237
-5.395557,-1.008002,-14.970886
-5.266027,-0.858732,-14.800614
-5.334721,-0.840307,-14.891600
-5.427922,-0.707977,-14.939336
-5.481603,-0.632472,-14.999789
-5.566440,-0.584602,-15.218447
-5.541685,-0.763314,-14.842447
-5.402167,-0.873441,-15.177509
-5.255024,-0.815863,-15.323738
-5.240321,-0.651643,-15.114188
-5.228160,-0.835421,-14.992273
-5.053918,-1.021233,-14.834177
-5.216412,-1.018806,-14.946062
-5.217898,-1.008554,-15.148000
-5.229397,-0.925370,-15.051113
-5.197590,-0.829153,-15.003479
-5.188100,-0.933714,-14.959211
-5.198173,-0.876194,-14.995005
-5.331211,-1.018215,-14.958536
-5.421260,-1.025537,-15.007784
-5.434480,-0.883826,-15.149614
-5.336430,-0.893307,-15.017001
-5.289429,-0.988342,-15.059112
-5.390458,-0.973487,-15.113974
-5.401755,-0.932430,-15.159447
-5.339110,-0.915200,-15.202533
-5.268843,-0.975747,-15.193054
-5.032969,-1.106374,-15.008283
-5.103257,-1.096195,-15.052537
-5.297725,-1.018340,-15.059585
-5.020322,-0.989827,-15.281239
-5.125575,-0.704618,-15.129623
-5.332459,-0.697582,-15.012717
-5.339206,-0.840908,-15.038050
-5.308692,-0.757265,-15.295408
-5.364291,-0.842651,-15.546765
-5.411901,-0.817422,-15.360349
-5.429613,-0.910380,-15.718044
-5.569543,-0.861028,-15.750087
-5.541538,-0.833126,-15.863058
-5.535762,-0.836851,-15.679350
-5.477402,-0.892925,-15.467140
-5.176563,-0.835759,-15.262634
-5.334929,-0.814714,-14.958156
-5.359708,-0.864382,-14.754323
-5.397931,-0.865350,-15.092624
-5.537884,-0.899320,-14.982112
-5.274690,-1.018855,-14.903729
-5.347803,-1.002878,-14.948799
-5.147873,-0.919096,-14.969984
-5.271272,-0.963422,-14.934857
-5.482192,-1.117277,-14.976050
-5.627413,-1.258059,-15.029115
-5.723169,-1.443007,-15.086265
-5.735494,-1.144686,-15.247844
-5.653076,-1.312650,-15.070050
-5.653671,-1.336905,-15.078772
-5.646901,-1.483349,-15.163211
-5.656753,-1.348620,-15.103026
-5.660623,-1.053305,-15.147606
-5.567358,-0.882605,-15.148076
-5.559054,-0.807582,-15.127745
-5.473415,-1.060527,-15.147835
-5.319248,-1.227113,-15.198087
-5.324370,-1.243875,-15.152583
-5.293450,-1.118339,-14.999202
-4.817267,-1.288510,-14.844000
-4.822449,-1.411642,-14.807421
-4.743056,-1.409943,-14.759692
-4.864694,-1.381633,-14.776738
-5.145100,-1.304898,-14.902995
-5.276912,-1.138805,-14.906593
-5.126275,-1.333984,-14.917823
-5.102919,-1.243519,-14.866262
-5.105371,-1.192426,-14.791297
-5.232098,-1.095326,-14.800152
-5.331445,-0.947354,-14.886586
-5.200836,-0.835773,-14.935704
-5.046876,-0.864702,-15.300278
-4.878041,-0.894374,-15.099734
-4.788511,-0.663310,-15.000897
-4.786401,-0.524500,-15.082994
-4.780645,-0.567704,-15.215508
-4.684734,-0.671908,-14.927351
-4.812261,-0.912152,-14.688751
-4.890404,-0.919763,-14.700876
-4.853545,-1.087711,-14.752233
-4.893518,-1.016362,-14.911100
-5.126997,-0.996422,-14.857329
-5.264192,-1.143369,-14.838124
-5.239028,-1.310458,-14.847927
-5.230623,-1.220716,-14.812669
-5.334901,-1.170893,-14.739094
-5.376212,-1.099993,-14.718464
-5.389355,-0.998687,-14.823123
-5.292696,-0.970187,-15.008966
-5.336280,-1.243296,-15.021507
-5.252530,-0.977908,-14.656851
-5.325456,-1.165159,-14.652647
-5.006526,-0.940457,-14.928011
-5.027590,-1.034539,-14.865088
-5.192294,-1.084069,-14.967268
-5.190156,-0.952153,-15.065011
-5.250279,-1.287747,-15.062318
-5.231434,-1.139574,-15.103575
-5.310127,-1.030317,-15.021577
-5.349908,-0.778421,-14.964901
-5.457739,-0.793731,-14.867516
-5.438782,-0.661625,-14.775913
-5.425359,-0.337296,-14.929202
-5.434376,0.070428,-14.944961
-5.314852,0.023937,-15.127309
-5.088667,0.093867,-15.175184
-5.259755,0.215413,-15.057456
-5.222276,0.194517,-15.264115
-5.221119,0.164829,-15.261502
-5.399107,0.062893,-15.158908
-5.305013,0.176346,-14.986521
-5.388504,0.331596,-14.886298
-5.262426,0.350295,-14.877515
-5.137143,0.164311,-14.736140
-4.776314,0.253459,-14.763779
-4.791366,0.306619,-14.932305
-4.698120,0.417171,-15.231328
-4.654351,0.471909,-15.354945
-4.651646,0.637731,-15.290288
-4.773893,0.537285,-15.293034
-4.818763,0.329677,-15.373079
-4.705927,0.221492,-15.517538
-4.727454,0.105319,-15.509600
-4.789287,0.143902,-15.435188
-4.737999,0.429512,-15.435216
-4.650019,0.417872,-15.416047
-4.725664,0.306042,-15.416758
-4.794539,0.238916,-15.510710
-4.824710,0.231047,-15.494810
-4.871175,0.182718,-15.416839
-4.872781,0.116484,-15.379504
-4.834454,-0.013504,-15.508110
-4.813675,0.171572,-15.501779
-4.783178,0.229281,-15.437060
-4.843689,0.214411,-15.419003
