-6.559589,-0.986445,-14.902340
-6.561620,-0.926993,-14.917952
-6.571640,-0.920603,-14.878982
-6.550965,-0.943423,-14.845945
-6.525851,-0.970212,-14.847505
-6.506792,-0.935992,-14.878730
-6.551905,-0.844527,-14.934340
-6.571547,-0.837784,-14.928911
-6.578808,-0.950141,-14.922357
-6.599851,-1.000350,-14.848453
-6.559729,-0.995982,-14.859844
-6.595300,-0.985741,-14.893847
-6.606678,-0.987760,-14.948954
-6.613547,-1.024745,-14.921830
-6.554706,-1.029166,-14.916290
-6.546110,-1.011174,-14.928301
-6.573153,-0.971312,-14.941623
-6.570713,-0.986543,-14.941741
-6.557930,-0.977824,-14.904402
-6.566567,-0.982145,-14.898131
-6.536798,-0.985501,-14.931046
-6.487613,-0.968501,-14.920510
-6.495093,-0.968852,-14.847148
-6.513213,-0.995600,-14.915536
-6.514759,-0.983210,-14.915905
-6.510613,-1.000793,-14.885482
-6.476240,-0.994575,-14.901301
-6.495805,-0.958138,-14.873495
-6.523756,-1.040881,-14.890670
-6.505307,-1.031618,-14.848355
-6.514465,-1.009459,-14.837590
-6.523257,-0.979861,-14.815807
-6.570586,-1.006993,-14.844675
-6.506395,-0.995323,-14.836546
-6.495799,-1.050501,-14.837440
-6.484109,-1.076729,-14.849979
-6.504638,-0.972039,-14.890624
-6.526146,-0.959867,-14.878483
-6.560920,-0.961010,-14.929938
-6.528461,-0.988345,-14.906560
-6.540466,-1.061318,-14.901987
-6.533996,-1.083223,-14.901317
-6.577102,-1.021115,-14.895928
-6.490685,-0.932186,-14.857287
-6.464480,-0.943488,-14.862272
-6.518054,-0.962729,-14.890367
-6.526456,-0.969120,-14.908177
-6.557490,-0.979311,-14.939699
-6.563613,-0.998844,-14.930326
-6.574201,-0.985745,-14.898413
-6.571133,-0.962034,-14.928571
-6.509776,-0.991257,-14.904630
-6.539739,-0.932399,-14.903216
-6.532162,-0.975965,-14.877666
-6.506245,-1.003429,-14.884830
-6.504949,-1.073823,-14.900460
-6.515751,-1.051288,-14.967084
-6.503706,-1.059279,-14.948439
-6.431009,-1.008690,-14.887259
-6.439098,-1.000304,-14.889324
-6.413291,-1.012975,-14.845993
-6.461886,-1.070788,-14.852902
-6.479402,-1.007513,-14.846822
-6.493126,-1.055034,-14.839543
-6.478562,-1.036812,-14.830733
-6.456057,-0.999300,-14.856420
-6.495932,-0.977383,-14.877958
-6.519048,-1.019942,-14.920867
-6.525898,-0.992722,-14.921090
-6.527326,-0.973385,-14.961846
-6.540227,-0.976884,-14.966559
-6.564916,-0.986916,-14.935270
-6.511960,-1.018348,-14.910673
-6.485024,-1.026551,-14.878000
-6.473413,-1.011738,-14.885917
-6.435198,-1.049657,-14.891223
-6.439487,-0.977187,-14.878250
-6.498021,-0.972334,-14.918683
-6.517460,-0.954802,-14.927063
-6.509376,-0.965498,-14.955334
-6.506930,-1.017973,-14.908096
-6.511611,-1.048722,-14.888687
-6.555683,-1.016154,-14.871468
-6.512568,-1.047373,-14.870659
-6.487040,-1.090591,-14.909735
-6.461173,-1.093987,-14.896466
-6.422199,-1.024257,-14.962976
-6.437402,-0.976625,-14.942516
-6.446321,-0.987440,-14.879608
-6.454667,-0.970728,-14.884984
-6.431199,-1.012320,-14.934319
-6.472133,-1.017514,-14.935547
-6.444540,-1.008747,-14.914944
-6.455203,-1.012301,-14.914151
-6.455435,-0.995673,-14.902875
-6.424823,-0.987954,-14.973892
-6.443566,-0.977746,-14.975413
-6.470758,-0.955270,-14.972623
-6.493020,-0.965643,-14.980110
-6.457321,-1.010123,-14.962040
-6.414457,-1.006798,-14.911868
-6.387710,-1.039618,-14.891094
-6.393968,-1.017838,-14.844914
-6.398837,-1.022510,-14.976250
-6.375541,-1.009340,-14.981327
-6.397021,-0.985748,-14.965035
-6.442107,-0.975337,-14.937987
-6.424160,-0.990501,-14.934475
-6.404759,-1.044498,-14.972154
-6.335847,-0.985148,-14.926624
-6.344967,-0.969627,-14.888749
-6.344007,-0.937862,-14.923207
-6.440790,-1.018241,-14.957144
-6.483678,-0.997255,-14.930457
-6.396274,-1.104874,-14.903154
-6.368284,-1.090021,-14.944868
-6.364578,-1.035209,-14.926055
-6.306516,-1.001852,-14.873841
-6.310159,-1.032511,-14.878609
-6.222500,-0.998723,-14.885867
-6.244820,-0.987833,-14.907167
-6.216026,-0.992383,-14.921432
-6.199464,-0.968833,-14.869980
-6.201750,-0.976019,-14.867563
-6.234124,-0.966955,-14.894578
-6.329146,-0.992689,-14.908493
-6.288920,-0.951194,-14.954370
-6.297769,-0.927996,-14.921307
-6.320772,-0.946433,-14.931010
-6.360474,-0.989474,-14.972431
-6.378013,-1.035063,-14.989479
-6.328635,-1.029341,-14.951239
-6.320201,-1.101188,-14.935723
-6.266804,-0.992789,-14.969807
-6.260178,-0.985107,-14.955849
-6.240208,-0.960969,-14.920916
-6.256618,-0.986040,-14.945400
-6.271605,-0.927796,-15.010606
-6.272098,-0.968864,-14.913519
-6.263623,-0.988147,-14.870177
-6.170746,-0.964541,-14.947420
-6.183312,-0.961338,-14.920500
-6.180475,-0.943774,-14.938799
-6.306833,-0.978338,-14.965114
-6.290051,-0.982108,-14.975623
-6.319993,-0.987010,-14.990839
-6.304466,-0.974097,-14.989266
-6.254282,-0.974938,-14.967980
-6.255509,-0.985514,-14.947783
-6.212356,-0.990919,-14.954632
-6.159457,-0.969811,-14.919518
-6.191723,-0.936763,-14.888128
-6.176347,-0.939017,-14.943082
-6.153076,-0.918916,-14.967788
-6.121743,-0.927221,-14.939557
-6.193861,-0.918244,-15.009234
-6.148810,-0.907584,-14.916000
-6.100098,-0.927486,-14.915439
-6.096858,-0.968379,-14.898917
-6.141791,-0.993469,-14.893580
-6.108473,-1.001795,-14.857533
-6.093257,-1.011827,-14.847181
-6.108218,-1.032553,-14.913468
-6.100640,-0.980876,-14.919120
-6.078918,-0.977252,-14.867140
-6.100059,-1.018536,-14.872182
-6.066048,-0.950213,-14.871225
-6.087421,-1.015067,-14.859690
-6.076357,-1.000163,-14.877314
-6.018308,-1.018622,-14.904346
-6.045008,-0.983966,-14.900036
-6.026018,-0.984767,-14.894635
-6.001361,-1.015248,-14.849652
-5.974795,-0.968462,-14.842861
-5.966203,-0.957174,-14.874285
-5.937849,-1.011014,-14.899382
-5.963079,-1.040502,-14.906934
-6.031922,-0.975857,-14.949798
-6.054692,-0.996449,-14.962120
-6.090461,-1.013857,-14.912083
-6.030636,-1.031923,-14.909340
-6.047983,-1.006165,-14.917458
-6.019191,-1.044758,-14.915199
-6.098650,-1.000851,-14.955332
-6.017529,-0.979540,-14.948522
-5.943882,-0.985197,-14.886249
-5.961968,-1.003754,-14.906169
-5.939924,-1.029804,-14.921087
-5.970119,-1.016519,-14.979132
-5.960437,-1.017459,-14.992113
-5.943766,-1.003365,-14.971212
-5.918863,-1.042973,-14.947707
-5.907150,-1.037836,-14.917979
-5.902736,-1.036017,-14.832912
-5.926035,-1.016917,-14.866358
-5.915288,-1.044122,-14.913786
-5.862766,-1.000758,-14.904495
-5.913258,-0.980369,-14.920053
-5.951138,-0.964115,-14.913613
-5.952438,-0.936012,-14.951772
-5.880712,-0.949121,-14.919483
-5.916808,-0.913356,-14.898456
-5.915255,-0.996339,-14.893259
-5.910848,-1.014617,-14.936190
-5.831157,-0.971810,-14.954861
-5.822983,-0.989513,-14.923499
-5.744810,-0.984405,-14.903708
-5.755307,-0.936527,-14.890245
-5.753818,-0.955060,-14.967663
-5.769741,-0.966140,-14.957024
-5.772580,-0.954051,-14.923112
-5.711389,-0.993262,-14.913462
-5.727775,-0.962638,-14.889714
-5.710144,-0.946075,-14.874440
-5.709546,-0.946728,-14.821130
-5.702497,-0.955186,-14.841509
-5.745701,-0.944356,-14.861938
-5.770466,-0.868252,-14.897147
-5.813634,-0.886169,-14.938261
-5.758786,-0.953816,-15.018935
-5.700392,-0.995965,-14.976934
-5.687271,-1.022473,-14.885512
-5.681227,-1.060829,-14.915868
-5.671762,-1.035378,-14.919408
-5.715186,-0.971231,-14.929480
-5.689017,-0.973418,-14.943838
-5.700032,-1.017503,-14.952043
-5.718156,-0.973276,-14.913541
-5.698409,-0.956597,-14.936458
-5.687155,-0.981681,-14.951965
-5.669386,-0.933128,-14.950053
-5.720316,-0.970194,-14.921553
-5.712458,-0.958990,-14.955640
-5.707116,-0.912930,-14.935411
-5.691576,-0.931199,-14.998205
-5.698166,-0.952816,-14.956272
-5.683617,-0.952842,-14.988614
-5.545487,-0.920909,-15.001940
-5.492011,-0.923025,-14.961577
-5.558721,-0.973824,-14.945108
-5.536755,-0.966630,-14.922244
-5.569805,-1.005877,-14.953409
-5.540084,-1.093657,-14.918360
-5.587364,-1.017929,-14.929889
-5.582065,-1.044660,-14.937680
-5.527022,-1.082622,-14.922560
-5.587828,-1.027846,-14.944548
-5.527658,-1.006749,-14.930366
-5.503785,-0.979976,-14.956816
-5.573053,-0.993544,-14.910014
-5.533466,-0.998229,-14.929977
-5.533940,-0.988743,-14.959470
-5.574923,-0.947356,-14.948162
-5.533112,-0.956344,-14.990778
-5.516849,-0.961014,-14.977547
-5.375513,-0.984629,-14.896996
-5.338824,-0.975321,-14.895064
-5.377868,-0.985276,-14.904096
-5.393715,-0.970542,-14.891575
-5.358382,-0.998790,-14.916549
-5.346139,-1.023845,-14.900929
-5.310986,-1.074304,-14.864286
-5.324860,-1.021826,-14.855720
-5.301120,-1.004107,-14.812455
-5.332233,-1.028944,-14.885839
-5.417197,-1.013932,-14.939541
-5.433205,-0.994328,-14.964598
-5.431389,-0.966233,-14.973744
-5.349537,-0.968570,-14.947946
-5.292133,-0.989835,-14.981957
-5.244281,-0.948591,-15.022263
-5.215003,-0.992927,-14.924621
-5.166517,-0.995510,-14.877740
-5.187382,-0.968544,-14.865165
-5.217750,-0.926905,-14.948664
-5.208968,-0.970172,-14.920143
-5.197846,-0.996906,-14.902925
-5.194407,-0.952464,-14.879004
-5.161671,-0.958265,-14.892273
-5.190055,-0.996580,-14.917585
-5.161510,-0.970465,-14.939071
-5.253557,-0.982391,-14.979037
-5.222703,-0.992487,-14.974097
-5.227888,-0.982000,-14.922486
-5.277759,-0.986093,-14.927814
-5.263914,-0.875841,-14.913272
-5.217968,-0.969427,-14.888489
-5.174192,-0.930705,-14.976988
-5.086685,-0.979078,-14.966800
-5.034240,-0.996804,-14.903011
-5.044242,-0.990975,-14.929178
-5.043394,-1.035301,-14.930737
-5.046618,-0.961926,-14.950834
-5.065951,-0.962924,-14.968718
-5.051586,-0.952235,-14.929697
-5.028147,-0.943653,-14.913525
-5.085142,-0.974725,-14.951195
-5.059534,-1.016364,-14.947300
-5.054774,-1.021334,-14.936684
-5.058260,-1.011838,-14.929379
-5.090230,-0.980663,-14.943736
-5.107818,-0.975249,-14.932107
-5.124394,-0.960026,-14.915458
-5.058075,-0.976668,-14.991436
-4.964884,-0.954303,-15.040120
-4.928969,-0.893016,-15.036332
-4.938201,-0.942331,-14.998082
-4.921556,-0.904016,-14.964701
-4.888108,-1.003295,-14.911090
-4.881608,-0.998753,-14.900103
-4.874086,-0.998715,-14.898116
-4.837594,-0.994591,-14.878489
-4.830809,-0.973773,-14.863607
-4.817282,-0.947926,-14.909514
-4.792773,-1.002730,-14.904033
-4.791938,-1.039213,-14.888962
-4.809216,-1.059415,-14.887758
-4.820511,-1.098142,-14.928992
-4.865653,-1.107365,-14.882684
-4.784680,-1.052783,-14.910268
-4.715384,-0.981467,-14.899628
-4.702640,-0.998615,-14.940405
-4.764092,-0.953244,-14.941951
-4.651621,-1.023528,-14.929915
-4.667277,-0.989268,-14.946416
-4.706886,-1.009364,-14.992554
-4.727263,-1.019761,-14.978065
-4.723155,-0.986279,-14.918923
-4.648709,-1.041566,-14.932228
-4.688144,-0.974873,-14.916399
-4.691057,-0.961282,-14.878778
-4.707689,-0.977346,-14.872123
-4.662519,-0.991093,-14.902273
-4.650321,-0.964865,-14.894244
-4.671950,-0.953661,-14.932390
-4.695030,-0.936573,-14.970030
-4.645204,-0.980206,-14.982710
-4.512509,-0.956248,-15.017985
-4.500996,-0.969034,-14.989105
-4.441039,-0.988397,-14.864035
-4.393817,-0.981327,-14.835009
-4.424842,-0.977113,-14.877854
-4.436045,-0.993097,-14.865633
-4.425549,-1.000023,-14.884064
-4.449519,-1.042197,-14.878006
-4.492436,-1.067136,-14.928713
-4.432916,-1.053905,-14.899006
-4.431985,-1.053762,-14.890543
-4.451748,-1.027851,-14.905634
-4.417905,-1.009064,-14.936794
-4.411016,-0.983375,-14.922756
-4.406710,-0.961498,-14.892346
-4.477107,-1.019697,-14.876654
-4.439675,-1.033222,-14.930058
-4.359259,-1.049739,-14.951701
-4.274487,-1.022960,-14.986602
-4.305959,-1.003542,-14.965045
-4.297194,-0.966412,-14.977001
-4.351021,-0.984190,-15.013677
-4.376386,-0.979220,-15.010941
-4.327437,-1.017126,-14.936547
-4.296250,-1.016197,-14.943880
-4.296049,-1.034618,-14.940633
-4.247980,-1.010599,-14.954152
-4.272052,-1.012455,-14.979971
-4.305403,-1.013718,-14.966498
-4.286471,-0.993761,-14.970395
-4.217045,-0.960350,-14.880299
-4.251650,-0.916443,-14.905725
-4.125600,-0.880293,-14.936800
-4.093683,-0.830851,-14.977596
-4.070881,-0.827768,-14.965244
-4.099136,-0.938469,-14.930197
-4.022748,-0.992127,-14.924847
-4.011320,-0.986396,-14.940163
-4.003552,-1.041640,-14.871287
-3.996854,-1.016562,-14.866574
-3.984148,-1.058518,-14.811117
-3.986115,-1.033188,-14.824108
-3.947807,-1.008706,-14.855336
-3.935744,-1.090665,-14.827232
-3.933654,-1.015548,-14.829619
-3.982882,-1.013050,-14.830108
-3.978306,-1.042951,-14.859134
-4.033981,-1.085494,-14.878149
-4.074061,-1.106568,-14.881815
-4.031238,-1.099704,-14.908142
-3.967035,-1.084376,-14.901421
-3.878968,-1.036716,-14.890419
-3.806922,-0.969716,-14.942968
-3.792511,-0.970437,-14.907908
-3.804164,-0.964419,-14.935401
-3.744013,-0.932946,-14.912898
-3.744360,-0.950592,-14.905501
-3.762792,-1.012733,-14.840515
-3.736061,-0.978643,-14.849790
-3.775768,-0.924914,-14.908443
-3.772078,-0.951198,-14.934744
-3.804261,-0.960154,-14.902799
-3.786879,-0.978651,-14.906046
-3.822885,-0.974052,-14.872669
-3.786743,-0.921923,-14.867210
-3.775196,-0.896704,-14.870108
-3.719496,-0.908452,-14.877768
-3.683850,-0.965118,-14.903796
-3.682034,-0.972550,-14.954883
-3.641473,-0.954865,-14.915936
-3.583664,-0.986813,-14.906422
-3.559353,-1.023178,-14.890564
-3.576314,-1.003590,-14.890820
-3.571395,-0.995725,-14.867846
-3.513852,-0.976675,-14.855005
-3.495022,-0.982886,-14.846550
-3.469408,-1.013844,-14.857202
-3.465000,-1.049482,-14.869184
-3.543225,-0.995489,-14.895467
-3.512543,-1.020424,-14.880264
-3.525146,-1.021175,-14.924876
-3.549658,-1.044517,-14.909672
-3.497262,-1.044851,-14.937980
-3.450601,-1.086352,-14.974371
-3.446404,-1.075868,-15.010306
-3.368645,-1.010589,-14.912209
-3.342673,-1.012391,-14.923278
-3.309734,-1.026869,-14.913417
-3.317431,-1.002627,-14.904923
-3.299377,-1.027379,-14.908384
-3.335547,-1.000777,-14.931407
-3.335010,-0.966825,-14.911453
-3.305254,-0.960850,-14.943558
-3.299170,-0.940239,-14.970789
-3.302197,-0.896507,-14.969260
-3.351522,-0.932019,-15.012530
-3.411928,-0.941580,-15.042968
-3.465707,-0.952283,-15.057952
-3.472579,-0.968864,-15.064495
-3.367882,-1.020931,-15.085147
-3.287066,-1.016657,-15.057228
-3.243780,-1.026239,-15.028463
-3.164988,-0.922472,-15.030590
-3.115885,-0.952330,-14.997198
-3.162669,-0.964355,-14.968420
-3.112834,-0.957504,-14.909108
-2.994313,-0.981611,-14.853257
-2.983094,-0.937413,-14.882183
-2.984930,-0.970794,-14.912107
-2.977209,-1.015273,-14.926822
-3.013856,-1.018362,-14.949974
-2.993016,-1.033048,-14.929589
-2.987353,-0.965975,-14.905391
-3.024195,-0.982253,-14.925787
-3.033128,-0.950383,-14.945988
-2.984242,-0.922535,-14.924019
-2.931308,-0.904613,-14.963589
-2.870780,-0.909031,-14.954722
-2.817220,-0.916571,-14.922348
-2.766745,-0.941533,-14.887601
-2.808860,-0.997496,-14.979143
-2.859625,-0.972604,-15.003121
-2.846559,-1.003716,-14.964062
-2.777466,-0.977533,-14.961609
-2.786631,-1.017428,-14.942868
-2.744805,-1.047665,-14.918222
-2.761793,-1.039406,-14.893033
-2.759170,-1.047617,-14.902472
-2.760222,-1.004533,-14.921623
-2.800688,-0.955714,-14.937134
-2.814377,-0.994564,-14.929985
-2.763250,-1.022941,-14.853804
-2.689421,-1.025841,-14.835155
-2.638215,-0.978682,-14.821218
-2.530980,-0.990508,-14.840807
-2.469334,-0.997314,-14.896391
-2.523230,-1.005351,-14.916056
-2.503586,-0.995065,-14.950267
-2.539655,-0.987142,-14.889851
-2.515989,-0.957720,-14.903202
-2.445019,-1.002561,-14.843336
-2.504442,-0.963278,-14.868731
-2.513217,-0.892546,-14.926802
-2.519835,-0.872836,-14.965399
-2.461276,-0.909487,-14.900850
-2.481937,-0.890408,-14.928908
-2.461212,-0.906515,-14.919753
-2.357670,-0.973791,-14.952332
-2.308834,-0.987078,-14.978859
-2.273488,-1.001429,-14.989739
-2.280356,-1.057979,-14.978892
-2.312802,-1.063632,-14.965033
-2.302490,-1.037880,-14.931168
-2.268163,-1.013228,-14.932149
-2.266908,-0.936939,-14.964345
-2.258723,-0.935740,-14.937852
-2.248207,-0.929860,-14.941880
-2.299176,-0.959780,-14.945075
-2.288725,-1.014831,-15.003414
-2.267217,-0.983287,-14.985538
-2.246854,-0.963814,-15.020561
-2.171012,-1.012746,-14.991763
-2.119680,-1.050924,-14.974023
-1.982162,-1.045273,-14.949813
-1.980503,-1.006102,-14.968380
-1.951541,-1.020672,-14.986884
-1.914537,-1.021092,-14.901929
-1.932800,-1.059763,-14.891530
-1.930359,-1.045791,-14.885842
-1.910436,-1.059200,-14.900846
-1.940511,-1.062805,-14.917288
-1.921035,-1.027536,-14.943821
-1.874867,-1.022431,-14.959521
-1.797799,-1.053900,-14.956060
-1.731445,-1.026173,-14.964039
-1.680614,-1.000280,-14.934300
-1.692396,-0.945692,-14.969611
-1.688521,-0.947428,-14.947283
-1.604229,-1.032063,-14.867890
-1.585082,-1.024912,-14.881861
-1.538342,-1.053869,-14.910250
-1.598613,-1.096381,-14.901747
-1.623684,-1.109049,-14.882284
-1.595154,-1.105732,-14.953349
-1.478242,-1.054368,-14.988284
-1.413857,-1.042133,-14.999131
-1.401417,-1.034802,-14.971128
-1.391720,-0.995009,-14.997186
-1.368162,-0.999635,-14.963423
-1.321716,-0.992227,-14.904599
-1.266512,-0.963260,-14.888729
-1.262851,-0.954970,-14.931167
-1.297997,-0.936121,-14.952703
-1.280464,-0.952035,-14.968883
-1.185119,-0.991232,-15.016150
-1.065604,-1.042113,-15.005743
-1.021028,-1.060837,-15.016848
-0.970453,-1.005762,-15.006093
-0.963482,-1.004481,-14.979855
-1.013165,-0.973777,-14.932796
-1.033298,-1.022196,-14.935390
-1.048057,-0.968744,-15.008270
-1.000509,-1.036497,-15.013847
-0.885710,-1.012456,-14.985828
-0.822275,-1.038317,-14.959899
-0.754486,-1.051475,-14.936102
-0.733401,-1.052027,-14.951512
-0.760227,-1.002815,-14.998753
-0.744835,-1.016436,-15.028604
-0.721983,-0.985857,-15.034015
-0.719830,-1.027947,-15.045626
-0.615611,-1.028226,-15.028737
-0.540833,-1.019600,-15.013594
-0.507004,-0.969907,-14.965893
-0.364287,-1.039219,-15.098783
-0.315459,-1.059424,-15.119108
-0.220462,-1.086415,-15.023584
-0.082144,-1.081321,-14.962820
-0.057252,-1.086789,-14.957838
-0.031903,-1.072617,-15.008203
-0.010358,-1.025652,-15.073076
0.141937,-1.000759,-15.029509
0.272017,-0.987847,-14.995564
0.333336,-1.036182,-14.973890
0.398817,-1.078695,-14.963927
0.603880,-1.114021,-15.022041
0.742765,-1.110485,-14.984980
0.764659,-1.092913,-15.021386
0.767533,-1.091498,-15.090320
0.784178,-1.123076,-15.139958
0.704153,-1.060281,-15.184267
0.689892,-1.014451,-15.195577
0.990299,-0.947801,-15.119937
1.263729,-0.910838,-15.083989
1.420783,-0.864366,-15.062953
1.617171,-0.783016,-15.011139
1.799967,-0.797421,-14.947667
2.075836,-0.802128,-14.927840
2.287027,-0.801429,-14.791052
2.462481,-0.731041,-14.746953
2.748758,-0.698701,-14.540502
3.044993,-0.651193,-14.371602
3.304027,-0.630544,-14.222360
3.603878,-0.634147,-14.105776
3.832289,-0.625837,-14.019238
4.045527,-0.638668,-13.924789
4.437886,-0.544962,-13.928245
4.941062,-0.505385,-13.889277
5.486314,-0.510281,-13.877995
5.552086,-0.526498,-13.885256
5.656723,-0.537136,-13.897300
5.668797,-0.541461,-13.941322
5.722019,-0.451270,-13.995284
5.778831,-0.378889,-14.039001
5.836354,-0.352292,-14.048170
6.288404,-0.390340,-14.200356
6.311403,-0.395795,-14.208045
6.285538,-0.388681,-14.226127
6.228915,-0.360097,-14.234721
6.198302,-0.201338,-14.264342
6.345386,-0.215510,-14.257320
6.400850,-0.101595,-14.284463
6.482179,-0.070304,-14.302061
6.653715,-0.127384,-14.256713
6.711448,-0.181124,-14.286769
6.722805,-0.172469,-14.324699
6.779560,-0.166915,-14.270625
6.776751,-0.199002,-14.310786
