327.182900
299.842300
299.680900
318.636100
331.183500
316.712400
339.822900
287.455500
299.970600
253.909800
240.886400
244.802400
242.035900
239.800200
242.418000
242.107600
237.393100
240.207300
247.983800
241.662100
241.824800
250.303800
240.007700
242.877200
247.329700
239.549000
241.008800
246.134300
239.505000
253.136900
237.607400
239.672200
257.026000
265.257400
250.826300
246.781800
246.840300
249.392600
233.600900
241.869500
239.151500
247.997300
237.698800
239.221100
236.546700
246.082600
275.535900
253.430900
241.436200
241.622000
238.887200
230.221200
239.956200
241.930300
246.637800
237.616900
237.971900
237.587400
244.443100
242.255100
245.935200
250.627400
241.731400
239.973800
237.962100
239.441400
241.530200
241.018700
245.203200
252.285800
251.150000
249.864700
241.989000
245.528300
254.649800
238.956700
243.356600
235.169100
242.461600
242.723000
245.506300
243.937000
252.445700
258.585400
273.122900
274.517500
252.075000
241.570700
241.881000
246.363700
242.208000
241.570600
244.960000
242.209300
241.154600
244.704100
240.624200
233.395600
231.923800
238.772800
233.045300
240.834800
241.200000
250.810000
249.474800
276.975100
247.608100
243.065900
243.518600
241.239900
248.573100
247.367600
252.994800
246.377000
241.677900
243.641200
243.587600
239.272800
250.490300
242.959400
246.915700
246.474600
244.119100
247.212600
241.885500
244.447800
242.097600
244.391100
245.633800
245.691800
246.889800
249.486600
241.678200
241.544100
243.616600
244.793800
241.626100
230.953700
240.521500
241.064800
240.291000
242.287400
239.321300
244.676300
241.311500
241.243300
241.064100
246.645300
237.230700
242.755200
245.963100
243.484800
242.555700
263.719600
242.633200
248.031100
243.285000
242.839900
236.096400
236.931100
233.076500
243.815400
239.848400
237.420000
238.841900
243.471500
240.793700
243.236400
235.785200
243.830600
240.576100
241.759000
267.855400
233.368600
235.184700
262.291000
240.245400
249.789800
230.597200
236.935800
242.706500
246.348100
240.063700
240.344200
267.251000
253.530700
244.900000
254.111800
246.711600
272.153400
248.132000
269.740800
296.344100
275.383100
278.320100
258.312700
247.404200
243.927400
240.744200
243.741000
243.669100
283.182700
262.775400
269.444900
268.773800
281.490500
313.453900
254.718200
246.061600
241.744300
246.832300
244.487100
231.971800
248.973600
267.270100
261.868000
256.027500
286.768300
269.858400
271.140200
255.366600
246.904300
252.142800
262.202000
252.955100
253.543100
262.636600
256.878600
253.717000
242.978100
254.561200
281.765500
251.767900
245.941500
264.795600
262.008500
258.829900
255.547400
249.344900
253.764000
302.184500
316.864000
347.995200
340.137300
343.313800
352.609600
320.747900
297.730600
281.837700
259.849200
255.668500
289.098600
314.029700
291.320400
276.441900
265.487300
271.411200
258.975400
293.860300
280.012600
287.245800
276.185800
278.503000
252.803300
251.432600
245.879500
254.882600
255.583300
263.661600
269.587800
256.055000
259.787900
242.061400
243.385800
245.071400
256.623300
246.723900
248.806000
251.215200
251.790700
256.886700
259.693100
256.882600
251.793200
289.733900
262.742600
279.937400
260.222300
273.817800
269.830300
254.888600
337.451100
360.151900
364.247700
372.776100
428.463400
434.400300
431.309000
361.882600
355.588100
450.323200
407.391100
351.909500
375.580200
296.167000
260.320600
265.784500
264.615200
306.194300
327.393800
323.768900
337.818900
287.149100
292.865000
303.102900
259.666500
251.088700
252.061500
244.446100
246.843600
253.154500
249.348500
245.300400
247.823200
248.291500
262.025700
255.191700
258.949900
263.445100
259.663900
259.701700
259.626900
255.533300
258.649900
261.398100
265.614300
270.202000
260.012000
270.685400
263.824700
257.069100
253.214600
264.773000
263.840800
269.184900
259.380700
258.869500
273.973100
260.052600
262.186300
267.105400
265.417100
258.773300
262.725300
263.915500
268.589600
283.930700
287.292300
297.635300
294.499500
281.300200
276.799900
267.337700
271.595200
264.108400
280.487100
287.861900
290.699700
292.809000
280.516500
281.414700
281.361700
306.545700
322.212100
291.497000
286.103400
292.573200
300.945800
247.076300
249.516300
264.807500
245.769600
247.985200
244.792700
243.842700
248.714700
248.179300
247.010900
247.851300
248.388500
248.736400
244.630700
242.830100
245.429800
242.763800
246.984800
243.791900
251.488500
255.063000
250.612200
249.654200
268.992600
253.208700
254.030700
254.851200
250.536000
252.126200
251.455600
255.395000
251.358500
254.371500
251.205100
252.538700
253.250800
255.988600
246.061100
249.656500
254.948200
248.288100
252.054100
256.489700
249.969300
251.723700
252.410200
255.252500
251.505000
249.984900
253.192000
248.222200
247.280400
252.329900
252.316400
249.349200
252.901700
254.008000
252.218700
260.075600
250.919100
247.179600
246.531300
251.645800
264.443200
248.295500
253.408200
247.213800
253.998400
256.419100
272.409700
253.873700
254.757300
282.121300
258.925500
273.711900
253.318200
251.579000
251.459500
249.585500
250.636900
249.750500
262.306200
249.641600
251.132800
256.205700
311.717300
251.931500
254.601300
250.774400
248.096100
253.181000
247.978400
267.117700
249.381300
248.775500
248.629700
247.030100
249.200200
253.456200
248.279900
249.556800
248.846700
248.850600
254.133300
248.885900
252.446500
252.125800
249.989600
248.663000
251.114100
275.042900
251.361600
249.824700
245.005700
259.635100
250.557200
258.594300
250.969300
256.270400
271.671700
255.811800
250.549100
251.294800
260.657000
297.965800
306.914800
306.174200
287.401600
315.437100
316.213300
281.656000
260.530300
258.203500
265.815800
301.316900
311.022200
292.912100
295.519900
316.179900
303.860000
310.986900
304.661900
266.818100
255.313200
273.835000
276.248800
295.756700
318.886600
388.697900
273.905800
268.920400
271.095100
273.366100
261.516100
268.319100
263.961300
286.816400
266.186500
270.382100
262.555100
266.007900
261.676500
258.158900
254.077400
256.155300
258.188800
277.430100
258.639500
260.066700
275.641100
256.593900
253.734200
265.681300
276.189600
302.346600
303.274900
313.693000
309.784800
329.442100
305.645000
337.130600
325.333500
300.199400
303.961600
299.327500
287.484300
315.698600
309.269000
300.575200
331.592000
313.701600
329.648200
316.675300
320.899300
293.053800
282.451300
311.048600
318.720200
307.179200
317.803200
318.951000
370.737800
343.189000
310.470800
322.160200
299.859900
316.737700
310.028900
313.244000
341.835500
312.201400
312.543200
306.951000
310.261700
302.313400
310.370700
304.277200
298.563600
307.754600
304.659300
310.909900
316.612800
329.167600
301.676100
374.132000
392.907400
326.267300
330.459800
305.706300
299.661300
331.408400
299.173900
317.184400
300.008600
310.297100
303.742400
282.279600
303.628700
354.532100
327.217400
327.113400
323.728600
378.609800
273.486100
254.463900
295.424100
334.529900
263.613700
253.103700
255.057600
248.498400
251.125700
254.171900
248.715900
250.764200
254.863600
253.130000
256.096200
250.993100
245.992900
246.052100
246.751800
240.611200
250.013300
246.017400
252.813900
257.297300
262.271000
255.565900
258.093200
254.959800
254.225900
250.114800
257.629900
245.956000
251.933000
256.146700
251.508600
265.981400
254.181000
261.639700
261.769200
266.019500
255.673600
255.187700
258.174000
264.979900
257.580800
260.689000
254.112900
258.600400
256.106900
261.281500
259.811300
253.376500
267.954200
259.883800
254.073000
258.312300
262.484100
258.215600
255.987000
255.011800
254.053400
258.663700
256.933100
257.947300
256.280800
254.881400
252.924900
252.014400
257.660000
286.726500
309.543600
272.300400
259.990800
251.408600
256.864100
266.847100
249.903200
248.403500
251.406500
255.151300
253.833700
247.198300
249.318600
256.608200
250.209600
255.890000
247.859600
246.223500
254.731500
248.702600
256.366200
242.037100
245.124700
249.134400
255.823000
281.642400
289.127500
253.715600
251.849900
250.162900
240.491000
266.303500
266.841400
263.010200
264.707200
263.355800
263.849200
261.722800
270.035200
263.893600
266.593800
274.920900
259.719400
248.368100
254.441400
265.724000
257.478500
266.103500
262.498300
317.793700
260.359200
267.200800
263.458200
260.986800
252.354900
260.961600
255.778700
258.404700
264.664000
258.916300
260.746900
263.826000
268.228400
264.703700
260.877300
258.815600
257.380800
262.701100
251.408500
256.555400
258.136800
254.155000
252.186100
256.156100
261.109900
254.859400
256.711800
255.567300
258.932200
252.762300
267.204500
257.051900
257.016900
269.288300
258.760500
257.117900
246.698800
264.373700
250.844700
259.844400
247.558500
254.243100
254.957100
256.989300
253.288500
253.637400
250.845900
255.663200
259.155500
259.523100
253.345500
255.613900
254.320200
272.248400
289.996700
278.753900
337.138800
286.961700
294.675200
304.277000
313.220900
281.661400
291.138600
302.290400
306.773300
294.232100
298.079600
299.925500
289.162400
275.981100
287.715700
289.715200
292.796600
263.413800
256.209600
255.798800
252.212000
255.968800
258.594600
261.838100
250.315100
257.438000
255.499400
258.439800
260.472300
265.315000
262.169400
250.885100
254.208200
259.345400
253.629600
254.831700
253.838000
257.413700
258.292100
257.253400
263.006400
271.744900
256.422800
268.940000
263.588200
265.089700
265.050400
255.107900
267.466000
260.838600
255.131600
258.332000
262.326500
257.321400
258.022700
253.551200
302.123800
254.750300
246.365400
253.013000
245.506500
249.829900
250.868200
246.724200
245.299400
244.041300
240.093300
246.582300
248.998100
244.325000
246.718800
241.576900
245.392300
249.112400
248.217500
243.314400
244.059000
243.072600
245.473700
248.229600
248.414100
253.293300
245.190900
255.122200
247.347600
240.189600
252.449000
240.368500
246.614800
246.490600
247.526100
245.419500
246.842300
247.531900
243.114800
244.942400
245.200500
250.498900
246.906200
244.570200
250.670100
246.476900
246.998300
243.060000
240.616900
248.900700
249.141500
248.817400
259.114700
246.809200
247.881900
259.577400
254.858000
252.898300
252.449000
243.257900
258.909600
254.869600
287.756700
257.349900
250.558300
251.708500
251.389800
251.714100
252.750300
257.921600
269.265700
249.486500
248.728300
256.666500
244.210300
290.635500
251.040100
254.654800
248.084000
263.100400
256.470800
259.072200
252.804500
291.156500
306.533800
279.993300
307.996800
302.243100
298.038400
333.196200
295.721000
269.323400
295.492800
296.641800
305.651300
307.927100
289.107700
294.782600
289.577400
308.725700
287.648700
284.292400
290.705500
303.387600
274.256500
286.115100
269.843900
287.930300
307.992800
280.120000
271.173500
263.525200
285.929500
279.375300
286.258900
244.899400
283.192500
287.934300
281.862600
307.562100
309.634900
276.313400
294.173900
311.725800
315.706000
315.645000
316.015200
314.616000
306.562900
300.045700
307.611400
305.791900
291.529000
283.760900
328.060000
310.506800
292.300400
306.928400
289.860000
280.364100
304.414800
312.016100
281.987200
283.833000
292.278600
247.436600
287.772300
