322.289700
256.462200
270.459900
281.160400
255.777500
316.701600
291.232200
329.377900
316.788500
287.242900
279.254500
309.205700
290.287700
268.637900
267.105000
261.241100
257.733800
327.629300
289.667800
339.280800
308.546800
279.336200
252.394800
291.470100
295.511400
284.579600
306.747400
289.511300
300.541000
274.833100
246.200900
243.915000
240.410500
250.522400
242.264800
253.093300
254.660700
270.522600
242.010900
264.592200
257.675400
250.336100
241.844500
250.223400
264.778000
248.070400
249.584200
250.502500
257.687400
253.575800
249.456300
245.471900
257.559200
252.755600
248.886400
252.362700
254.019800
265.493800
257.135000
254.112800
234.535200
249.037500
243.896100
254.094900
241.582800
259.431000
259.288800
246.904000
257.661400
242.993400
260.785900
271.814700
243.265100
244.685600
252.627600
244.610500
242.910900
247.979700
249.688400
255.789000
243.509100
252.649800
245.407300
239.900800
246.404900
248.840900
245.161900
246.157600
239.607700
241.256100
245.011500
242.884700
237.715300
244.167600
243.368500
238.139500
247.223200
237.705500
241.677900
238.749700
239.032300
240.584400
233.370300
252.171600
257.500500
264.469000
249.936900
245.840400
252.842300
245.958800
246.401100
248.982600
253.736000
251.258300
242.946200
257.298700
254.935800
263.878300
257.041700
260.652900
260.943500
273.496500
263.252500
264.705100
265.830500
260.635400
257.593000
261.847600
261.495700
285.399000
256.175800
262.981300
252.862300
263.618400
260.349000
259.962100
251.998200
261.397100
276.665800
292.920700
264.710100
273.213600
275.156500
318.384800
295.655700
281.749700
288.024500
283.645600
283.198900
287.898200
282.972300
280.163600
282.048100
275.787800
258.403000
260.854100
263.203200
258.309200
266.801700
257.554200
260.597400
262.557600
262.949300
265.698400
296.704300
277.753900
254.078100
285.697600
254.605800
252.104700
255.555300
257.162300
248.201600
246.210400
263.602000
274.429800
278.652100
259.044400
276.353500
274.044700
262.930000
273.842600
242.762700
244.283500
264.389400
256.501900
261.278500
265.475100
260.124100
253.013200
255.015500
249.625100
252.879100
257.275100
258.691800
258.163500
265.631700
260.217200
267.265300
249.091900
254.999400
252.309500
265.316400
270.811200
260.585700
256.436900
253.550000
274.854300
267.470100
254.518700
247.901000
263.184400
276.540500
254.110100
270.023000
253.541500
273.407300
252.206400
257.244500
257.458100
263.422400
264.575400
260.924400
258.934900
260.624200
252.817000
262.157300
241.635600
243.856200
252.289700
245.665900
247.253800
256.384300
257.254000
253.640700
258.864900
253.578200
259.113400
249.945100
256.438700
260.643800
255.662000
255.572500
256.978300
259.048600
265.130500
261.195600
271.293800
260.687600
256.973300
260.499600
274.417400
258.038400
254.152400
242.879900
254.530500
248.197700
252.517400
253.582800
245.994900
273.789600
262.745200
284.165900
272.115400
263.740600
247.089000
266.231200
257.774500
259.722100
243.272600
236.478200
261.709900
255.231900
249.645600
248.049100
246.328800
249.688800
246.118500
247.767300
251.252000
247.638800
241.332400
250.434700
242.959400
239.644300
265.979700
271.504700
255.693200
259.969300
274.595100
276.543500
257.756300
261.259400
240.259900
251.601800
262.971100
258.194200
256.806800
257.093700
266.287100
259.943400
280.684600
254.709000
276.379000
265.425800
277.499700
253.260600
250.418100
248.907300
271.695000
269.079300
268.702200
256.309300
251.538600
257.597200
263.931000
282.445600
263.234900
264.964600
268.337100
263.666700
272.745800
260.862200
248.985100
255.035800
255.569600
256.841300
263.670300
286.306600
280.985100
274.322600
261.543900
257.992400
261.572700
263.385200
256.009500
256.222400
250.534500
254.902900
264.050600
257.602000
260.058700
273.860300
256.302600
267.133400
261.507700
263.370500
261.708500
259.938700
266.555700
267.154000
251.814700
259.972600
262.201000
260.236700
266.404900
262.245300
261.617700
247.930000
247.416300
265.618500
253.211500
255.751200
253.646800
251.158300
250.698200
249.803800
261.463000
255.064800
249.389800
259.480800
257.503000
250.614800
255.261100
252.308400
268.804900
256.151300
244.083900
263.363300
261.855900
265.919100
256.417200
265.328900
258.805500
260.161100
262.306600
259.581300
259.069000
252.982400
259.462900
259.646300
259.859300
258.768500
262.606200
267.496700
267.470100
281.132800
258.311400
250.315400
250.042800
259.740500
261.526600
254.672400
260.786500
255.385100
260.824800
256.923200
254.910600
259.285900
256.846700
256.540500
251.618900
261.522600
258.236100
257.273200
254.599500
260.854900
264.016300
267.171300
255.413800
254.668400
263.793800
266.641200
256.577700
257.131900
251.700100
260.322800
252.728100
269.827700
260.423300
272.758200
264.962700
259.805300
266.765200
263.970500
260.003100
262.305800
270.247500
258.910900
254.936900
261.803500
258.819700
257.504800
260.125600
264.186400
261.740000
261.866500
258.498400
266.469900
255.832500
258.200300
260.674700
258.448300
265.851000
265.288500
249.448200
247.174300
250.522500
250.598800
246.493000
257.840300
249.106200
244.412800
251.487400
250.209300
251.672300
251.693800
246.600400
254.339700
244.997800
260.009600
245.196000
264.842200
270.416100
263.305400
264.307400
273.934500
270.420300
263.805300
268.124800
276.546300
262.791500
261.279400
259.083000
262.396700
266.543000
267.275100
271.769600
263.169000
252.427300
250.727900
264.254900
259.579400
253.135200
252.261600
247.477300
256.806800
257.771400
250.724400
254.614800
248.121600
247.979700
248.871600
244.085900
249.472500
263.881300
262.348800
266.487800
266.119200
260.565300
258.603700
258.089700
256.111000
257.456900
259.853600
266.129700
249.004500
262.306500
258.670400
264.486700
263.054100
262.812100
267.982200
270.962300
271.433200
273.505200
270.064600
271.146700
273.580800
272.255400
282.563600
302.143800
268.898300
270.628400
264.409300
273.515500
261.879800
272.997500
271.429000
263.443800
251.290200
254.113900
252.113400
253.951400
250.499500
257.618500
242.439200
256.984000
246.177200
259.493900
252.522000
266.579400
260.575900
258.792900
248.602400
274.804400
278.290400
275.458800
277.692300
273.258000
276.967500
274.259500
300.241500
282.133700
277.472200
271.604100
286.597000
269.593100
287.567200
278.430900
270.586600
273.033900
257.658900
252.974500
254.205900
260.766500
257.621500
252.300500
256.804100
256.625400
254.733000
256.040400
255.046700
265.009000
247.843700
259.829800
251.996200
258.774600
259.460200
260.253400
256.302700
260.857300
266.525100
264.349900
258.784000
258.913700
255.787700
258.455400
256.333500
266.164800
258.725000
261.086100
254.632000
259.957300
255.805500
258.432000
254.619700
254.744400
252.462400
252.163400
249.476800
259.338200
257.499400
261.117100
253.401700
255.939200
256.292200
252.228000
259.496300
254.540600
251.743900
251.262300
265.707500
262.251800
270.785000
254.858500
262.793700
258.331000
251.514400
252.814700
255.524700
250.993400
253.490500
247.769600
253.465100
255.598600
250.390200
259.396000
260.103000
250.188900
252.739900
244.211900
254.746700
250.730600
248.655900
276.649200
254.127300
256.371900
255.471100
247.762800
252.917500
253.324700
253.770100
254.405800
248.073500
271.958300
266.506400
265.166600
268.052300
271.779200
275.267600
270.109000
271.167400
283.908100
272.460800
267.391000
268.219300
267.126000
266.523100
271.689900
261.096800
272.621600
247.904400
247.289200
248.970800
250.489100
240.741800
255.389900
255.059000
243.109400
245.295000
242.733800
256.644600
249.488400
251.291000
253.703000
245.827300
241.619000
236.602600
259.701700
251.193200
260.318000
261.144000
257.642600
256.235700
258.676100
259.491000
258.352600
257.040000
262.952500
262.665000
270.681500
286.078400
273.403000
263.147000
256.462400
249.016300
252.969300
251.785800
256.169900
249.234200
255.580200
255.537900
260.431500
253.319700
257.994200
256.866200
250.879700
265.373600
262.850800
256.651300
261.479500
265.237500
260.115100
266.438700
261.603700
263.420700
280.562900
274.054200
261.268900
269.947300
271.014200
258.887700
265.215500
268.969900
264.223400
257.658000
251.308300
261.399300
270.781800
261.149800
263.880100
258.768600
252.817500
259.354000
253.639000
259.965000
260.920200
260.484300
264.058600
258.661300
263.393400
257.219000
264.560000
260.291600
258.903600
260.420000
270.546500
260.945000
252.646100
269.944700
254.869500
275.402900
255.172000
260.838300
257.970600
264.063900
280.222500
264.364600
260.463600
259.999000
252.582700
283.738300
267.592600
276.139300
263.306800
262.899900
263.560800
269.994300
275.527500
269.092500
266.824000
278.244100
269.595900
261.079700
269.320400
277.132100
265.819500
264.694900
244.053200
243.995600
244.355800
255.289600
252.258000
252.690800
264.573600
251.070900
248.884400
249.114600
247.109600
253.094400
252.198600
246.675900
248.297900
242.854300
260.165500
261.805800
258.150400
260.669300
268.427700
259.347900
277.854400
256.835100
260.287300
257.285000
263.717700
265.161500
265.395200
259.634800
261.481000
261.445600
257.261000
259.997400
264.395900
260.693100
263.238200
264.541100
264.824500
259.803500
262.727800
264.756100
264.450700
261.941800
254.120800
278.726100
259.685600
264.485400
277.945700
299.225800
258.855000
255.012400
255.293000
258.349100
256.739800
264.339100
258.476300
256.364100
253.768800
260.281200
247.435400
246.276800
261.855500
247.334800
252.534100
252.727200
257.172000
256.453900
267.181300
274.198300
264.546200
262.238400
252.455200
262.931800
257.883500
263.020700
265.288000
312.602800
299.239100
294.991900
502.485100
397.881100
339.181300
358.389900
358.884300
346.160000
361.166700
345.260200
308.588700
296.409700
278.268200
267.565700
276.114500
269.340800
263.233500
267.253200
263.487800
262.711800
258.500800
261.199300
274.044000
264.422500
275.506300
271.453900
268.712700
271.754500
268.246100
293.151900
342.000000
469.598300
353.742900
351.553400
353.924100
343.976700
334.612700
301.574500
279.864300
276.616900
281.623200
279.752000
285.649300
252.195600
259.874500
260.553500
251.246700
257.483100
255.184800
258.907100
260.126500
253.981300
258.164500
258.902100
251.298200
267.528900
268.180300
264.542300
271.440800
263.838000
271.900900
268.336000
265.278200
263.347800
269.266600
265.320000
268.949600
272.538700
276.894800
261.922400
264.313000
273.490300
263.052300
265.393900
266.508900
266.002200
319.224100
295.131200
290.005100
306.463400
277.003600
269.476100
269.750100
267.417000
266.892300
290.211600
338.392800
280.545500
284.237600
384.053000
289.659800
291.825400
300.419500
287.425700
296.811700
295.516500
281.524700
258.069800
258.140600
256.873900
256.417100
264.992900
257.387300
257.427000
268.268200
255.781900
255.970100
258.185900
258.433600
267.212900
258.624500
317.312500
265.737800
254.806900
258.245500
261.774000
259.649500
257.417800
260.752200
262.730600
260.578800
254.647700
269.926200
265.575200
260.134200
257.819700
262.098100
265.072300
268.731100
263.885400
278.741200
261.895000
262.477800
