135.708400
102.053200
111.318900
101.761100
102.277300
105.151500
105.553000
100.044900
102.061100
100.734100
105.922200
103.661600
111.787700
104.053900
104.679700
107.028200
104.115500
105.458700
105.844600
109.995500
107.222000
114.251900
110.501300
118.817200
116.796900
104.402800
99.909000
99.363300
100.253000
99.927400
98.796200
98.619100
100.116000
103.359000
101.841100
100.244300
103.667100
100.647000
101.156500
105.513800
109.479800
102.292500
100.942600
100.024800
131.765900
108.917000
100.421400
98.321200
101.893600
102.400600
107.694600
102.726700
102.421500
102.455400
102.871100
96.452300
100.657600
91.728200
95.891400
103.295300
106.252800
108.531600
108.152600
108.523800
110.706000
113.015500
109.700000
108.010000
107.500200
105.810700
108.038000
102.056200
105.402000
107.896800
103.041500
103.069300
108.400600
112.376600
129.838700
118.376600
115.770100
115.561100
108.114800
108.749200
107.867600
112.824100
112.403800
106.441700
106.023300
108.235100
111.048000
111.450300
104.275400
108.770000
119.908000
116.455500
108.054300
105.347500
120.707600
121.157200
116.462900
109.702200
103.790600
104.525400
104.511800
103.561800
103.804000
109.249300
105.995500
106.081500
103.574200
115.207700
114.082100
108.919700
107.328900
110.563100
108.404900
109.920900
105.908800
103.786500
106.213900
106.928800
102.732600
108.499400
108.104600
101.555000
105.761300
103.292000
123.011500
103.548200
111.028100
105.883400
107.554200
104.660100
106.065700
103.946900
103.746800
107.850300
105.490900
101.392100
100.735800
104.478600
109.803500
106.663000
105.663300
100.237200
112.092400
108.523300
99.843900
100.001700
111.311700
110.998600
111.682300
120.288000
107.297900
110.840200
107.665400
102.458200
125.196800
105.411500
108.677300
106.452100
106.495200
105.058700
105.859900
107.756400
108.733100
108.615700
103.957200
110.390500
111.064600
114.682000
111.984400
109.288800
108.001300
107.312000
104.182200
107.454400
106.291400
102.169600
101.716600
116.225800
98.636600
102.061600
98.394400
103.843900
98.154800
95.571600
100.774700
105.173900
106.786600
105.624500
100.341400
101.716900
101.982300
111.509400
99.288900
94.926200
101.157700
94.144800
96.552900
99.377900
95.769500
99.102100
99.952200
108.446000
93.002000
99.678900
99.998000
97.168200
106.729700
107.902800
106.528000
100.783300
104.197900
104.436600
107.003300
105.241800
109.452900
107.480300
111.543900
102.868600
103.235400
109.841000
103.533800
104.714800
104.404700
110.625700
108.976300
103.860200
108.217600
114.997700
106.064800
111.222400
103.238300
102.941500
107.779800
106.269800
108.685500
110.448700
109.236700
105.796400
101.433900
108.068600
108.844100
103.883100
110.078800
108.188400
109.433800
96.902600
107.745200
103.381700
124.325100
116.965500
105.870100
110.168100
114.550800
105.796300
108.329800
110.988900
100.591900
103.267300
102.164200
112.597900
136.789800
104.776500
104.520000
107.036900
105.208400
107.039200
111.720600
108.902200
103.341100
114.692300
112.324800
101.182000
104.247200
104.340500
106.355100
106.838400
108.472700
111.832600
108.432300
109.115000
105.301300
113.882100
110.566800
111.503400
115.723300
118.061100
106.105200
111.435500
110.619500
114.825500
107.305200
107.671300
106.171000
104.533400
104.217400
114.130300
108.113000
112.310800
110.048800
105.458000
106.332400
105.321200
102.967100
103.358600
104.670300
99.803200
100.264700
101.478500
98.194000
97.974500
105.187700
103.039800
98.267100
98.310500
101.616900
102.580600
99.643900
110.956400
102.660200
104.660600
113.869400
110.722100
108.283400
106.498600
112.849100
101.927900
101.145400
111.123100
101.723100
115.708400
108.389100
102.934000
102.594700
99.669700
110.181900
108.187900
106.159400
102.637500
110.113000
103.797100
106.073300
102.382200
115.244900
104.314800
109.725200
100.925700
105.542700
111.328200
117.839900
111.741100
106.473200
108.975900
101.961600
107.021600
108.292300
108.847800
102.694000
102.545900
110.277000
106.379300
105.399300
109.150700
106.898700
94.468200
100.417100
104.299500
103.040000
104.952400
102.618800
104.328100
107.685200
104.178400
106.234400
121.341200
126.420500
119.998500
124.616000
104.791000
98.619300
98.578000
107.184600
104.572600
105.767800
109.276000
107.125600
107.080000
108.522700
103.523400
104.440800
104.556800
99.122700
98.207900
104.810300
106.893900
110.926000
103.743500
103.794500
105.913700
114.139900
111.766500
106.045800
109.095600
102.393800
105.841500
108.168100
106.021300
105.658500
109.354800
108.363200
110.158300
112.450200
101.788800
102.545700
102.003300
113.810700
110.830500
123.696000
140.775700
106.885400
120.707500
104.107700
102.690900
100.132900
109.447100
107.968400
101.562600
117.551700
106.808200
116.043300
113.551300
95.951900
97.885400
102.021400
105.235300
103.530300
105.156100
103.101900
108.988700
106.782800
110.206600
105.172700
101.816600
102.685400
101.212700
99.397300
107.350500
104.875100
105.881300
105.592300
108.092100
103.122000
104.893500
106.756900
109.595400
105.910900
102.998200
101.143000
106.090300
99.241600
99.952000
98.456900
102.704900
93.544400
102.274400
101.375100
102.139300
99.562400
95.408400
97.193700
105.810200
105.234900
106.356200
102.963600
101.240600
97.438700
109.528700
105.154100
105.146500
106.851800
106.312300
103.012500
100.813400
104.452700
96.513300
103.025800
100.225000
110.289100
99.404900
99.192100
100.115800
96.090500
96.809500
104.253200
103.211600
100.533500
100.374500
102.629700
102.076300
103.120800
104.842700
99.122400
97.140300
100.002300
110.033200
99.600600
104.872600
98.331700
98.843200
100.571500
100.107700
98.878300
95.261300
98.174000
100.649500
96.765100
103.730800
103.015800
100.767600
102.974700
101.149700
95.945600
101.703400
98.121400
103.433300
103.134300
100.131400
103.791200
104.959100
115.357900
109.385800
92.839800
97.172200
99.691600
106.648300
123.044800
111.380500
102.571700
109.785600
101.953600
99.440600
104.713900
103.757100
102.763500
98.980700
110.642300
102.741100
111.551100
111.529300
104.669700
95.361100
107.926000
100.076300
102.676900
96.978800
100.809800
132.716300
103.159600
113.803600
103.564900
96.816400
95.204000
102.346100
100.050900
98.554300
107.905900
99.023000
99.892400
105.438300
98.922700
100.949600
104.121200
100.346100
101.307200
107.868200
98.769700
103.959800
102.203600
100.203500
106.082000
101.248900
98.502800
117.755100
106.709000
111.290300
106.292800
105.641200
97.904900
98.937500
101.941100
101.446800
104.437800
99.607000
104.438300
105.827600
97.683400
95.422900
101.529200
98.724100
95.683000
100.101600
107.788800
97.133200
93.814000
95.601400
98.773800
90.146000
99.351900
97.445700
90.871500
100.145300
92.183100
95.416700
97.294000
92.799800
97.986100
93.751200
93.930700
91.282900
97.318900
97.989100
96.413500
99.904400
101.607800
101.129400
101.379900
100.845400
99.947500
96.395400
95.650500
94.391700
95.221800
98.975400
103.645900
99.270200
96.949000
101.925400
118.478700
102.007500
118.546000
97.492200
102.559400
105.001900
111.039200
105.395800
94.836200
102.274100
101.988900
107.669600
96.198200
95.807200
98.006900
95.864800
99.322200
97.741100
103.336500
101.384300
99.666000
109.322500
105.247600
96.397100
92.726100
98.516300
95.971400
92.336300
97.479500
104.413300
94.535400
93.028000
95.384800
97.647900
96.039400
96.379800
96.836800
101.260100
94.355700
99.377800
100.464700
98.861300
95.637400
95.494800
95.457700
94.780200
95.214600
100.639300
93.577300
98.654400
95.449100
106.430300
105.106900
109.913600
95.933900
103.007400
103.145000
97.958300
99.046100
102.147200
105.762800
108.381700
102.549800
101.983800
97.350500
99.467800
98.195100
95.722000
102.566200
96.984300
97.793200
92.300200
99.272300
108.303800
104.286700
95.091100
94.472600
96.979300
98.421300
99.565900
99.974500
107.741700
95.962900
100.171200
104.721900
95.287400
99.895200
97.950600
95.188500
105.223000
100.860900
100.963300
104.346400
106.184300
106.815000
98.970900
97.445100
121.122900
92.423800
94.406500
94.140200
105.672500
97.806900
106.910700
108.832700
105.501600
100.971100
102.691900
102.293600
100.451700
99.681900
96.090700
95.779300
97.261200
126.344500
93.355600
96.965900
99.012400
95.679100
93.479000
96.614100
94.847400
96.254400
95.047700
92.553500
90.910500
93.701400
127.992400
100.530700
102.130300
97.907400
92.905100
97.163300
93.249400
92.113400
94.484200
95.722200
95.917100
102.957000
108.064400
101.925400
99.454300
95.121600
95.930200
95.966700
96.270200
94.564100
97.698400
100.500000
115.060000
132.110900
193.048300
145.642300
149.448700
123.699700
120.560300
126.687800
115.247800
117.405200
106.984300
