259.626400
206.274700
219.429800
210.275500
213.120700
224.481500
212.088100
206.264500
203.258400
248.294600
252.877400
238.413900
237.408300
221.001800
209.862600
215.474100
207.038900
213.759100
233.372200
222.369700
239.036100
212.538500
218.245000
224.850600
219.994600
220.460600
328.653200
284.470400
239.466100
271.251700
313.802300
235.701800
239.254700
231.774600
307.829100
339.583600
321.568000
378.501200
306.054200
314.242800
379.437200
263.246300
256.262100
242.799800
249.563400
245.795100
237.546000
224.462500
274.211400
283.804000
296.076100
294.137100
265.466700
238.382400
253.599000
233.850800
260.009600
236.964800
219.979600
224.423800
228.096500
221.805200
235.581100
280.026300
249.848800
318.650700
387.720700
307.527100
289.629800
317.919000
275.455900
233.239700
259.696000
289.221200
246.145500
244.033700
232.582200
255.866700
253.831500
260.095700
241.500000
249.525500
225.109000
227.822700
227.865500
225.044100
229.605500
223.761000
257.907700
240.796700
232.254300
234.385700
250.745200
258.250900
255.174500
248.917800
230.121300
260.805100
266.009700
243.952500
228.083400
279.350900
250.233300
221.938100
214.130600
242.055800
251.777900
223.790200
220.182300
218.389500
232.648400
245.722000
326.623200
265.516200
233.857500
328.113700
292.144300
247.148600
235.901900
227.643000
223.509800
258.878100
224.990700
229.795200
241.500500
222.378000
237.709200
230.468500
234.408800
235.468000
226.580400
225.260400
224.607400
220.822500
222.469300
223.048300
225.010600
230.163200
222.402100
219.220100
218.321400
223.483200
231.251600
227.037200
223.336300
216.552300
223.623900
229.366400
222.612400
217.874100
232.845500
233.553400
232.615300
243.853200
227.465400
237.032900
218.807900
220.978000
212.091600
217.774500
226.814800
228.772400
224.947700
225.750700
228.730900
225.354400
232.475000
229.377700
213.489800
224.139500
216.800500
225.333700
231.216700
231.489600
224.466100
217.160800
219.231800
239.541700
219.182500
219.934600
213.763400
218.656400
213.532900
220.020700
220.962800
220.344500
218.717800
213.064900
253.806900
319.289400
246.009800
251.965800
322.462800
226.635600
222.860100
224.167500
216.624300
215.450600
229.249500
235.650900
241.503000
227.664300
221.624700
213.843700
226.274300
222.381400
272.217200
233.453600
224.215700
220.933400
234.045000
234.292700
236.505300
204.895600
227.161100
213.315700
205.447600
204.804800
215.877700
222.049500
225.339600
198.571400
202.573800
205.343100
202.491800
218.203200
251.617800
228.024300
237.189400
223.884000
248.999500
246.440700
213.885600
263.096200
240.164200
219.628600
252.549800
240.420500
234.764300
230.467200
234.096400
227.699900
217.026400
228.632400
222.763500
223.028100
230.520900
236.203300
228.212400
208.720700
218.717100
218.705100
230.977900
234.384500
224.852000
229.482900
236.321500
222.925600
220.655700
231.486300
218.627100
217.880200
220.226900
245.219100
228.453600
211.335600
219.693800
222.438800
223.302800
220.025300
227.388400
228.749700
214.169900
214.369500
230.986200
212.865000
213.145800
210.591900
218.680800
218.016800
232.916300
287.977900
239.689800
231.704100
215.695500
231.601700
223.943900
306.179500
262.623400
282.198900
239.765600
264.135900
231.146400
238.628400
222.259400
218.632700
220.442500
278.589600
221.364200
237.668200
228.315000
229.785000
232.276000
274.937800
297.255600
269.388800
270.162000
218.987500
213.750800
216.239700
210.245800
212.026800
203.978300
210.546700
216.411900
206.837400
275.770300
234.856600
222.759400
217.595400
217.760000
229.448000
216.029700
225.702100
247.649000
273.850800
227.215100
223.935900
205.630100
274.504800
246.091400
236.085300
220.132400
227.194400
239.566200
216.904100
206.931500
222.665300
259.842400
233.456300
276.068800
227.353900
225.425800
205.343800
216.784000
264.090900
267.798400
286.932200
247.880000
232.299600
283.841700
264.266700
234.631000
279.026700
251.864200
229.152000
226.210000
221.712200
227.377400
236.677300
219.522500
218.463600
241.408700
225.356700
232.026100
287.379800
294.801000
243.820600
244.983100
240.326500
239.398900
222.840600
256.552100
232.727000
228.012400
223.701500
223.078200
218.916500
252.421700
268.497600
284.780100
236.039700
287.437500
231.502600
256.771800
234.080000
251.147300
289.433900
230.275700
220.870600
220.433100
232.909200
223.659300
213.852900
209.780100
216.534700
258.282800
280.995500
358.492000
294.807500
245.895800
349.102400
292.199000
235.946300
221.665600
216.201300
226.951000
224.452600
219.809600
222.808700
222.062600
224.380800
220.522700
274.288900
254.346400
217.934300
237.237200
223.482700
233.542000
222.583100
267.522000
289.610500
278.793100
288.170200
234.801400
218.163100
248.286600
317.596100
265.984300
220.278400
233.073700
291.668800
338.139900
273.219700
217.990800
224.582500
253.301500
227.868600
229.510000
257.366000
252.104200
223.637700
218.294600
284.028900
226.674900
218.923000
215.431200
214.213700
213.864700
223.420000
212.097600
309.397900
240.792700
204.861900
210.015800
229.473800
245.616900
218.193500
217.570500
232.012800
219.581800
228.035400
207.640600
257.283100
212.425500
229.451400
209.373400
222.797200
216.834300
209.380700
202.557500
205.611900
206.403500
221.472000
241.505700
240.849100
223.974300
224.513200
209.813200
216.201500
229.311300
226.435500
226.848500
228.575300
251.187400
226.604400
220.077700
210.117800
226.839000
229.020500
282.476000
249.786100
211.794500
219.843100
216.939000
222.414000
222.716000
230.614400
210.536500
208.867800
218.036500
210.827500
215.786500
232.540400
210.493100
196.129300
204.762000
235.118400
211.195900
211.841100
206.821800
210.250500
218.053200
216.543300
220.555100
220.109300
214.702200
204.549500
203.803000
208.605300
219.448200
217.582900
222.907200
208.280800
210.344100
211.736000
207.619500
209.985100
212.722600
212.693400
218.371300
221.806000
237.872100
226.680100
200.706500
209.409700
215.928400
215.971800
205.461100
218.426000
209.470200
232.856800
200.709400
205.839200
208.957800
216.711800
213.350300
215.072100
222.444800
210.637300
220.708300
219.609200
213.181200
211.424600
208.538200
211.583300
212.940800
207.923300
212.345700
201.508500
199.155500
219.703000
212.241400
205.832300
198.029700
202.659500
214.839300
224.034200
216.891900
198.009200
201.100000
201.215400
199.338700
204.653800
221.028700
210.347300
208.315200
209.912300
206.185900
224.891900
218.768800
222.352000
213.719500
207.331500
203.414400
229.042300
221.775100
206.258400
212.510500
220.295600
203.099200
206.324900
207.729700
206.461100
216.093300
208.033900
201.532900
210.519800
203.367700
196.926900
214.030500
204.052000
193.163500
209.927300
202.197100
200.271900
203.940500
205.352500
210.619900
204.714800
201.342000
208.301000
206.571900
228.786700
209.244200
210.331600
212.821900
201.306500
203.034700
204.028300
209.930700
203.304100
204.897900
211.495500
209.764500
210.192100
211.515000
217.202900
216.316900
204.120800
210.911100
198.344200
206.181700
203.375900
196.883200
205.913700
209.707400
206.415800
199.165200
206.247300
211.896800
241.335900
236.932200
202.601600
209.937700
218.385800
224.870500
208.708300
193.396800
207.024400
211.030800
209.937100
209.277400
199.683100
200.397300
200.873100
202.599700
213.972800
200.950700
220.167000
210.108300
208.665000
217.170700
211.107900
219.408800
234.710000
218.793400
198.979500
213.739200
217.261300
206.380100
204.954200
204.204100
210.804500
205.877300
205.045000
204.094200
216.611400
208.463300
205.366300
210.309900
209.324700
211.173100
210.877900
208.432100
215.939700
209.195500
209.185900
190.534400
213.646000
209.750300
198.957100
236.651500
222.720700
200.090600
195.358800
214.297400
200.974700
205.853900
202.546400
227.131100
206.272100
199.752800
205.510400
200.019400
198.132900
205.851900
205.909400
202.578600
197.363300
196.441700
202.299000
204.591500
201.968600
211.492500
215.845100
205.247600
204.200900
205.891800
212.669400
188.251300
199.173800
193.805700
205.561000
211.554600
195.142600
204.034600
203.542100
208.999100
194.038400
195.829900
190.563400
197.238300
211.899700
223.467200
203.194800
231.353500
199.064600
197.739800
201.108700
200.834100
198.667200
201.809100
207.873700
208.308500
213.360500
197.483400
196.304400
207.866700
207.061300
202.279800
208.996800
200.441500
195.371600
208.452300
198.005600
198.242100
204.046100
198.139900
192.565900
201.363400
198.935700
212.606400
201.040000
215.998200
206.633000
198.219600
193.906400
225.007100
221.633400
206.981700
200.602800
231.502800
193.114200
197.448100
208.768400
205.710200
200.262300
198.635200
201.599200
230.832400
195.894900
191.838800
199.370800
192.291800
201.305400
189.993900
194.210400
185.720300
186.712700
227.973900
190.949400
196.030700
191.876900
198.373000
202.974200
193.424100
190.739400
199.521600
204.447100
