-1.494541,-4.581207,-10.047606
-1.494541,-4.581207,-10.047606
-1.494541,-4.581207,-10.047606
-1.386036,-4.474493,-9.962033
-1.386036,-4.474493,-9.962033
-1.386036,-4.474493,-9.962033
-1.386036,-4.474493,-9.962033
-1.386036,-4.474493,-9.962033
-1.386036,-4.474493,-9.962033
-1.386036,-4.474493,-9.962033
-1.386036,-4.474493,-9.962033
-1.386036,-4.474493,-9.962033
-1.386036,-4.474493,-9.962033
-1.386036,-4.474493,-9.962033
-1.386036,-4.474493,-9.962033
-1.386036,-4.474493,-9.962033
-1.386036,-4.474493,-9.962033
-1.386036,-4.474493,-9.962033
-1.386036,-4.474493,-9.962033
-1.021530,-3.847802,-9.719599
-1.021530,-3.847802,-9.719599
-1.021530,-3.847802,-9.719599
-1.021530,-3.847802,-9.719599
-1.021530,-3.847802,-9.719599
-0.843844,-3.685559,-9.649735
-0.843844,-3.685559,-9.649735
-0.858420,-3.694843,-9.624074
-0.863106,-3.697661,-9.616003
-0.872972,-3.703286,-9.599105
-0.805243,-3.709990,-9.579519
-0.809796,-3.713839,-9.570227
-0.809389,-3.640577,-9.545727
-0.818597,-3.646775,-9.530138
-0.678535,-3.580984,-9.479591
-0.689440,-3.587720,-9.460317
-0.691995,-3.590349,-9.453065
-0.639268,-3.509151,-9.446886
-0.640015,-3.509984,-9.443165
-0.625218,-3.389202,-9.423032
-0.644596,-3.301326,-9.421277
-0.645647,-3.302746,-9.415779
-0.647243,-3.304724,-9.408071
-0.648310,-3.305928,-9.403191
-0.650256,-3.307779,-9.394924
-0.651551,-3.308976,-9.389683
-0.654514,-3.311626,-9.378799
-0.684700,-3.265474,-9.345656
-0.691283,-3.272352,-9.331704
-0.693205,-3.274299,-9.322919
-0.631734,-3.355209,-9.238482
-0.646552,-3.442408,-9.272930
-0.650331,-3.442267,-9.271580
-0.567661,-3.376851,-9.253898
-0.568966,-3.378036,-9.248365
-0.569633,-3.378678,-9.245476
-0.570884,-3.379901,-9.240355
-0.572607,-3.381495,-9.233595
-0.574027,-3.382768,-9.228560
-0.575166,-3.383967,-9.224043
-0.576881,-3.385816,-9.217124
-0.578027,-3.387085,-9.212720
-0.562553,-3.305191,-9.193000
-0.563758,-3.306287,-9.188880
-0.565555,-3.308424,-9.180931
-0.567160,-3.309793,-9.175725
-0.568241,-3.310678,-9.172161
-0.569945,-3.311991,-9.166724
-0.571377,-3.313080,-9.162276
-0.572374,-3.313877,-9.159019
-0.573661,-3.314887,-9.154842
-0.574549,-3.315591,-9.151917
-0.575890,-3.316650,-9.147676
-0.576431,-3.317062,-9.146020
-0.577464,-3.317815,-9.142618
-0.577938,-3.318120,-9.141109
-0.578653,-3.318524,-9.139033
-0.579435,-3.318944,-9.136811
-0.579681,-3.319070,-9.136122
-0.580076,-3.319277,-9.135036
-0.580260,-3.319375,-9.134543
-0.580292,-3.319394,-9.134457
-0.580165,-3.319324,-9.134800
-0.580018,-3.319246,-9.135192
-0.579590,-3.319022,-9.136375
-0.578985,-3.318712,-9.138070
-0.578610,-3.318498,-9.139156
-0.577698,-3.317977,-9.141840
-0.577335,-3.317722,-9.143062
-0.576311,-3.316971,-9.146395
-0.575613,-3.316435,-9.148543
-0.574445,-3.315510,-9.152263
-0.572932,-3.314316,-9.157232
-0.572157,-3.313703,-9.159743
-0.570412,-3.312347,-9.165275
-0.569648,-3.311770,-9.167623
-0.567955,-3.310446,-9.173104
-0.566303,-3.309076,-9.178507
-0.565253,-3.308082,-9.182216
-0.563436,-3.305997,-9.189937
-0.578832,-3.387978,-9.209754
-0.577659,-3.386670,-9.214104
-0.575854,-3.384708,-9.221296
-0.574880,-3.383660,-9.225192
-0.573267,-3.382091,-9.231166
-0.571540,-3.380503,-9.237768
-0.570827,-3.379849,-9.240576
-0.569612,-3.378657,-9.245574
-0.568819,-3.377894,-9.249002
-0.651380,-3.443001,-9.269328
-0.649532,-3.441690,-9.273228
-0.632715,-3.355275,-9.234656
-0.694268,-3.275065,-9.318433
-0.692814,-3.274003,-9.324915
-0.685570,-3.266466,-9.342856
-0.684033,-3.264654,-9.347803
-0.653710,-3.310925,-9.381626
-0.651120,-3.308589,-9.391408
-0.650051,-3.307581,-9.395810
-0.647962,-3.305552,-9.404777
-0.647012,-3.304434,-9.409143
-0.645340,-3.302367,-9.417338
-0.643810,-3.299956,-9.425512
-0.624981,-3.388559,-9.424356
-0.639788,-3.509748,-9.444281
-0.638948,-3.508813,-9.448287
-0.691366,-3.589673,-9.454920
-0.680688,-3.582781,-9.475047
-0.755284,-3.651067,-9.493942
-0.817095,-3.645742,-9.532587
-0.805451,-3.638682,-9.551818
-0.808307,-3.712591,-9.573195
-0.875678,-3.704844,-9.594287
-0.870629,-3.701962,-9.603017
-0.860801,-3.696306,-9.619930
-0.854698,-3.692508,-9.630915
-0.849747,-3.689269,-9.639801
-0.841368,-3.683877,-9.653382
-0.931385,-3.720069,-9.671844
-1.057080,-3.928843,-9.736635
-1.033752,-3.854497,-9.698935
-1.025547,-3.850098,-9.712584
-1.018770,-3.846169,-9.724265
-1.071931,-3.907056,-9.741072
-1.227312,-4.032474,-9.766894
-1.222516,-4.029097,-9.770698
-1.213946,-4.023521,-9.778547
-1.263676,-4.131566,-9.794035
-1.256967,-4.126578,-9.801541
-1.305550,-4.173210,-9.860755
-1.296870,-4.165884,-9.871107
-1.292427,-4.161899,-9.876155
-1.438249,-4.366249,-9.914240
-1.426703,-4.409486,-9.944307
-1.399274,-4.338610,-9.874004
-1.395231,-4.336585,-9.875660
-1.317890,-4.392031,-9.881957
-1.379248,-4.420503,-9.931487
-1.389559,-4.476870,-9.957186
-1.496020,-4.582341,-10.044675
-1.492885,-4.580006,-10.050903
-1.485702,-4.578206,-10.075754
-1.539564,-4.621156,-10.100588
-1.528188,-4.611393,-10.111382
-1.460240,-4.546567,-10.071921
-1.553727,-4.610816,-10.176484
-1.551249,-4.608988,-10.181440
-1.544426,-4.521134,-10.184091
-1.611139,-4.563304,-10.237009
-1.643978,-4.468323,-10.276821
-1.638653,-4.465115,-10.284876
-1.714520,-4.633673,-10.358794
-1.852810,-4.675224,-10.407144
-1.887208,-4.713558,-10.430924
-1.875116,-4.705616,-10.448453
-1.928540,-4.735662,-10.469276
-1.918232,-4.728415,-10.483185
-1.905216,-4.719756,-10.499575
-1.900122,-4.716401,-10.506059
-1.893403,-4.711434,-10.515079
-1.965536,-4.791696,-10.544065
-2.002997,-4.804744,-10.593013
-1.993822,-4.797388,-10.605203
-1.990186,-4.794503,-10.610276
-1.983682,-4.789660,-10.618675
-2.018298,-4.833625,-10.629788
-2.042353,-4.895919,-10.675391
-2.045151,-4.877565,-10.673628
-2.090317,-4.913626,-10.690739
-2.078644,-4.953053,-10.712528
-2.060238,-4.997005,-10.717672
-2.053899,-4.991914,-10.726419
-2.049598,-4.988170,-10.733188
-2.077220,-4.936501,-10.757437
-2.074669,-4.933818,-10.761897
-2.066255,-4.925428,-10.771667
-2.077732,-4.969954,-10.785572
-2.086397,-4.966266,-10.847825
-2.084156,-4.963773,-10.851617
-2.106107,-4.996670,-10.871604
-2.147974,-5.033436,-10.884888
-2.214363,-5.137421,-10.910221
-2.209797,-5.132832,-10.915920
-2.237932,-5.188036,-10.962600
-2.325519,-5.203122,-10.994273
-2.371795,-5.227337,-11.011363
-2.357448,-5.218096,-11.025157
-2.340533,-5.206212,-11.041682
-2.337512,-5.203939,-11.045008
-2.375943,-5.199269,-11.056183
-2.355374,-5.244545,-11.055301
-2.422429,-5.345273,-11.092675
-2.406662,-5.379366,-11.104877
-2.403006,-5.376575,-11.108613
-2.397458,-5.371900,-11.114787
-2.394577,-5.369270,-11.118074
-2.391651,-5.366743,-11.121577
-2.413805,-5.349506,-11.109957
-2.408546,-5.345192,-11.114927
-2.405079,-5.342442,-11.119213
-2.403678,-5.341267,-11.120954
-2.371133,-5.382532,-11.096079
-2.369222,-5.380939,-11.098365
-2.406425,-5.371472,-11.104397
-2.444957,-5.398827,-11.117341
-2.456056,-5.465609,-11.132026
-2.453138,-5.463573,-11.135047
-2.450878,-5.461934,-11.137520
-2.450035,-5.461287,-11.138489
-2.448353,-5.459990,-11.140433
-2.447556,-5.459364,-11.141384
-2.446316,-5.458415,-11.142857
-2.461722,-5.491415,-11.153300
-2.461232,-5.491047,-11.153841
-2.460385,-5.490404,-11.154764
-2.459865,-5.490008,-11.155338
-2.459625,-5.489824,-11.155614
-2.459412,-5.489661,-11.155850
-2.459378,-5.489636,-11.155888
-2.459461,-5.489699,-11.155795
-2.459578,-5.489790,-11.155663
-2.459916,-5.490048,-11.155283
-2.460693,-5.490637,-11.154430
-2.461452,-5.491212,-11.153597
-2.462186,-5.491811,-11.152788
-2.446181,-5.458310,-11.143016
-2.447341,-5.459198,-11.141639
-2.448827,-5.460357,-11.139881
-2.449893,-5.461176,-11.138656
-2.451740,-5.462572,-11.136559
-2.452902,-5.463410,-11.135296
-2.455625,-5.465304,-11.132470
-2.446297,-5.400006,-11.116308
-2.406019,-5.371175,-11.104789
-2.369569,-5.381240,-11.097973
-2.371137,-5.382535,-11.096076
-2.403510,-5.341119,-11.121160
-2.406419,-5.343504,-11.117581
-2.408267,-5.344955,-11.115254
-2.415485,-5.350945,-11.107960
-2.390830,-5.365998,-11.122558
-2.393845,-5.368651,-11.118936
-2.399142,-5.373400,-11.112832
-2.402363,-5.376057,-11.109305
-2.410073,-5.381978,-11.101450
-2.418657,-5.342432,-11.095982
-2.353800,-5.242164,-11.057851
-2.374818,-5.198475,-11.057474
-2.336496,-5.203193,-11.046124
-2.348867,-5.212036,-11.033896
-2.355397,-5.216565,-11.027356
-2.371284,-5.226998,-11.011879
-2.284912,-5.201364,-10.983091
-2.237674,-5.187801,-10.962974
-2.211432,-5.134522,-10.914011
-2.215121,-5.138160,-10.909225
-2.147649,-5.033013,-10.885298
-2.150966,-5.036942,-10.881628
-2.083834,-4.963412,-10.852133
-2.105524,-4.933380,-10.822227
-2.077596,-4.969749,-10.785749
-2.065909,-4.925062,-10.772161
-2.068915,-4.928201,-10.767928
-2.078373,-4.937682,-10.755359
-2.051314,-4.989583,-10.730555
-2.053669,-4.991711,-10.726786
-2.059627,-4.996585,-10.718455
-2.064466,-5.001512,-10.711095
-2.089584,-4.913085,-10.691813
-2.048133,-4.877943,-10.671150
-2.041805,-4.895496,-10.676154
-2.020201,-4.834196,-10.629196
-1.982888,-4.789027,-10.619681
-1.989707,-4.794157,-10.610902
-1.996759,-4.799756,-10.601089
-2.002276,-4.804171,-10.593850
-1.964954,-4.791198,-10.544677
-1.895870,-4.713595,-10.511436
-1.899785,-4.716171,-10.506488
-1.908775,-4.722041,-10.494852
-1.920118,-4.729706,-10.480576
-1.927781,-4.735134,-10.470246
-1.874262,-4.705040,-10.449717
-1.886200,-4.712911,-10.432368
-1.854631,-4.623764,-10.388260
-1.714556,-4.633698,-10.358736
-1.637717,-4.464309,-10.286409
-1.642951,-4.467764,-10.278308
-1.610720,-4.563069,-10.238196
-1.545688,-4.521206,-10.182670
-1.552405,-4.609766,-10.179246
-1.427969,-4.608925,-10.062018
-1.459644,-4.546329,-10.072428
-1.527623,-4.610951,-10.111966
-1.542116,-4.622719,-10.097610
-1.546863,-4.626017,-10.090779
-1.492299,-4.579585,-10.052058
-1.384758,-4.473638,-9.963134
-1.388589,-4.476214,-9.958696
-1.379549,-4.410748,-9.949079
-1.317472,-4.392037,-9.882711
-1.394246,-4.335887,-9.875062
-1.401591,-4.340030,-9.872311
-1.425978,-4.408984,-9.944923
-1.441709,-4.369460,-9.911554
-1.291674,-4.161232,-9.876944
-1.300174,-4.169056,-9.866898
-1.309602,-4.176244,-9.855905
-1.257004,-4.126611,-9.801503
-1.183959,-4.090054,-9.777135
-1.213418,-4.023386,-9.778665
-1.221779,-4.028626,-9.771363
-1.225849,-4.031450,-9.768332
-1.072076,-3.907158,-9.740881
-1.021719,-3.847910,-9.719272
-1.025250,-3.849931,-9.713114
-1.032995,-3.854099,-9.700251
-0.946252,-3.824805,-9.698777
-0.930638,-3.719583,-9.672748
-0.844706,-3.686101,-9.648373
-0.848837,-3.688686,-9.641447
-0.856398,-3.693580,-9.627802
-0.865077,-3.698793,-9.612603
-0.870177,-3.701712,-9.603778
-0.803029,-3.708247,-9.584085
-0.807566,-3.711954,-9.574713
-0.806249,-3.639196,-9.550340
-0.741992,-3.637623,-9.518187
-0.755748,-3.651450,-9.493102
-0.688899,-3.587235,-9.461768
-0.690937,-3.589218,-9.456108
-0.638838,-3.508697,-9.448767
-0.639639,-3.509587,-9.445015
-0.624822,-3.388130,-9.425240
-0.644550,-3.301257,-9.421531
-0.645165,-3.302153,-9.418219
-0.646795,-3.304163,-9.410132
-0.648471,-3.306082,-9.402458
-0.649853,-3.307391,-9.396672
-0.652311,-3.309664,-9.386832
-0.653466,-3.310709,-9.382496
-0.683953,-3.264496,-9.348071
-0.691833,-3.272949,-9.329314
-0.692822,-3.274013,-9.324877
-0.694837,-3.275480,-9.316052
-0.632446,-3.355161,-9.235460
-0.649051,-3.441343,-9.274213
-0.567974,-3.377130,-9.252553
-0.568654,-3.377733,-9.249713
-0.569954,-3.379000,-9.244109
-0.570613,-3.379649,-9.241424
-0.572174,-3.381101,-9.235235
-0.573801,-3.382566,-9.229336
-0.574820,-3.383595,-9.225437
-0.576656,-3.385571,-9.218049
-0.577571,-3.386574,-9.214441
-0.579974,-3.389535,-9.205846
-0.564160,-3.306720,-9.187285
-0.565149,-3.307951,-9.182717
-0.566913,-3.309586,-9.176538
-0.567801,-3.310321,-9.173614
-0.569460,-3.311627,-9.168201
-0.571074,-3.312845,-9.163218
-0.572033,-3.313603,-9.160158
-0.573576,-3.314819,-9.155125
-0.574214,-3.315325,-9.153022
-0.575541,-3.316378,-9.148773
-0.576718,-3.317273,-9.145110
-0.577217,-3.317637,-9.143462
-0.578158,-3.318243,-9.140474
-0.578548,-3.318465,-9.139339
-0.579237,-3.318841,-9.137366
-0.579783,-3.319122,-9.135839
-0.579975,-3.319221,-9.135305
-0.580248,-3.319370,-9.134576
-0.580291,-3.319393,-9.134459
-0.580222,-3.319355,-9.134643
-0.580094,-3.319287,-9.134988
-0.579619,-3.319038,-9.136294
-0.579341,-3.318895,-9.137074
-0.578656,-3.318526,-9.139027
-0.578260,-3.318301,-9.140176
-0.577399,-3.317768,-9.142843
-0.576361,-3.317009,-9.146239
-0.575698,-3.316502,-9.148271
-0.574545,-3.315588,-9.151936
-0.573257,-3.314569,-9.156173
-0.572190,-3.313729,-9.159634
-0.570554,-3.312453,-9.164834
-0.569687,-3.311799,-9.167510
-0.568083,-3.310550,-9.172682
-0.566249,-3.309030,-9.178677
-0.565372,-3.308230,-9.181655
-0.563492,-3.306046,-9.189754
-0.562471,-3.305117,-9.193299
-0.577852,-3.386885,-9.213379
-0.576011,-3.384875,-9.220672
-0.575031,-3.383821,-9.224585
-0.573234,-3.382061,-9.231286
-0.572396,-3.381302,-9.234392
-0.570926,-3.379942,-9.240186
-0.569472,-3.378523,-9.246175
-0.568855,-3.377928,-9.248846
-0.651572,-3.443134,-9.268911
-0.649832,-3.441905,-9.272608
-0.645935,-3.442856,-9.272003
-0.694459,-3.275208,-9.317636
-0.692952,-3.274156,-9.324255
-0.691175,-3.272235,-9.332139
-0.684484,-3.265214,-9.346353
-0.654143,-3.311301,-9.380114
-0.651251,-3.308708,-9.390875
-0.650139,-3.307667,-9.395425
-0.648060,-3.305660,-9.404339
-0.647146,-3.304605,-9.408514
-0.645423,-3.302470,-9.416916
-0.643995,-3.300278,-9.424563
-0.625075,-3.388811,-9.423834
-0.639925,-3.509890,-9.443612
-0.639069,-3.508942,-9.447753
-0.691740,-3.590077,-9.453859
-0.681586,-3.583400,-9.473217
-0.678041,-3.580559,-9.480597
-0.817008,-3.645681,-9.532725
-0.810345,-3.641212,-9.544006
-0.808383,-3.712658,-9.573038
-0.801807,-3.707350,-9.586538
-0.871806,-3.702631,-9.601041
-0.814264,-3.734874,-9.620606
-0.857629,-3.694354,-9.625518
-0.849992,-3.689424,-9.639362
-0.842265,-3.684513,-9.652148
-0.932249,-3.720639,-9.670733
-1.058771,-3.929840,-9.734498
-1.054037,-3.926988,-9.740489
-1.026086,-3.850388,-9.711663
-1.019527,-3.846641,-9.723058
-1.073194,-3.907959,-9.739562
-1.228031,-4.032977,-9.766180
-1.223689,-4.029942,-9.770074
-1.214494,-4.023853,-9.778094
-1.264585,-4.132318,-9.792918
-1.258050,-4.127367,-9.800343
-1.306653,-4.174053,-9.859500
-1.298447,-4.167377,-9.869102
-1.292763,-4.162198,-9.875804
-1.438815,-4.366817,-9.913937
-1.427375,-4.409965,-9.943720
-1.398802,-4.338278,-9.874249
-1.395348,-4.336614,-9.875596
-1.379657,-4.480682,-9.914939
-1.379961,-4.410889,-9.948396
-1.389308,-4.476698,-9.957562
-1.496270,-4.582525,-10.044167
-1.492704,-4.579871,-10.051259
-1.546867,-4.626019,-10.090775
-1.543049,-4.623346,-10.096306
-1.528093,-4.611320,-10.111476
-1.459966,-4.546454,-10.072163
-1.428288,-4.609033,-10.062053
-1.551316,-4.609037,-10.181310
-1.546110,-4.521327,-10.181815
-1.611221,-4.563348,-10.236773
-1.643188,-4.467889,-10.277982
-1.637924,-4.464512,-10.286048
-1.714917,-4.633957,-10.358144
-1.861687,-4.697463,-10.399235
-1.843202,-4.668950,-10.419765
-1.875305,-4.705748,-10.448171
-1.928487,-4.735625,-10.469345
-1.917287,-4.727763,-10.484505
-1.909511,-4.722535,-10.493852
-1.900372,-4.716569,-10.505741
-1.893160,-4.711214,-10.515440
-1.965550,-4.791710,-10.544043
-2.005241,-4.806547,-10.590589
-1.994677,-4.798071,-10.604012
-1.989795,-4.794221,-10.610786
-1.983462,-4.789482,-10.618960
-2.020585,-4.834475,-10.628803
-2.042422,-4.895973,-10.675296
-2.055078,-4.939957,-10.690980
-2.089795,-4.913241,-10.691506
-2.079051,-4.953410,-10.711909
-2.059977,-4.996827,-10.718006
-2.053992,-4.991997,-10.726272
-2.051540,-4.989788,-10.730193
-2.047727,-4.986838,-10.735749
-2.074631,-4.933779,-10.761962
-2.066205,-4.925375,-10.771739
-2.077687,-4.969886,-10.785630
-2.076154,-4.967702,-10.787277
-2.084106,-4.963717,-10.851697
-2.080499,-4.959539,-10.857142
-2.148141,-5.033652,-10.884677
-2.213930,-5.136997,-10.910786
-2.211591,-5.134685,-10.913827
-2.238040,-5.188139,-10.962433
-2.325111,-5.202837,-10.994724
-2.371933,-5.227433,-11.011227
-2.356319,-5.217246,-11.026377
-2.341398,-5.206882,-11.040730
-2.337390,-5.203847,-11.045140
-2.375082,-5.198663,-11.057172
-2.355407,-5.244568,-11.055263
-2.422356,-5.345208,-11.092755
-2.410855,-5.382576,-11.100676
-2.402772,-5.376390,-11.108861
-2.397794,-5.372199,-11.114394
-2.394689,-5.369364,-11.117945
-2.391157,-5.366294,-11.122170
-2.415704,-5.351071,-11.107615
-2.408457,-5.345116,-11.115028
-2.405051,-5.342420,-11.119249
-2.403652,-5.341244,-11.120986
-2.401389,-5.339242,-11.123819
-2.370016,-5.381615,-11.097433
-2.406397,-5.371450,-11.104428
-2.444982,-5.398850,-11.117319
-2.456238,-5.465738,-11.131837
-2.453204,-5.463619,-11.134977
-2.451928,-5.462712,-11.136353
-2.450249,-5.461451,-11.138243
-2.448283,-5.459931,-11.140519
-2.447574,-5.459378,-11.141361
-2.446344,-5.458437,-11.142820
-2.445703,-5.457955,-11.143564
-2.461254,-5.491064,-11.153816
-2.460355,-5.490382,-11.154799
-2.460037,-5.490139,-11.155149
-2.459646,-5.489841,-11.155590
-2.459486,-5.489721,-11.155767
-2.459378,-5.489636,-11.155888
-2.459467,-5.489702,-11.155790
-2.459589,-5.489799,-11.155652
-2.459962,-5.490082,-11.155233
-2.460284,-5.490327,-11.154875
-2.461093,-5.490941,-11.153995
-2.462225,-5.491845,-11.152746
-2.446146,-5.458282,-11.143057
-2.447441,-5.459275,-11.141521
-2.448119,-5.459804,-11.140710
-2.449749,-5.461067,-11.138819
-2.451648,-5.462508,-11.136658
-2.452905,-5.463412,-11.135294
-2.455859,-5.465469,-11.132232
-2.444691,-5.398579,-11.117557
-2.406034,-5.371189,-11.104776
-2.407610,-5.372310,-11.103264
-2.370905,-5.382340,-11.096360
-2.403343,-5.340975,-11.121366
-2.404723,-5.342148,-11.119658
-2.407896,-5.344651,-11.115701
-2.415289,-5.350779,-11.108191
-2.390714,-5.365893,-11.122695
-2.394169,-5.368929,-11.118551
-2.398374,-5.372716,-11.113712
-2.402059,-5.375811,-11.109634
-2.409746,-5.381726,-11.101775
-2.418155,-5.342037,-11.096462
-2.353894,-5.242242,-11.057739
-2.374652,-5.198360,-11.057665
-2.336599,-5.203267,-11.046007
-2.343922,-5.208724,-11.038095
-2.355253,-5.216460,-11.027504
-2.371308,-5.227011,-11.011859
-2.376788,-5.230785,-11.006391
-2.237581,-5.187714,-10.963111
-2.211292,-5.134377,-10.914172
-2.213503,-5.136573,-10.911352
-2.147094,-5.032282,-10.885990
-2.150746,-5.036712,-10.881857
-2.083732,-4.963295,-10.852299
-2.076375,-4.969795,-10.782825
-2.077405,-4.969426,-10.785992
-2.080904,-4.974364,-10.781250
-2.068344,-4.927612,-10.768688
-2.077973,-4.937274,-10.756058
-2.050353,-4.988713,-10.732111
-2.053307,-4.991381,-10.727367
-2.059594,-4.996564,-10.718498
-2.064471,-5.001517,-10.711088
-2.089026,-4.912674,-10.692608
-2.047677,-4.877843,-10.671691
-2.041533,-4.895288,-10.676533
-2.019765,-4.833921,-10.629584
-1.982749,-4.788919,-10.619854
-1.989149,-4.793759,-10.611628
-1.996417,-4.799480,-10.601570
-2.001616,-4.803651,-10.594659
-1.964327,-4.790376,-10.544813
-1.913492,-4.757138,-10.527708
-1.899120,-4.715703,-10.507364
-1.908473,-4.721838,-10.495264
-1.916263,-4.727093,-10.485870
-1.926916,-4.734533,-10.471370
-1.874045,-4.704890,-10.450043
-1.885829,-4.712669,-10.432902
-1.853376,-4.623251,-10.389703
-1.713959,-4.633271,-10.359719
-1.636970,-4.463574,-10.287729
-1.642083,-4.467269,-10.279613
-1.610612,-4.563005,-10.238493
-1.545710,-4.521207,-10.182627
-1.551028,-4.608831,-10.181887
-1.554453,-4.611533,-10.174796
-1.430509,-4.608823,-10.066694
-1.527276,-4.610725,-10.112268
-1.541832,-4.622526,-10.097991
-1.546469,-4.625726,-10.091308
-1.492323,-4.579602,-10.052011
-1.495496,-4.581936,-10.045724
-1.388626,-4.476239,-9.958635
-1.379267,-4.410649,-9.949560
-1.317413,-4.392039,-9.882818
-1.394595,-4.336204,-9.875342
-1.398103,-4.337861,-9.874339
-1.425716,-4.408792,-9.945116
-1.441158,-4.368915,-9.911949
-1.359397,-4.209999,-9.892074
-1.299800,-4.168687,-9.867389
-1.304657,-4.172542,-9.861742
-1.255703,-4.125599,-9.802604
-1.262334,-4.130553,-9.795579
-1.213085,-4.023203,-9.778909
-1.222005,-4.028767,-9.771147
-1.230339,-4.034688,-9.764568
-1.070399,-3.905893,-9.743041
-1.018014,-3.845684,-9.725438
-1.024241,-3.849372,-9.714923
-1.033113,-3.854161,-9.700045
-1.056546,-3.928529,-9.737293
-0.928740,-3.717956,-9.674308
-0.844751,-3.686130,-9.648299
-0.848460,-3.688449,-9.642117
-0.856716,-3.693780,-9.627212
-0.860090,-3.695876,-9.621136
-0.869788,-3.701499,-9.604431
-0.803755,-3.708810,-9.582594
-0.807124,-3.711576,-9.575607
-0.806242,-3.639191,-9.550357
-0.813626,-3.643428,-9.538238
-0.754519,-3.650453,-9.495333
-0.679977,-3.582217,-9.476590
-0.690225,-3.588475,-9.458046
-0.638740,-3.508595,-9.449184
-0.639538,-3.509479,-9.445505
-0.624566,-3.387424,-9.426657
-0.644404,-3.301035,-9.422344
-0.645173,-3.302162,-9.418177
-0.646831,-3.304209,-9.409963
-0.647799,-3.305372,-9.405519
-0.649460,-3.307025,-9.398321
-0.651962,-3.309350,-9.388140
-0.653455,-3.310701,-9.382536
-0.683860,-3.264349,-9.348374
-0.691485,-3.272571,-9.330820
-0.692682,-3.273860,-9.325552
-0.694731,-3.275402,-9.316496
-0.632371,-3.355129,-9.235686
-0.648658,-3.441070,-9.275092
-0.650827,-3.442619,-9.270535
-0.568668,-3.377747,-9.249656
-0.569865,-3.378912,-9.244477
-0.570562,-3.379598,-9.241632
-0.572160,-3.381088,-9.235287
-0.573523,-3.382319,-9.230275
-0.574603,-3.383363,-9.226310
-0.576186,-3.385062,-9.219956
-0.577444,-3.386435,-9.214930
-0.579438,-3.388752,-9.207633
-0.563153,-3.305739,-9.190885
-0.564690,-3.307385,-9.184819
-0.566540,-3.309276,-9.177763
-0.567726,-3.310260,-9.173860
-0.569374,-3.311560,-9.168469
-0.570831,-3.312662,-9.163976
-0.571871,-3.313468,-9.160711
-0.573445,-3.314716,-9.155555
-0.574196,-3.315309,-9.153079
-0.575491,-3.316339,-9.148932
-0.576518,-3.317126,-9.145744
-0.577196,-3.317622,-9.143532
-0.578086,-3.318202,-9.140680
-0.578505,-3.318440,-9.139461
-0.579223,-3.318835,-9.137403
-0.579695,-3.319076,-9.136085
-0.579964,-3.319216,-9.135337
-0.580208,-3.319347,-9.134681
-0.580288,-3.319392,-9.134467
-0.580245,-3.319367,-9.134583
-0.580116,-3.319299,-9.134930
-0.579788,-3.319124,-9.135825
-0.579181,-3.318812,-9.137524
-0.578806,-3.318610,-9.138589
-0.578026,-3.318169,-9.140855
-0.577249,-3.317659,-9.143355
-0.576557,-3.317154,-9.145618
-0.575403,-3.316269,-9.149212
-0.574704,-3.315712,-9.151430
-0.573359,-3.314649,-9.155834
-0.572636,-3.314082,-9.158184
-0.571170,-3.312920,-9.162917
-0.570123,-3.312126,-9.166180
-0.568655,-3.311004,-9.170806
-0.566899,-3.309573,-9.176589
-0.565751,-3.308598,-9.180282
-0.564190,-3.306755,-9.187153
-0.579646,-3.389057,-9.206934
-0.578338,-3.387436,-9.211547
-0.576385,-3.385280,-9.219152
-0.575403,-3.384224,-9.223098
-0.573565,-3.382356,-9.230134
-0.572005,-3.380942,-9.235901
-0.571242,-3.380230,-9.238940
-0.569836,-3.378882,-9.244599
-0.569098,-3.378160,-9.247791
-0.567841,-3.377013,-9.253117
-0.650670,-3.442511,-9.270872
-0.647145,-3.442735,-9.271744
-0.694688,-3.275372,-9.316678
-0.693475,-3.274484,-9.321786
-0.691548,-3.272640,-9.330550
-0.683600,-3.263924,-9.349253
-0.654717,-3.311804,-9.378085
-0.651867,-3.309263,-9.388493
-0.650636,-3.308142,-9.393354
-0.648537,-3.306140,-9.402173
-0.647616,-3.305167,-9.406357
-0.646022,-3.303209,-9.413878
-0.644380,-3.300999,-9.422472
-0.624730,-3.387870,-9.425765
-0.640227,-3.510202,-9.442115
-0.638816,-3.508674,-9.448856
-0.692549,-3.590919,-9.451539
-0.687938,-3.586611,-9.463592
-0.754935,-3.650778,-9.494572
-0.740287,-3.636319,-9.521067
-0.805539,-3.638735,-9.551660
-0.810564,-3.714468,-9.568688
-0.803876,-3.708903,-9.582343
-0.869537,-3.701361,-9.604853
-0.864174,-3.698270,-9.614161
-0.859927,-3.695776,-9.621418
-0.852860,-3.691318,-9.634183
-0.844896,-3.686219,-9.648065
-0.930653,-3.719593,-9.672729
-1.033189,-3.869028,-9.715663
-1.057543,-3.929116,-9.736053
-1.028810,-3.851863,-9.707226
-1.021901,-3.848014,-9.718957
-1.016569,-3.844683,-9.727501
-1.231000,-4.035132,-9.763831
-1.225317,-4.031077,-9.768848
-1.216043,-4.024889,-9.776629
-1.184010,-4.090096,-9.777094
-1.261271,-4.129743,-9.796796
-1.309813,-4.176396,-9.855638
-1.299205,-4.168105,-9.868142
-1.294767,-4.163941,-9.873681
-1.441628,-4.369353,-9.911566
-1.428974,-4.411135,-9.942245
-1.401919,-4.340235,-9.872050
-1.397599,-4.337623,-9.874328
-1.419148,-4.434017,-9.897563
-1.378895,-4.410552,-9.950144
-1.396029,-4.482485,-9.947858
-1.432284,-4.531761,-9.969239
-1.492537,-4.579754,-10.051589
-1.487168,-4.579257,-10.073035
-1.541183,-4.622093,-10.098841
-1.538255,-4.620613,-10.101257
-1.461512,-4.546825,-10.071652
-1.554161,-4.611242,-10.175487
-1.552483,-4.609817,-10.179102
-1.545864,-4.521220,-10.182299
-1.610964,-4.563209,-10.237509
-1.588189,-4.462528,-10.261400
-1.641392,-4.466853,-10.280679
-1.691110,-4.554423,-10.315580
-1.853803,-4.623461,-10.389140
-1.848778,-4.672449,-10.412921
-1.878502,-4.707832,-10.443603
-1.926408,-4.734179,-10.472035
-1.920600,-4.730040,-10.479912
-1.908853,-4.722094,-10.494745
-1.903026,-4.718335,-10.502349
-1.895191,-4.713019,-10.512419
-1.968020,-4.793999,-10.541123
-2.008700,-4.809127,-10.585553
-1.997016,-4.799962,-10.600724
-1.989600,-4.794082,-10.611040
-1.985543,-4.791075,-10.616322
-1.983106,-4.789196,-10.619410
-2.045657,-4.898368,-10.670906
-2.047652,-4.877836,-10.671713
-2.043316,-4.876187,-10.676640
-2.081361,-4.955365,-10.708511
-2.060082,-4.996898,-10.717873
-2.055232,-4.992993,-10.724487
-2.050642,-4.988975,-10.731636
-2.048727,-4.987663,-10.734258
-2.076518,-4.935730,-10.758758
-2.080626,-4.974046,-10.781651
-2.078456,-4.971339,-10.784699
-2.076006,-4.967543,-10.787388
-2.084960,-4.964663,-10.850291
-2.081141,-4.960304,-10.856265
-2.147186,-5.032407,-10.885880
-2.215200,-5.138234,-10.909122
-2.211493,-5.134583,-10.913942
-2.208985,-5.131999,-10.916957
-2.284110,-5.200767,-10.983998
-2.370229,-5.226386,-11.012862
-2.359507,-5.219539,-11.023038
-2.343002,-5.208070,-11.039035
-2.339302,-5.205265,-11.043043
-2.377035,-5.200027,-11.054966
-2.353937,-5.242277,-11.057683
-2.424197,-5.346777,-11.090749
-2.408339,-5.380639,-11.103182
-2.402472,-5.376146,-11.109185
-2.398647,-5.372955,-11.113397
-2.393900,-5.368698,-11.118868
-2.392114,-5.367144,-11.121024
-2.415720,-5.351084,-11.107595
-2.408163,-5.344866,-11.115377
-2.406017,-5.343201,-11.118095
-2.403463,-5.341080,-11.121217
-2.401862,-5.339660,-11.123227
-2.369634,-5.381295,-11.097898
-2.406198,-5.371305,-11.104617
-2.446029,-5.399752,-11.116491
-2.444674,-5.398561,-11.117577
-2.454334,-5.464404,-11.133800
-2.451843,-5.462650,-11.136448
-2.450513,-5.461651,-11.137938
-2.449069,-5.460544,-11.139600
-2.448003,-5.459712,-11.140848
-2.446764,-5.458755,-11.142324
-2.462319,-5.491926,-11.152639
-2.461144,-5.490981,-11.153936
-2.460587,-5.490556,-11.154545
-2.460306,-5.490343,-11.154853
-2.459667,-5.489854,-11.155566
-2.459448,-5.489689,-11.155810
-2.459382,-5.489638,-11.155884
-2.459449,-5.489689,-11.155809
-2.459543,-5.489762,-11.155704
-2.459882,-5.490022,-11.155322
-2.460195,-5.490261,-11.154972
-2.460843,-5.490750,-11.154269
-2.462076,-5.491715,-11.152911
-2.446021,-5.458186,-11.143209
-2.447156,-5.459054,-11.141863
-2.447879,-5.459616,-11.140997
-2.449289,-5.460711,-11.139349
-2.451303,-5.462255,-11.137033
-2.452488,-5.463118,-11.135745
-2.455263,-5.465053,-11.132846
-2.444299,-5.398201,-11.117881
-2.405512,-5.370811,-11.105273
-2.407046,-5.371912,-11.103800
-2.370287,-5.381835,-11.097106
-2.402785,-5.340484,-11.122061
-2.405261,-5.342593,-11.118999
-2.407360,-5.344230,-11.116389
-2.414189,-5.349836,-11.109499
-2.391376,-5.366496,-11.121903
-2.393837,-5.368644,-11.118944
-2.395115,-5.369728,-11.117449
-2.401824,-5.375618,-11.109896
-2.404684,-5.377898,-11.106869
-2.412622,-5.383942,-11.098969
-2.401449,-5.272326,-11.069649
-2.375986,-5.199298,-11.056136
-2.336462,-5.203168,-11.046158
-2.338391,-5.204586,-11.044036
-2.354015,-5.215571,-11.028786
-2.368338,-5.225202,-11.014743
-2.375353,-5.229810,-11.007759
-2.296988,-5.208224,-10.972609
-2.209036,-5.132050,-10.916890
-2.213877,-5.136942,-10.910857
-2.216128,-5.139068,-10.908024
-2.150203,-5.036168,-10.882413
-2.081853,-4.961166,-10.855248
-2.086190,-4.966032,-10.848171
-2.077632,-4.969804,-10.785701
-2.080506,-4.973910,-10.781821
-2.074660,-4.933810,-10.761909
-2.076010,-4.935201,-10.759636
-2.048780,-4.987708,-10.734177
-2.053867,-4.991887,-10.726469
-2.056513,-4.994008,-10.722698
-2.078753,-4.953149,-10.712362
-2.089249,-4.912836,-10.692285
-2.044948,-4.877415,-10.673962
-2.041936,-4.895598,-10.675973
-2.019718,-4.833912,-10.629591
-1.983339,-4.789382,-10.619116
-1.989802,-4.794226,-10.610778
-1.993541,-4.797171,-10.605595
-2.002503,-4.804351,-10.593588
-1.964297,-4.790342,-10.544829
-1.893084,-4.711147,-10.515553
-1.896152,-4.713824,-10.511021
-1.903518,-4.718658,-10.501722
-1.917176,-4.727690,-10.484654
-1.921986,-4.731021,-10.478008
-1.875387,-4.705802,-10.448051
-1.880289,-4.708967,-10.440955
-1.849660,-4.672991,-10.411667
-1.714225,-4.633462,-10.359277
-1.621544,-4.521634,-10.298265
-1.642964,-4.467771,-10.278293
-1.589500,-4.463398,-10.259193
-1.543825,-4.520933,-10.184898
-1.551153,-4.608919,-10.181629
-1.552962,-4.610116,-10.178197
-1.430113,-4.608646,-10.066560
-1.526964,-4.610549,-10.112455
-1.539518,-4.621131,-10.100630
-1.546964,-4.626090,-10.090650
-1.490440,-4.580869,-10.064244
-1.496105,-4.582408,-10.044509
-1.388163,-4.475937,-9.959356
-1.379128,-4.420433,-9.931714
-1.317484,-4.392038,-9.882690
-1.419350,-4.434124,-9.897422
-1.398440,-4.338018,-9.874375
-1.426370,-4.409259,-9.944602
-1.437946,-4.365909,-9.914342
-1.292276,-4.161767,-9.876315
-1.299849,-4.168736,-9.867324
-1.305700,-4.173321,-9.860590
-1.256425,-4.126160,-9.802071
-1.262711,-4.130840,-9.795150
-1.213742,-4.023400,-9.778724
-1.217666,-4.026008,-9.775161
-1.225989,-4.031547,-9.768197
-1.154220,-3.987842,-9.747710
-1.016824,-3.844858,-9.727129
-1.025382,-3.850008,-9.712879
-1.032293,-3.853728,-9.701484
-1.057945,-3.929354,-9.735542
-1.033488,-3.869193,-9.715338
-0.839783,-3.682679,-9.655562
-0.849277,-3.688969,-9.640650
-0.853289,-3.691599,-9.633413
-0.861373,-3.696649,-9.618965
-0.870174,-3.701711,-9.603782
-0.875590,-3.704802,-9.594426
-0.807538,-3.711929,-9.574774
-0.805754,-3.638875,-9.551257
-0.815448,-3.644669,-9.535229
-0.742871,-3.638333,-9.516570
-0.680827,-3.582880,-9.474752
-0.691197,-3.589494,-9.455379
-0.637914,-3.507747,-9.452483
-0.639730,-3.509686,-9.444569
-0.640640,-3.510767,-9.440067
-0.643828,-3.299985,-9.425423
-0.645307,-3.302329,-9.417500
-0.646659,-3.304000,-9.410761
-0.647868,-3.305447,-9.405206
-0.649916,-3.307452,-9.396398
-0.651117,-3.308588,-9.391419
-0.653461,-3.310704,-9.382516
-0.683041,-3.262948,-9.351300
-0.685236,-3.266114,-9.343931
-0.691991,-3.273121,-9.328628
-0.693811,-3.274719,-9.320366
-0.632485,-3.355178,-9.235345
-0.647264,-3.442799,-9.271487
-0.650965,-3.442715,-9.270233
-0.568088,-3.377230,-9.252058
-0.569216,-3.378273,-9.247280
-0.570579,-3.379616,-9.241562
-0.572033,-3.380969,-9.235792
-0.573040,-3.381886,-9.231987
