711.294200
776.686900
750.468100
734.565800
765.832600
749.814600
748.599500
760.158300
715.467300
711.039700
666.408100
727.828000
737.682700
764.576300
758.348200
776.638300
739.851100
749.514900
733.093300
776.371600
730.568100
735.614900
781.891100
740.862000
757.484100
794.591700
748.085400
815.849000
757.899300
731.097600
743.705500
756.381200
777.963800
776.301800
795.998400
773.909300
762.459800
770.648500
806.256800
763.699500
755.838900
681.312400
776.995600
808.641600
794.058100
772.500800
798.419800
772.420600
712.821200
728.774000
800.069600
796.568700
868.575000
753.838400
747.423900
779.204700
750.425400
776.147400
917.826000
853.554500
743.500900
800.646500
845.826500
821.533600
750.095100
834.301200
748.885900
745.459800
794.675900
751.820700
672.557400
727.740500
757.805100
738.488000
776.547900
734.601700
664.443400
726.502700
818.190900
720.245500
765.905900
746.994700
784.612200
761.639700
828.065700
763.993100
759.761300
781.466200
804.948800
739.732500
813.559400
760.032300
857.556900
895.510700
810.027100
803.857600
791.230100
703.252400
714.180300
697.498000
740.241700
697.782100
691.165900
761.767600
812.698400
715.846800
750.195700
726.904100
729.326500
818.732800
737.927400
746.563500
808.183900
800.451500
780.552900
788.522900
818.919800
766.438100
763.567500
742.193400
813.260700
768.784600
772.878300
789.641200
760.181500
776.350100
780.350000
734.679600
732.033200
759.023500
692.072000
737.903100
816.871600
735.776800
789.179000
774.993000
774.102600
778.334400
758.803100
749.560500
763.448700
787.059600
722.967700
715.196200
788.326800
724.081400
775.286200
741.936500
683.615800
731.724500
777.071700
720.466300
780.816900
784.902100
756.951300
738.024800
676.456300
722.025100
798.038500
733.291900
723.190000
743.904500
743.737900
789.609400
735.788700
767.763600
778.043300
760.706200
799.078900
770.944700
769.995600
791.225200
770.967300
781.414900
769.438200
720.366600
741.920500
698.057400
741.226400
769.279100
762.174300
789.125200
778.295100
793.353800
709.876300
744.100800
747.695100
752.946300
706.841000
757.549300
765.345900
685.197500
741.007100
734.284400
744.558900
696.072500
686.402100
760.135700
699.561900
734.161500
672.813800
722.074300
805.828200
801.941700
657.185000
774.979900
712.867100
724.730800
789.400000
710.552000
748.857900
672.859500
735.241000
739.622900
773.731600
741.304200
743.210400
675.021400
764.998500
774.473900
727.553300
708.093400
684.849000
741.992800
781.257100
727.207300
740.197400
736.528800
719.975700
773.427600
783.723600
702.073000
785.536900
639.925700
745.644300
690.782400
741.819900
811.970500
752.085800
725.621800
719.026100
743.911600
779.660300
781.753700
690.886800
745.573800
711.357300
709.200300
656.452000
678.064300
765.778100
702.173400
710.161000
705.610000
813.500700
830.172400
789.737600
706.819800
710.717900
770.913200
769.592100
712.093100
827.497600
721.011100
709.148300
838.074400
806.609800
790.673300
761.021600
774.028300
806.095600
794.555400
782.583500
747.739800
734.617200
818.831500
720.078400
700.609200
778.522300
690.449300
749.501600
763.798400
713.223000
724.439200
746.562800
696.563000
789.504000
721.651100
719.560300
686.519700
754.145200
761.081000
674.471300
782.149600
778.480500
784.339600
792.995900
709.231400
839.783900
804.439100
724.452300
771.772000
663.930900
756.370100
752.128500
701.297800
786.234300
815.189500
680.659400
763.076000
791.507300
647.035100
741.558400
681.597400
736.235200
718.674000
748.916200
707.941700
663.981600
655.153400
743.389800
700.021100
709.632800
706.612900
717.015200
669.076800
670.305500
724.389300
709.161500
670.577400
662.245700
691.492700
709.498000
766.651300
783.272600
670.047300
764.780900
775.005900
733.408500
656.919300
668.389200
689.795700
663.162000
699.951100
706.716700
718.045900
601.504000
679.499800
753.861300
737.221800
744.968500
720.708600
757.483700
756.242300
700.967100
748.648400
758.225100
757.072700
740.826100
700.217200
741.343200
736.427100
706.846000
726.892500
736.316900
712.923600
680.345200
768.099700
773.807900
784.230000
748.941300
779.812400
756.208300
769.810000
763.446500
772.778800
758.552800
726.326000
751.608400
750.101700
677.184400
776.982800
638.339600
747.768800
679.288800
733.441300
764.011200
727.741200
723.528600
725.991900
681.753400
706.492000
763.312300
685.134800
793.129200
666.499400
757.359800
752.245600
688.212800
689.982200
687.834800
806.314200
804.466700
631.259200
735.893700
778.581000
723.499000
687.776100
699.846200
715.098900
715.444600
686.973800
716.347700
786.264300
682.338900
781.834700
713.212100
727.813300
734.422800
765.902000
704.854900
719.458100
731.386400
701.731700
735.912500
721.101600
754.094900
706.174600
681.199300
719.417400
727.680400
766.034700
756.436900
707.797900
717.821700
694.834800
742.846800
789.579800
740.343900
794.126100
710.355200
748.102400
698.641500
698.339800
728.436700
695.146100
697.138600
782.988100
670.522600
775.985400
779.727800
802.228300
808.075500
702.573200
746.991100
691.599000
692.293800
691.685700
709.254400
744.774700
722.625800
723.289400
749.699900
611.361400
618.839200
770.813600
773.220100
689.368800
679.006600
752.926500
724.385900
682.179900
667.196200
659.747400
776.275300
708.912300
795.327500
781.756700
739.486700
715.531200
667.188800
743.956100
609.201500
728.223900
648.639000
650.769300
705.191600
688.323500
723.562700
724.171100
728.617800
796.087200
745.561500
730.736400
707.981800
733.641800
783.644200
738.861000
693.336300
741.714700
