0.041821,1.483383,0.502222
0.013315,1.499086,0.487412
0.061549,1.531022,0.571203
0.048285,1.619864,0.597953
-0.125286,1.653565,0.719257
-0.142804,1.716576,0.620656
-0.185199,1.678951,0.610804
-0.182824,1.662374,0.615867
-0.196777,1.690384,0.637923
-0.252830,1.707947,0.605914
-0.250814,1.618015,0.524679
-0.260200,1.614174,0.536622
-0.266167,1.640554,0.622098
-0.226244,1.592034,0.628745
-0.212024,1.575442,0.528977
-0.172133,1.575078,0.389662
-0.158074,1.574325,0.307451
-0.163595,1.586379,0.262065
-0.144390,1.636231,0.123882
-0.231252,1.727259,0.070722
-0.139939,1.696696,0.153146
-0.238101,1.778007,0.166310
-0.299371,1.790062,0.174570
-0.299803,1.688724,0.021949
-0.310712,1.647710,0.023405
-0.311687,1.624584,0.152254
-0.316446,1.805120,0.160756
-0.309753,1.785031,0.171769
-0.310080,1.655372,0.120895
-0.301854,1.649145,0.084279
-0.328702,1.692941,0.092666
-0.310533,1.636945,0.066099
-0.231405,1.621691,0.046559
-0.227257,1.683611,0.095086
-0.160150,1.739648,0.091410
-0.184978,1.778443,0.103362
-0.201229,1.647944,-0.030167
-0.213248,1.596569,-0.003364
-0.132863,1.546327,0.005282
-0.097305,1.500509,-0.026086
-0.220038,1.492791,-0.046447
-0.199359,1.527123,-0.034824
-0.164728,1.559843,0.076391
-0.189926,1.559884,0.098169
-0.128300,1.668601,0.123317
-0.132992,1.602042,0.045627
0.028359,1.681322,0.194325
0.053348,1.689593,0.318596
-0.022131,1.791874,0.345651
-0.097233,1.751686,0.252403
-0.154071,1.894336,0.248566
-0.236542,1.825435,0.272906
-0.221285,1.828781,0.163289
-0.214499,1.731831,0.170864
-0.147281,1.984701,0.118158
-0.266624,1.998267,0.085271
-0.343154,2.042036,0.056396
-0.295427,2.027349,0.056415
-0.307534,2.043788,0.020773
-0.318094,2.113687,0.019280
-0.153702,1.965627,0.100201
0.065071,1.802204,0.234553
0.155356,1.839658,0.134363
0.286457,1.962373,0.065331
0.325430,1.883050,0.066171
0.356818,1.788457,0.095407
0.231279,1.805944,0.024337
0.192269,1.821056,-0.050827
0.288112,1.859778,-0.214664
0.218000,1.791156,-0.332876
0.191481,1.792560,-0.320603
-0.016856,1.801235,-0.453193
-0.077713,1.837921,-0.469073
-0.139747,1.732077,-0.412210
-0.099312,1.624667,-0.371270
-0.144928,1.679584,-0.342222
-0.106888,1.660802,-0.350361
-0.078626,1.537563,-0.314818
-0.065338,1.422753,-0.285535
0.042447,1.547262,-0.324868
0.087542,1.634177,-0.305635
0.176104,1.648947,-0.323546
0.194025,1.592512,-0.297150
0.167444,1.318068,-0.324914
0.118647,1.100276,-0.377735
0.059808,1.118200,-0.394148
-0.082061,1.091936,-0.352952
-0.333257,0.978912,-0.380535
-0.315163,0.965232,-0.430317
-0.207258,0.968536,-0.503811
-0.198803,0.997272,-0.503713
-0.155664,1.004982,-0.601254
-0.110518,0.989899,-0.541883
-0.110645,0.961072,-0.504700
-0.194339,1.030863,-0.636415
-0.240965,1.055961,-0.664788
-0.352027,0.944071,-0.548508
-0.299455,0.869438,-0.597987
-0.370499,0.785487,-0.572686
-0.274728,0.778047,-0.597108
-0.269447,0.821891,-0.501964
-0.434426,0.778319,-0.483620
-0.463018,0.816147,-0.483356
-0.485927,0.806439,-0.520085
-0.488166,0.884448,-0.519902
-0.490861,0.914519,-0.531096
-0.479656,0.912936,-0.557980
-0.513633,0.929932,-0.593964
-0.561675,1.036186,-0.538213
-0.570014,1.001439,-0.512062
-0.541109,1.006620,-0.600896
-0.576444,1.077116,-0.626476
-0.562053,1.102257,-0.628998
-0.560321,1.275597,-0.632627
-0.630736,1.321888,-0.609263
-0.643514,1.281679,-0.662980
-0.646466,1.412208,-0.602100
-0.706796,1.396695,-0.638923
-0.734951,1.349514,-0.601824
-0.763467,1.392909,-0.705123
-0.906074,1.418716,-0.704728
-0.896847,1.415490,-0.758237
-0.824701,1.418853,-0.889355
-0.951260,1.476076,-0.805207
-1.041138,1.507270,-0.767878
-1.133587,1.528855,-0.767398
-1.079372,1.472965,-0.765119
-0.991875,1.601780,-0.782652
-1.043888,1.572996,-0.762566
-1.125983,1.558082,-0.712869
-1.147755,1.497959,-0.615057
-1.203972,1.444569,-0.562072
-1.264438,1.416298,-0.553926
-1.286367,1.412222,-0.573249
-1.304005,1.402510,-0.550397
-1.303890,1.395330,-0.559606
-1.209854,1.597970,-0.856795
-1.185705,1.548849,-0.864872
-1.144639,1.656513,-0.928811
-1.021451,1.610988,-0.908523
-1.030655,1.534618,-0.987870
-1.232249,1.602986,-0.975796
-1.155052,1.520554,-0.852693
-1.096034,1.492034,-0.851964
-1.123760,1.441566,-0.838948
-1.154797,1.542586,-0.873635
-1.274462,1.620612,-0.800825
-1.312928,1.668669,-0.786392
-1.292689,1.607698,-0.810340
-1.335969,1.669119,-0.826780
-1.386540,1.590355,-0.840555
-1.391389,1.586105,-0.799736
-1.362407,1.587375,-0.794960
-1.419590,1.527326,-0.861193
-1.464996,1.507489,-0.854854
-1.537949,1.435699,-0.895711
-1.520840,1.370293,-0.927544
-1.568138,1.400554,-0.798569
-1.641710,1.315904,-0.770336
-1.465205,1.347365,-0.875605
-1.396075,1.335640,-0.904062
-1.408382,1.337237,-0.971605
-1.394512,1.375580,-0.952374
-1.374134,1.283546,-0.864341
-1.329224,1.236475,-0.875765
-1.310953,1.290603,-0.936449
-1.284672,1.137746,-0.865337
-1.203871,1.113423,-0.795219
-1.165962,1.171727,-0.767905
-1.216547,1.097390,-0.846887
-1.196562,1.037223,-0.924866
-1.121222,0.964167,-0.907273
-1.252618,0.909128,-0.966446
-1.276374,0.866634,-1.093126
-1.335280,0.910769,-1.150486
-1.431826,0.905986,-1.127631
-1.499549,0.907615,-1.067486
-1.572253,0.915131,-1.104866
-1.574224,0.932673,-1.051048
-1.524223,0.711623,-1.062032
-1.629576,0.689451,-0.987292
-1.688951,0.576594,-1.084706
-1.685581,0.540427,-1.175872
-1.609275,0.582180,-1.214095
-1.547803,0.657679,-1.226565
-1.510498,0.740844,-1.224146
-1.514157,0.704162,-1.220782
-1.471125,0.710951,-1.147556
-1.375046,0.802396,-1.114314
-1.221596,0.896048,-1.065804
-1.226217,0.923558,-1.059823
-1.114238,1.084975,-1.033144
-1.103259,1.037572,-1.084592
-1.144745,0.930398,-1.113410
-1.229943,0.905414,-1.140714
-1.137840,1.002121,-1.207434
-1.301361,0.923115,-1.252603
-1.370098,0.867550,-1.250522
-1.247917,0.716255,-1.328194
-1.285900,0.811693,-1.350715
-1.426063,1.054759,-1.197046
-1.459624,1.071511,-1.103281
-1.608833,1.273841,-1.105654
-1.569959,1.249071,-1.166040
-1.534029,1.172697,-1.280174
-1.533139,1.181771,-1.361815
-1.482939,1.406407,-1.328835
-1.508058,1.251610,-1.240904
-1.521969,1.216137,-1.239728
-1.594151,1.368515,-1.230467
-1.635602,1.411249,-1.193993
-1.657058,1.387994,-1.233757
-1.664786,1.364356,-1.267823
-1.599391,1.367280,-1.257950
-1.609125,1.334563,-1.210137
-1.697266,1.319272,-1.245401
-1.701296,1.357930,-1.364742
-1.670979,1.373400,-1.363196
-1.472325,1.363114,-1.402004
-1.314565,1.446121,-1.578815
-1.385149,1.392630,-1.665392
-1.477203,1.513327,-1.654039
-1.502599,1.571721,-1.665591
-1.381476,1.653953,-1.726303
-1.366406,1.660365,-1.759487
-1.232125,1.547442,-1.729439
-1.234386,1.546705,-1.787175
-1.299129,1.657757,-1.717400
-1.218440,1.690140,-1.788035
-1.305478,1.744360,-1.763958
-1.345610,1.820137,-1.707666
-1.388315,1.881910,-1.660766
-1.434949,1.771249,-1.613017
-1.424199,1.796884,-1.532650
-1.362657,1.808628,-1.508049
-1.347081,1.817942,-1.523807
-1.462425,1.813595,-1.458462
-1.498359,1.821487,-1.500654
-1.504664,1.706914,-1.537651
-1.495222,1.671404,-1.609771
-1.577060,1.600290,-1.620647
-1.590583,1.590499,-1.604338
-1.569315,1.626214,-1.454010
-1.552842,1.599512,-1.300891
-1.599808,1.619968,-1.391401
-1.740496,1.744986,-1.456352
-1.898982,1.800799,-1.427554
-1.904755,1.784977,-1.441712
-1.980644,1.859549,-1.452595
-1.991360,1.977888,-1.506126
-2.056909,1.519483,-1.354814
-2.043476,1.544478,-1.404056
-2.062917,1.480359,-1.343640
-2.019036,1.396098,-1.402611
-2.017868,1.363399,-1.401796
-2.025479,1.496626,-1.322525
-2.025873,1.517631,-1.310542
-2.044657,1.498314,-1.312816
-1.970018,1.477520,-1.357846
-1.945677,1.449546,-1.361370
-1.982583,1.325329,-1.272724
-2.084184,1.249511,-1.294678
-2.107120,1.298242,-1.245466
-2.115773,1.253508,-1.191063
-2.165518,1.246053,-1.202008
-2.194100,1.253975,-1.227294
-2.234734,1.042926,-1.308913
-2.182886,1.040126,-1.360550
-2.059472,1.122311,-1.315195
-2.019405,1.103944,-1.306079
-2.245744,1.248112,-1.223184
-2.380146,1.324854,-1.143706
-2.413150,1.348433,-1.090490
-2.458495,1.452154,-1.131021
-2.402492,1.315012,-1.199630
-2.458950,1.264786,-1.236039
-2.453885,1.277727,-1.229043
-2.384284,1.307746,-1.161951
-2.466170,1.252246,-1.217359
-2.454357,1.145253,-1.361258
-2.429523,1.093565,-1.417302
-2.410337,1.084457,-1.496470
-2.335453,0.966978,-1.569903
-2.291775,0.692951,-1.596055
-2.307555,0.699100,-1.624656
-2.280830,0.635784,-1.675948
-2.253207,0.599773,-1.662738
-2.202151,0.692432,-1.669455
-2.169691,0.614693,-1.463118
-2.210943,0.646866,-1.518204
-2.156186,0.632074,-1.502914
-2.123450,0.653849,-1.415092
-2.078280,0.650361,-1.341542
-2.080567,0.682105,-1.315663
-2.047278,0.688687,-1.300746
-2.069535,0.981700,-1.226088
-2.099798,1.045211,-1.350450
-2.251339,1.008055,-1.362605
-2.457247,1.081981,-1.452429
-2.558333,0.953278,-1.566667
-2.603408,0.853425,-1.463164
-2.624918,0.872164,-1.550051
-2.654115,0.811296,-1.618005
-2.696470,0.885585,-1.575345
-2.720745,0.967180,-1.611541
-2.784273,0.999930,-1.619915
-2.807759,1.081608,-1.715644
-2.750868,1.269872,-1.774758
-2.769218,1.356642,-1.800608
-2.883104,1.161578,-1.725840
-2.805167,1.089836,-1.667895
-2.936399,0.954754,-1.543721
-3.078859,0.922928,-1.625189
-3.041548,0.965715,-1.656436
-2.995161,0.988115,-1.708594
-2.974920,1.029510,-1.726884
-3.091479,0.974953,-1.823005
-3.097744,1.054126,-1.882182
-3.224367,1.222015,-1.885289
-3.247832,1.317331,-1.911529
-3.267233,1.372823,-1.985024
-3.214989,1.318084,-1.903641
-3.150999,1.395160,-1.885377
-3.050232,1.482644,-1.984476
-2.926462,1.672921,-2.034112
-2.924117,1.744706,-2.073352
-2.828639,1.621561,-2.081399
-2.805202,1.537037,-2.169114
-2.841419,1.568033,-2.201862
-2.985678,1.621131,-2.245565
-2.972795,1.458753,-2.167490
-2.988143,1.400260,-2.073535
-3.025461,1.304232,-2.144746
-3.044368,1.185747,-2.038882
-2.949594,1.139710,-2.028075
-2.943417,1.227157,-2.031764
-2.989399,1.207721,-2.016128
-2.977722,1.164800,-2.005866
-3.024666,1.173806,-2.003337
-3.137255,1.125004,-2.079475
-3.205678,1.169325,-2.009616
-3.143246,1.312232,-1.954351
-3.208919,1.405297,-1.964963
-3.246310,1.549518,-2.008557
-3.202064,1.480975,-2.103828
-3.048120,1.524071,-2.255577
-2.995709,1.449712,-2.310585
-2.863974,1.365893,-2.364614
-2.835912,1.355755,-2.365993
-2.828759,1.408173,-2.169896
-2.819867,1.406407,-2.129525
-2.773027,1.425874,-2.003092
-2.549695,1.426813,-2.025852
-2.454358,1.483555,-1.940383
-2.436853,1.524166,-1.967074
-2.451647,1.428454,-2.028065
-2.507218,1.300660,-2.049863
-2.509621,1.274656,-2.120350
-2.637720,1.246098,-2.196311
-2.936038,1.210674,-2.110617
-3.038740,1.219089,-2.077497
-3.029782,1.197978,-2.082495
-3.175923,1.133801,-2.203426
-3.236248,1.191769,-2.199216
-2.863749,1.234951,-2.292969
-2.657524,1.292164,-2.349550
-2.685174,1.344062,-2.382679
-2.720689,1.380815,-2.351914
-2.712002,1.499796,-2.340097
-2.702809,1.469105,-2.285344
-2.648694,1.410131,-2.254035
-2.722743,1.419169,-2.247769
-2.756498,1.359032,-2.167564
-2.764534,1.330039,-2.145125
-2.706709,1.329910,-2.382382
-2.680360,1.423232,-2.277384
-2.654537,1.571517,-2.240431
-2.547663,1.558985,-2.070012
-2.505909,1.600301,-2.029505
-2.472289,1.596983,-2.008064
-2.332268,1.907168,-1.909093
-2.269823,1.861128,-1.852112
-2.232105,1.960509,-1.874855
-2.291831,1.895984,-1.904115
-2.304314,1.816133,-1.986862
-2.337924,1.856482,-2.029080
-2.359227,2.072823,-1.998532
-2.514816,2.126242,-1.886621
-2.532923,2.100905,-1.981678
-2.551182,2.093579,-1.894567
-2.504756,2.079281,-1.893464
-2.564065,2.053499,-1.868385
-2.587510,1.957548,-1.849535
-2.513909,1.950917,-1.758125
-2.472524,2.015826,-1.743325
-2.561420,2.082516,-1.625677
-2.510320,2.314456,-1.389894
-2.489995,2.332747,-1.459945
-2.515206,2.253581,-1.436068
-2.532093,2.292217,-1.445992
-2.583052,2.172698,-1.312053
-2.703727,2.022751,-1.200676
-2.746374,2.064363,-1.090148
-2.710599,2.058121,-1.039882
-2.733178,2.044207,-1.105421
-2.878082,2.211741,-1.060586
-2.865792,2.216733,-1.037720
-2.883086,2.199878,-1.088035
-2.826124,2.215626,-1.177946
-2.839867,2.211753,-1.139224
-2.951567,2.334219,-1.011779
-3.028935,2.547570,-1.084360
-2.962249,2.540586,-1.126657
-2.938599,2.558642,-1.141511
-2.962779,2.433930,-1.166878
-2.960834,2.466653,-1.134640
-2.926894,2.485072,-1.168521
-2.871228,2.501993,-1.172717
-2.786224,2.431383,-1.131765
-2.824199,2.370824,-1.105987
-2.736109,2.524700,-1.154542
-2.683394,2.562435,-1.132220
-2.840047,2.547714,-1.071642
-2.797884,2.420500,-0.991443
-2.827853,2.395507,-1.021846
-2.804798,2.414389,-0.925767
-2.859952,2.425237,-0.991392
-2.794621,2.403277,-1.094594
-2.652878,2.375796,-1.013224
-2.704064,2.294931,-0.970132
-2.736316,2.236337,-0.954532
-2.663619,2.155124,-0.963256
-2.566296,2.149704,-0.902976
-2.381742,2.359860,-1.006224
-2.291605,2.459743,-1.091437
-2.277243,2.434909,-1.006751
-2.417762,2.494851,-1.062010
-2.485445,2.431864,-0.991973
-2.660098,2.436651,-0.967736
-2.486028,2.440592,-1.104712
-2.460739,2.435173,-1.148929
-2.540085,2.364092,-1.026005
-2.533669,2.315664,-1.049993
-2.533943,2.381816,-0.946713
-2.458517,2.476784,-0.822285
-2.393627,2.446687,-0.948151
-2.354335,2.377446,-1.074466
-2.271504,2.262241,-1.215596
-2.239008,2.195268,-1.207801
-2.202987,2.112954,-1.197038
-2.163862,2.056060,-1.231879
-2.223933,2.030171,-1.321585
-2.235135,1.973834,-1.256885
-2.280421,1.957150,-1.249002
-2.332748,1.898599,-1.257590
-2.226862,1.930628,-1.225193
-2.171064,1.931159,-1.318092
-2.201702,1.865975,-1.366706
-2.473426,1.823345,-1.465186
-2.466807,1.805626,-1.445763
-2.465561,1.736396,-1.445338
-2.480034,1.679049,-1.422765
-2.489039,1.680019,-1.375596
-2.487073,1.659904,-1.436673
-2.623600,1.657045,-1.450308
-2.654833,1.745087,-1.332780
-2.632150,1.738067,-1.460661
-2.623103,1.799017,-1.563187
-2.657357,1.891512,-1.554598
-2.636324,1.815511,-1.544150
-2.688258,1.759536,-1.487757
-2.732269,1.726723,-1.473845
-2.756587,1.894293,-1.404955
-2.665865,1.934692,-1.400448
-2.579268,2.146610,-1.250491
-2.472170,2.204477,-1.187701
-2.406100,2.308715,-1.136410
-2.432580,2.354825,-1.200205
-2.554410,2.374682,-1.243552
-2.561046,2.375879,-1.249211
-2.465394,2.289334,-1.304197
-2.468346,2.280585,-1.324121
-2.435101,2.291840,-1.299161
-2.339427,2.231647,-1.236224
-2.173465,2.209253,-1.301778
-2.015587,2.171609,-1.493214
-2.008575,2.166716,-1.502850
-2.085656,2.191217,-1.415664
-2.168718,2.122287,-1.385430
-2.133692,2.134913,-1.267897
-1.949197,2.156724,-1.211304
-1.889307,2.252131,-1.230561
-2.030905,2.344014,-1.129102
-2.105373,2.381710,-1.199519
-2.036138,2.381522,-1.185440
-2.069665,2.362837,-1.160147
-2.127023,2.382035,-1.226324
-2.088879,2.417982,-1.254392
-2.109372,2.302875,-1.099105
-2.020145,2.279646,-1.133675
