74.076800
69.541600
81.741000
66.986500
73.412600
74.928100
79.297800
71.502300
73.311700
63.572800
73.038900
70.712400
69.320000
84.288200
114.490700
88.472100
74.982000
76.690900
76.445600
75.817100
72.341000
73.218300
80.729700
74.239500
76.230900
74.621200
78.598400
82.632400
79.067800
121.615500
102.802000
98.330900
87.336500
81.308200
100.264500
73.489700
77.385000
72.775700
77.101300
95.647100
107.583500
73.214700
74.513800
76.571100
78.272100
76.950500
71.809100
64.896600
64.439600
61.686300
74.551400
75.635500
71.084500
76.402100
77.417800
71.746900
73.746900
76.135900
69.428100
73.442800
70.021900
72.986700
63.440800
88.450500
90.810800
94.381200
103.458200
96.642600
96.046700
99.167100
103.332000
86.176000
78.513000
83.235400
87.872100
82.151200
78.078400
72.190300
68.331000
66.664200
72.048100
76.313500
66.738900
74.728900
71.569600
87.182900
87.426000
79.925600
77.782600
84.166200
79.216000
69.628700
77.407600
72.392200
71.171700
77.433200
74.634400
74.746200
73.699100
78.785000
275.475500
119.709400
102.376900
116.634100
104.402300
81.934000
89.661100
79.167400
81.365300
74.969900
83.893000
84.178200
70.288700
72.272500
69.052700
79.571000
76.416400
76.607700
69.774900
84.423300
70.529200
81.560600
78.910100
66.448200
66.562400
67.846700
80.819500
65.975200
71.237200
71.161800
80.587200
67.996000
70.482600
89.155200
90.068300
83.415300
79.355600
81.507300
82.993400
91.441400
85.721200
74.833200
65.451600
67.051700
68.572500
70.762400
67.148700
61.737200
66.314900
72.618200
69.815900
69.013000
86.495400
76.924500
112.025900
174.464400
105.711500
87.470400
105.057800
93.651100
78.616300
76.909600
79.926600
73.418000
76.839900
73.561300
77.571600
101.601400
93.966800
89.309600
82.781200
81.515300
86.787000
86.138200
80.524900
76.493600
80.583600
71.265300
74.669200
87.244400
72.095500
68.465600
76.396800
78.449800
74.606500
75.181500
73.152300
72.886300
73.655000
74.057500
75.861900
67.370400
72.037900
76.593800
72.407400
77.098800
68.115900
82.567700
68.553800
69.204800
74.385600
69.607600
111.107500
78.177200
75.402400
82.361100
70.051300
74.185300
78.632100
78.169700
75.048500
77.121900
80.802100
68.504100
75.971800
77.905500
71.675800
72.524000
72.462000
70.782500
75.053700
76.128400
74.209300
72.662600
75.981400
75.279300
74.652000
89.745200
72.904200
78.583000
85.646100
81.207600
71.740600
79.511200
73.519500
66.741200
73.683000
68.246600
69.448300
75.986300
74.389800
68.007100
72.102200
81.128700
80.021100
67.832100
73.424200
67.125200
80.422000
69.391100
64.747900
69.906200
66.860300
71.386700
97.206300
75.372600
75.315800
74.016800
72.947800
79.473800
66.270800
71.920900
80.861100
71.920400
68.135400
70.262300
66.465600
67.811600
64.293000
76.503100
72.238900
61.615100
58.809900
59.960100
61.884600
82.895900
65.081100
73.597500
62.400200
68.223200
63.922900
72.294300
75.811900
71.686500
67.757400
72.090600
69.559300
74.670200
77.308100
63.687200
70.551000
66.856900
68.114000
63.011600
66.842300
68.097300
67.061100
70.292100
73.932900
70.135900
71.980900
71.522000
76.722600
65.673400
66.759700
66.937800
68.742600
68.539900
66.968800
67.538700
71.883700
62.714200
71.359100
65.895800
64.349100
61.984500
70.478200
71.192900
63.312800
73.022100
70.868600
69.456600
68.689300
67.658900
62.556900
63.621000
73.105800
70.412300
64.951300
66.775000
67.509500
72.406200
70.532300
70.483400
79.155700
64.492800
63.435300
68.970300
66.378800
73.441800
73.772300
69.666900
73.626200
73.516300
59.325500
62.263100
72.048400
77.174800
69.972700
69.317600
71.028000
69.898300
70.839800
78.262300
77.803100
70.184700
73.573600
71.148200
98.878600
63.307500
69.304600
71.912600
65.045100
69.632200
71.745800
70.588100
61.381300
65.801900
65.677300
56.938200
67.886700
66.338800
66.926300
72.522900
77.363200
68.100900
72.563400
76.094200
61.683000
68.468300
72.167900
70.870900
70.168500
64.578000
68.780900
63.068900
58.728200
71.015600
66.196300
74.969600
75.041300
67.269900
62.781100
63.121200
58.904700
68.159700
66.447500
67.571800
64.479900
63.475700
64.292100
63.198900
70.661800
73.902500
69.630100
60.190100
64.227400
71.008800
74.014500
68.427100
72.368900
67.504300
68.529900
62.177600
63.598700
58.433100
58.110400
60.945200
77.541300
74.009300
71.489500
72.795700
61.618200
61.916800
65.418500
71.545800
69.793500
66.194800
66.910900
73.661800
71.571000
70.408200
64.709100
66.190100
67.982200
70.799200
65.143600
61.410000
60.600400
68.933900
63.134300
71.773300
63.253700
64.342700
64.221800
69.823800
66.741200
69.666300
68.690900
69.874000
74.836700
67.563700
65.598900
73.998900
67.841000
69.684000
63.291800
64.309500
68.488600
59.907000
70.097600
61.366900
55.182700
65.661200
62.162800
73.508300
64.860000
67.721200
60.963100
65.985100
69.626200
75.436800
71.098800
70.842100
67.425700
62.981100
60.979000
63.396300
67.634700
67.949600
74.495000
71.102600
67.008200
71.801900
68.368400
71.369400
65.708200
69.964500
64.070200
61.971100
71.259800
58.427800
66.083000
69.374000
68.160600
69.266200
72.659900
65.522600
70.126600
68.579200
