764.445700
792.218200
769.770200
831.367000
770.411800
747.931000
761.778000
756.860100
816.411900
800.399300
828.313300
815.957000
838.389000
828.103200
840.422900
777.688900
837.891500
810.727800
808.126300
772.882600
760.117400
788.491300
769.352900
758.366100
794.164900
799.354300
802.752500
809.154000
802.178700
831.899800
799.232400
795.456800
743.439300
768.760000
828.133500
827.616600
888.647400
824.962100
831.372900
818.999200
797.446600
780.764200
800.205500
754.877100
836.676900
807.884200
761.132600
741.061600
786.435400
834.606700
871.743100
984.710600
856.690600
792.027600
795.876500
883.242000
991.977200
842.561700
822.409500
786.140200
746.870200
809.778100
800.372100
811.112500
829.632100
793.666100
872.242100
795.641900
851.171800
835.036100
781.833300
785.450900
885.557700
836.529900
807.580300
765.239800
837.926700
846.996400
852.661200
842.585700
841.371600
861.919200
883.837200
793.023500
821.100500
842.384400
811.742700
783.461200
767.464200
729.006300
775.487300
816.734100
835.748000
855.256200
808.536400
857.507000
870.368700
803.081100
819.833800
857.854600
801.174400
876.948700
809.119700
780.843500
824.456000
866.643400
893.096500
804.883000
824.368200
812.082800
818.000600
793.680600
800.865000
821.805000
800.270600
812.021900
776.176500
810.506200
845.012100
757.493400
772.151800
803.934100
849.497100
835.512100
752.697700
810.458900
825.411400
809.902700
845.845600
781.344100
848.062600
854.198200
944.930200
822.706600
831.634400
828.965200
809.147700
801.112400
832.846500
805.557000
822.554100
810.381200
841.861100
791.562500
772.601400
773.089600
842.994800
847.854600
824.203900
796.872000
805.174800
752.205500
771.039500
859.456500
731.459500
827.931800
845.215400
835.882600
750.009900
759.932800
761.022000
836.452100
804.031800
819.773700
773.098300
780.762900
689.931200
761.252700
694.474800
685.546100
780.614900
871.386600
821.735100
795.400700
841.240800
803.921100
770.433600
797.614000
865.064900
816.544000
761.828300
786.766200
821.099800
786.858600
803.901500
802.086800
794.548500
784.213300
839.320700
847.891000
821.446100
781.863500
832.789000
825.547600
809.348800
773.358500
791.343300
819.536100
745.801500
828.158400
838.207900
801.337900
800.979300
827.488900
831.290600
822.260000
799.374900
820.595300
794.727200
757.061600
791.251200
796.951900
798.966900
848.558500
839.391300
822.498300
809.079500
847.274900
817.669000
801.989700
796.558300
793.487800
786.123600
870.065400
831.578800
801.154000
839.962200
772.111300
845.030200
808.226200
766.819600
776.801300
787.536700
806.641100
781.559300
784.048500
733.496400
845.330600
841.015800
793.639400
817.738800
825.817100
803.443000
854.167700
767.241400
780.771300
806.660500
819.627300
763.006700
798.141500
789.341500
805.638100
808.419400
738.172100
776.831300
800.297500
782.150300
779.357900
777.332500
778.241200
780.330600
802.872700
814.584900
800.693500
837.609600
734.591900
768.764800
848.504900
758.429100
861.363900
831.659600
844.897500
674.739300
793.982800
778.513700
818.159200
868.949100
881.017900
802.258100
741.033500
800.541300
835.296400
825.064500
857.945300
807.112200
832.514900
867.718200
804.809400
793.027800
809.551400
797.862400
794.070200
823.051900
787.863200
886.358200
943.792800
839.654000
850.405600
862.607900
830.116100
793.840700
788.435000
800.829500
822.826800
883.750200
859.545800
842.815900
827.327900
857.089600
850.298500
859.237200
842.154800
794.089200
866.173600
817.082200
753.268900
829.122100
775.551400
819.526800
708.953000
862.156300
793.345700
841.944500
775.414400
849.539700
877.795900
734.804000
797.763300
794.161900
824.707000
857.974400
786.465400
805.398700
754.144700
804.027300
816.013900
813.262500
764.665100
764.613600
765.916200
811.714600
781.573700
863.283300
826.695100
861.637700
785.086100
713.434900
767.266100
848.321400
828.371000
760.129000
702.760800
762.862000
751.461400
836.665900
808.102800
763.517400
751.647000
736.675600
696.185300
711.110600
832.715900
811.340700
747.734100
797.641500
794.385100
850.664600
732.030600
819.716400
750.388700
856.506400
711.128200
782.389100
821.977400
846.060500
821.945800
704.435700
859.292700
774.610900
853.487700
774.616800
903.108300
708.642200
837.805100
807.935500
853.193100
845.416400
837.938200
793.117400
649.530000
800.586400
757.295900
797.052100
751.322700
854.505100
785.089400
834.784300
834.024500
780.673300
659.171300
747.268000
777.627100
798.318000
845.284000
885.419200
791.419000
770.821600
838.219500
810.832500
817.356500
815.872900
810.320400
889.271300
788.341100
838.009000
859.440600
767.206000
775.813900
767.136200
710.913000
728.064000
844.644700
808.743000
719.582800
763.219000
705.131800
825.480700
791.888800
777.501800
723.448900
788.691600
716.971300
767.041600
806.561200
799.572300
774.059800
751.682600
838.500100
811.175000
849.223600
694.553300
764.699600
816.142000
730.969600
800.051500
749.820700
784.583600
725.287400
766.496400
701.805600
775.017700
837.360000
798.783100
775.633100
796.455900
776.791500
860.471800
730.834500
834.713800
788.814000
764.647300
757.679800
730.843200
739.297000
716.220900
784.656800
775.081700
767.630600
705.860000
706.534100
815.734400
791.815000
785.142900
760.424700
693.450500
724.911400
838.629500
826.416600
757.096100
793.084700
800.088600
764.611500
873.186500
792.393500
856.880200
829.125100
773.485300
796.335400
776.439100
786.202400
867.858500
833.418800
717.641200
811.228800
853.036200
803.230800
797.692700
786.212100
868.105000
728.161700
