1592.082500
1517.360500
1592.596800
1498.569100
1574.396300
1649.264500
1617.313200
1488.871900
1650.197700
1500.220200
1723.155000
1573.122100
1660.147700
1818.915800
1583.185700
1578.646000
1639.622700
1598.587500
1558.202500
1680.940900
1550.225200
1661.532100
1701.493500
1565.524600
1651.351300
1482.311800
1561.065100
1724.746500
1579.092200
1619.048100
1699.032300
1587.583700
1888.070400
1667.113400
1621.068300
1640.447200
1620.984900
1942.715900
1703.523400
1763.324600
1854.126300
1712.179300
1564.110700
1651.046900
1653.334300
1657.988700
1944.895300
1671.629200
1691.786600
1749.093700
1922.015700
1828.975300
1683.562100
1680.822500
1709.505000
1648.795900
1725.676200
1791.149200
1624.171700
1528.367800
1604.467100
1574.237100
1568.741800
1542.456700
1644.526100
1550.858300
1551.444400
1870.045300
1791.978600
1853.649200
1764.200700
1706.289900
1531.005800
1796.701100
1777.860800
1660.519400
1571.478900
1558.918900
1651.788100
1585.178200
1745.300600
1610.382400
1712.406300
1616.902000
1482.404400
1553.258000
1723.930500
1660.292200
1742.501500
1837.007700
1580.241100
1570.362000
1596.404800
1585.587200
1563.747200
1629.570900
1655.360400
1821.834400
1563.394200
1700.887700
1702.454900
1644.873600
1697.124200
1662.417300
1732.873100
1734.429700
1729.972800
1553.882900
1628.903600
1688.612300
1561.529200
1500.310200
1642.939900
1721.571400
1677.236000
1630.845900
1696.878500
1559.291000
1613.278900
1586.615300
1783.184000
1731.605500
1610.072700
1789.691100
1530.326700
1551.179800
1499.529900
1640.124100
1621.543100
1642.476200
1568.331500
1617.932400
1613.330700
1518.854800
1524.188800
1735.718400
1669.436900
1470.439500
1519.331900
1629.639300
1733.419800
1747.888100
1796.689900
1663.951500
1551.891100
1698.388100
1434.869500
1469.346000
1506.877600
1520.665400
1690.047300
1636.391100
1589.834400
1622.048300
1548.622300
1592.597300
1601.662500
1628.381500
1552.386600
1590.980400
1462.139300
1521.172300
1670.592800
1533.236700
1596.342600
1644.659700
1636.110800
1659.288000
1557.499600
1687.538600
1538.716400
1726.588900
1710.587600
1685.599000
1557.841200
1675.764000
1706.591500
1630.116000
1545.079800
1534.944500
1772.559300
1669.655900
1839.015100
1838.851300
1576.168600
1568.633800
1770.587900
1841.762400
1731.920500
1542.722800
1458.072100
1546.724300
1665.908500
1570.109800
1560.552400
1517.672000
1415.818000
1580.879700
1535.354400
1512.422000
1527.334600
1491.391000
1508.545600
1459.011600
1450.567100
1512.970900
1671.195300
1808.113500
1712.640500
1677.720300
1642.231200
1539.473200
1633.054600
1830.431300
1663.784000
1630.747100
1616.258500
1471.780900
1345.899900
1456.350800
1446.841900
1394.900700
1486.665600
1467.577900
1445.658600
1496.462900
1447.984900
1708.297900
1503.372300
1393.721400
1408.129600
1394.184900
1591.767700
1469.355000
1368.397000
1601.510200
1545.964100
1583.565600
1467.554500
1435.200400
1581.539900
1588.746500
1564.860100
1697.613200
1509.606900
1506.374100
1523.628300
1468.952000
1614.464000
1643.553400
1907.086800
1708.118500
1557.295200
1393.657000
1652.729600
1625.391700
1722.943200
1595.931200
1483.734000
1499.266100
1530.541200
1507.195400
1598.372200
1467.471400
1594.717200
1581.313500
1668.375700
1708.128400
1689.738600
1611.752700
1603.393900
1669.378500
1595.316700
1481.710400
1711.919700
1665.782900
1630.773000
1515.778800
1726.981000
1740.070200
1403.425100
1751.771600
1420.702100
1472.251700
1561.153200
1772.717600
1857.276700
1553.688200
1610.164400
1506.342400
1744.118000
1548.111000
1582.809300
1546.250300
1569.762300
1547.483400
1555.982000
1692.484400
1623.616100
1466.556300
1618.844400
1604.468800
1716.108100
1649.601200
1352.554200
1544.333300
1633.873900
1588.813500
1619.646400
1634.850100
1665.111200
1575.612800
1482.926700
1400.654500
1562.149800
1428.403800
1474.859000
1737.386000
1630.012500
1757.230300
1683.182500
1894.810800
1608.991700
1822.926700
1582.156600
1691.490900
1737.559800
1858.990400
1526.386400
1610.824700
1531.105900
1594.538000
1524.320600
1617.643500
1657.957200
1579.169600
1601.798600
1459.387300
1488.110300
1586.879500
1499.661000
1483.274000
1694.142600
1692.332600
1735.307300
1577.456700
1551.339400
1415.100200
1345.751200
1797.126300
1738.736700
1694.175000
1540.353100
1708.226000
1585.782300
1589.407000
1642.858300
1642.658100
1410.566800
1679.674800
1721.981200
1464.590500
1609.994000
1553.056900
1647.555700
1614.562900
1564.314400
1563.435600
1515.387000
1531.040900
1433.502900
1474.344100
1542.408200
1668.625900
1392.595300
1331.273000
1416.377500
1483.449400
1512.443900
1586.414100
1610.436100
1538.906000
1468.152400
1375.602400
1565.888300
1355.920200
1511.860600
1633.383600
1599.287900
1602.831100
1641.028100
1535.960200
1605.488900
1417.855200
1438.300200
1517.753500
1718.391900
1443.521400
1653.375100
1607.225300
1611.609000
1573.060100
1537.867000
1538.363500
1606.537100
1606.956700
1515.315900
1484.904400
1490.832600
1516.163600
1449.493500
1512.406000
1529.696400
1505.783200
1483.254800
1589.734700
1416.001500
1523.713700
1567.192900
1587.176800
1551.909100
1504.612000
1500.871100
1611.762200
1479.085100
1490.297500
1591.234300
1502.154200
1529.727800
1536.810100
1418.760100
1454.900700
1475.790800
1610.120100
1561.598300
1640.159500
1462.898500
1460.786800
1626.786100
1511.589000
1396.506200
1573.832300
1647.749100
1615.587400
1498.277000
1606.582500
1602.405200
1585.032200
1476.832200
1377.959900
1456.702700
1514.071800
1349.733400
1463.974700
1386.239800
1343.259800
1601.331900
1505.108800
1565.123300
1477.929700
1456.889900
1367.010200
1537.307100
1520.986300
1705.759300
1609.283300
1530.245600
1415.033400
1439.384200
1469.885200
1358.307400
1485.060700
1356.802400
1542.546500
1570.454700
1625.973100
1590.007400
1481.470300
1421.551900
1454.223100
1433.137800
1581.395900
1328.441800
1541.814300
1479.540800
1413.937100
1441.405400
1447.637100
1629.951700
1664.489400
1567.697900
1413.509500
1521.230300
1678.343500
1509.362700
1601.776600
1473.119900
1384.057900
1481.079000
1343.875100
