1103.713900
1186.727300
1147.530500
1228.359700
1141.887800
1180.899500
1134.479400
1103.078000
1227.877900
1204.776500
1244.918900
1171.617000
1114.868400
1123.756900
1170.723900
1153.612800
1202.242900
1214.531600
1212.272000
1140.661100
1143.549400
1152.115000
1151.599800
1132.990100
1206.321100
1161.491500
1245.597500
1286.048800
1262.334200
1275.987600
1230.085000
1226.003700
1143.221000
1221.920400
1279.988300
1298.610200
1331.236000
1260.190200
1281.679700
1298.474900
1247.555600
1227.353900
1222.335400
1203.600500
1279.161800
1202.012900
1225.788000
1181.960700
1239.346500
1291.829100
1205.341600
1154.088900
1140.290600
1141.916300
1174.639300
1159.116300
1191.079200
1208.760900
1245.313300
1201.050100
1115.252500
1167.949900
1207.540700
1226.852400
1225.598400
1168.886400
1285.674700
1161.102000
1283.552500
1216.738300
1163.857400
1181.521200
1336.160300
1227.899500
1210.717900
1130.989400
1219.785000
1271.261700
1254.249700
1267.118300
1267.432000
1280.014500
1317.921400
1151.352500
1196.352900
1221.310000
1207.002000
1166.483500
1172.472100
1093.952800
1141.656800
1213.772800
1251.644800
1221.423300
1224.497200
1279.634400
1270.358700
1170.417300
1247.606300
1203.916100
1183.939100
1261.001200
1160.027900
1144.894500
1242.996500
1391.684800
1342.421000
1211.936700
1225.592100
1192.745800
1222.444200
1162.202700
1207.417200
1245.666500
1235.039900
1224.316400
1199.679000
1220.660400
1277.842300
1156.913900
1178.491300
1244.741100
1270.211800
1234.862100
1135.837500
1287.491000
1253.645400
1215.693200
1287.918700
1211.142100
1299.082100
1263.418100
1219.455900
1239.271600
1260.653300
1256.212000
1229.817900
1214.952400
1198.662200
1271.850000
1238.405400
1247.731300
1262.698200
1265.683200
1108.898400
1183.060600
1257.291200
1329.311200
1240.432800
1214.573300
1296.492000
1162.253200
1192.354100
1291.301200
1112.500900
1287.917200
1303.062200
1279.396100
1172.289900
1163.839800
1150.901200
1303.945300
1219.191400
1219.370000
1142.304800
1198.805500
1040.397700
1248.549400
1398.983300
1313.522800
1549.801900
1385.134800
1227.558200
1266.424100
1302.269200
1410.284500
1236.643000
1280.867600
1356.096400
1304.787800
1196.260700
1213.678900
1315.841100
1246.839600
1301.552200
1320.223600
1221.986200
1187.100500
1309.261800
1355.272800
1346.050700
1196.333100
1303.117400
1393.009300
1245.184400
1152.022600
1182.343800
1234.104800
1119.644200
1239.752200
1325.196300
1266.901200
1256.540100
1292.306900
1390.966100
1365.958300
1293.233000
1296.911300
1190.783600
1089.704400
1213.789100
1250.324800
1243.718500
1276.828000
1262.234400
1278.526100
1268.209500
1367.756000
1279.619500
1210.908700
1194.522100
1212.688300
1195.225800
1384.850400
1312.189200
1235.700800
1284.970900
1177.438100
1430.169500
1311.361400
1178.555000
1186.538500
1200.679700
1261.096700
1228.128500
1174.775500
1103.630200
1267.919500
1263.937800
1182.312100
1201.018500
1227.463900
1225.190200
1349.953800
1156.326600
1179.515600
1251.731500
1203.320900
1111.021600
1248.266900
1223.820400
1314.403900
1287.256800
1133.787300
1187.628400
1228.293000
1167.226000
1166.589800
1239.951900
1239.187100
1287.119700
1263.566100
1330.418000
1321.559900
1293.276700
1088.306000
1198.288000
1359.020400
1228.514900
1383.246600
1295.863100
1343.638100
1050.334600
1272.732900
1266.888500
1373.821200
1423.045500
1436.825100
1284.975400
1177.520200
1257.260400
1279.919800
1374.530200
1329.916300
1246.725600
1290.208500
1269.496200
1214.184700
1157.916900
1202.150000
1221.280100
1336.721600
1234.719700
1214.097500
1379.603300
1308.916300
1242.331700
1201.224700
1255.686700
1250.851200
1199.173400
1252.083900
1282.021200
1292.036200
1218.792600
1226.862200
1425.482100
2652.882600
1961.285700
2173.432600
2220.070800
2354.800000
1641.993600
1413.289400
1381.691400
1466.324900
1547.579700
1314.156200
1419.339600
1258.999300
1487.455000
1299.907600
1560.165500
1367.099300
1548.344200
1749.328200
1472.309000
1391.222300
1483.262500
1426.971800
1560.438800
3995.157600
4303.980800
3605.159500
1605.599000
1461.591700
1915.655400
1510.092400
1262.079500
1285.501500
1388.558400
1529.544000
1406.590500
1524.716700
1451.272400
1384.619700
1220.152000
1396.597500
1331.520300
1335.476000
1179.343500
1091.855500
1203.014400
1183.053900
1231.169900
1276.490500
1182.515700
1182.729700
1151.381800
1068.267100
1138.216200
1294.157600
1249.065200
1203.747700
1254.161900
1301.830600
1274.174100
1212.826100
1283.841300
1186.843800
1310.938600
1105.780300
1255.282600
1257.023300
1363.150100
1309.109400
1089.160700
1356.683800
1232.561000
1570.741200
1247.868600
1426.015200
1156.758900
1419.583400
1574.062100
1687.732800
2037.802700
1733.170700
1483.078000
1188.175700
1453.359200
1313.119400
1300.358800
1251.354600
1498.145100
1337.557800
1829.799100
1638.477400
1240.187900
1074.935400
1186.414500
1201.026400
1244.848700
1286.329100
1355.447300
1240.433900
1203.354300
1284.705300
1251.821100
1262.645800
1253.035400
1223.469500
1350.679700
1255.831800
1310.672200
1318.590500
1194.384800
1225.494300
1203.032700
1082.040100
1116.062200
1303.864800
1240.780900
1080.818600
1160.165100
1083.931700
1281.521300
1218.196500
1186.835900
1119.207500
1214.987700
1116.199900
1165.503900
1225.147500
1262.330200
1199.370100
1157.610800
1313.364300
1270.758100
1328.454100
1077.971000
1179.742200
1261.872800
1129.316800
1240.925000
1191.569500
1230.839700
1128.621700
1158.866500
1099.431100
1178.944900
1305.564100
1236.341700
1190.127800
1229.209700
1192.494500
1328.602300
1109.352500
1287.225200
1197.679500
1189.835100
1146.389600
1077.015700
1124.157400
1124.105200
1246.312700
1212.627300
1179.694000
1139.050300
1103.334000
1262.029300
1217.555800
1205.955200
1179.708500
1012.004200
1090.065500
1289.934800
1271.838000
1204.098200
1214.400700
1243.553100
1100.966900
1198.175000
1168.177900
1244.823800
1213.271100
1139.385500
1158.297700
1142.322900
1150.303000
1241.260000
1182.401500
1011.260300
1203.485500
1281.784300
1200.334300
1164.533000
1157.907600
1312.365500
1039.832300
