1509.327100
1387.784300
1509.216400
1350.698600
1349.402700
1443.161100
1420.418600
1385.499900
1434.366700
1320.445100
1493.394200
1443.312700
1497.974000
1407.556400
1404.442700
1367.489400
1374.096300
1441.867000
1345.202300
1262.251600
1416.720000
1404.985800
1420.595000
1450.988700
1400.538600
1418.686900
1360.338900
1390.198800
1350.987500
1423.066600
1468.691800
1468.418100
1487.294200
1472.063400
1270.266200
1427.554000
1464.359900
1485.247200
1435.750400
1451.613200
1502.762700
1475.030400
1296.796100
1355.851300
1438.637400
1422.897300
1420.230500
1267.253100
1276.337200
1243.843500
1531.924900
1442.602500
1421.586800
1487.534100
1446.105500
1404.483000
1470.095300
1442.012000
1363.566100
1437.211600
1337.341800
1410.206300
1220.807200
1330.695200
1345.386100
1278.876400
1451.646900
1406.586200
1316.669200
1408.307200
1447.089900
1413.059600
1366.690200
1350.283500
1554.078000
1403.782300
1416.589100
1474.911800
1377.947000
1341.280300
1444.221400
1533.288400
1295.066900
1346.453200
1384.422100
1528.659700
1462.354700
1465.541600
1462.383500
1594.922200
1520.041000
1340.107300
1473.613000
1379.095100
1386.420600
1499.639000
1449.417800
1494.072800
1361.429000
1493.909300
1527.550900
1361.345100
1364.867900
1509.972400
1510.599900
1567.713300
1378.072900
1284.236400
1263.850300
1289.623300
1355.538300
1388.424200
1392.916000
1384.537000
1317.478000
1472.638300
1470.156100
1480.486800
1341.885400
1433.626500
1394.282500
1436.359700
1571.590000
1330.754200
1319.609500
1353.370100
1452.394400
1338.731600
1373.471100
1396.123800
1540.381600
1582.828900
1459.828100
1445.952700
1544.339700
1460.290600
1472.974000
1429.840600
1403.861400
1509.523500
1536.764700
1609.393000
1450.485700
1444.641400
1449.468500
1412.208300
1360.739800
1591.694600
1438.834100
1523.864200
1440.000500
1461.930400
1505.900300
1568.548700
1505.653900
1261.520100
1414.094600
1492.126200
1465.052500
1412.266300
1532.775700
1434.322100
1439.116400
1455.501800
1522.865100
1443.896400
1510.907100
1446.963600
1538.347700
1584.374600
1713.029100
1738.855700
1643.930500
1530.140900
1533.076700
1468.493100
1481.117500
1480.859100
1283.417000
1609.764900
1481.016500
1406.576300
1496.808500
1554.177700
1441.332700
1342.047000
1410.709900
1377.372900
1596.645600
1305.852500
1635.109200
1623.723200
1866.574600
1820.831900
1520.047000
1727.162000
1297.054900
1559.237500
1352.361100
1652.003500
1903.500700
1451.018300
1501.398200
1933.731900
1439.509500
1569.186400
1426.709400
1568.135900
1578.005500
1523.238300
1619.860300
1669.542300
1632.651600
1429.359700
1684.723900
1535.330200
1487.274200
1631.586700
1663.193600
1448.833300
1412.221000
1493.781100
1534.688100
1415.863000
1591.242900
1498.857800
1385.289500
1501.538100
1611.258800
1451.525000
1540.938100
1649.867500
1464.379900
1549.321300
1561.774200
1535.120300
1483.608200
1371.271400
1492.856200
1336.338800
1531.724000
1402.734700
1455.667100
1580.228800
1695.270700
1285.373900
1441.987500
1431.022800
1587.919900
1449.373600
1495.261000
1641.169900
1540.178700
1572.328700
1564.984800
1604.864500
1426.224600
1568.186800
1720.611600
1560.044400
1426.886100
1546.946500
1474.489600
1533.752300
1473.556400
1471.637400
1498.757100
1433.988900
1432.168800
1601.763800
1486.631100
1296.738000
1296.769600
1302.682400
1258.615200
1616.275000
1445.639100
1564.433100
1292.630800
1562.001100
1406.078300
1410.969700
1568.175600
1475.634600
1410.071500
1426.159100
1308.020800
1517.830200
1530.186700
1393.860900
1414.108600
1423.315400
1497.453400
1340.483300
1441.944600
1352.582000
1354.501500
1450.697900
1568.621200
1474.666800
1466.641300
1433.450900
1731.491200
1650.452700
1411.889000
1437.855300
1608.333800
1675.285200
1454.578400
1403.191300
1592.928600
1344.979200
1524.322300
1460.158500
1443.799700
1385.562400
1583.323000
1524.897000
1356.942300
1514.675500
1566.556500
1484.860900
1446.814900
1458.599200
1310.048900
1353.310000
1469.921700
1490.059600
1338.557600
1440.935200
1289.472600
1486.286700
1529.128600
1486.228100
1525.267500
1423.810100
1368.418100
1402.976600
1439.402800
1546.483900
1521.222600
1562.430800
1537.782000
1504.381000
1195.910000
1331.156500
1474.488200
1536.037900
1493.723000
1479.625200
1445.477300
1367.803800
1456.038700
1439.517900
1482.960400
1463.849600
1440.274200
1351.512500
1328.554200
1332.867700
1362.278900
1285.565400
1268.637900
1279.936800
1387.939700
1356.797400
1216.168900
1318.559000
1403.801500
1284.092700
1326.634800
1296.655100
1261.986800
1509.834100
1478.558400
1383.748000
1453.338900
1493.626000
1239.935900
1432.932800
1446.926500
1479.596200
1473.956700
1328.124300
1370.329900
1360.063200
1266.923900
1444.932100
1410.642300
1416.953700
1479.883700
1323.720900
1315.448400
1325.912200
1193.056200
1362.501900
1370.692600
1431.005400
1382.685000
1307.627300
1322.113100
1287.479600
1318.330800
1475.537100
1487.986700
1309.750400
1436.395100
1427.207000
1499.979900
1438.571900
1395.980600
1439.062300
1493.350200
1344.229900
1360.733400
1318.170400
1298.546200
1359.150600
1485.010200
1507.503700
1502.180500
1411.795500
1267.319300
1280.874800
1416.910700
1502.580300
1436.734400
1378.666700
1369.121300
1396.281200
1430.456700
1322.307700
1451.777400
1477.771200
1401.901300
1421.883500
1406.976800
1283.798100
1293.099300
1474.891800
1420.076800
1425.016900
1348.507500
1380.789300
1400.059900
1483.174000
1450.921400
1424.224200
1460.339300
1514.807200
1522.879400
1349.201700
1468.746200
1530.511500
1424.368000
1482.656000
1306.889800
1370.996200
1444.503000
1242.100600
1465.747500
1333.935700
1213.824900
1435.501000
1385.258100
1481.162500
1318.236900
1460.864300
1414.505700
1478.559100
1461.797100
1524.283100
1503.748300
1425.376100
1418.327500
1245.803300
1301.055400
1234.885500
1226.983400
1254.950700
1410.813900
1441.438000
1366.552300
1442.756400
1407.857400
1472.390900
1384.028900
1406.626500
1422.287600
1304.365700
1400.120300
1230.733300
1622.073900
1700.919900
1508.773800
1579.889300
1540.192700
1428.585700
1410.881400
1481.655700
