731.335900
773.777600
855.547600
831.630800
820.399900
742.619700
747.848300
753.018100
788.589300
691.419100
797.125000
810.231400
765.714200
805.484800
788.201400
815.022400
804.730100
868.643900
872.291700
772.719500
758.645000
814.169000
779.855500
769.151100
722.850400
742.108500
767.206700
780.336000
706.180900
741.227900
792.115200
801.591400
814.949600
806.230200
793.379500
818.851300
796.774100
710.883700
806.652400
808.876800
748.559600
832.153200
794.716500
789.857200
782.752000
824.067100
794.126400
797.486600
753.110200
779.514300
739.774200
782.019900
747.960900
842.840100
821.007900
835.884900
813.531700
831.166900
857.469600
727.497100
821.555700
757.462400
841.799600
846.901300
857.264400
808.344500
829.061700
803.846000
816.497300
740.894300
791.935300
845.462000
778.255100
813.651100
831.219000
783.677000
771.019800
865.163400
868.659800
808.279500
858.785600
719.609500
1014.309500
802.039500
831.373200
814.895900
765.164200
762.302500
780.444700
780.673400
818.058100
815.198200
831.199400
853.331300
806.232700
811.465300
779.197400
733.392800
796.604300
746.897400
743.913200
760.376000
808.962100
770.876700
831.023600
891.589800
767.778800
842.297500
767.003600
792.220200
752.722600
800.234300
760.477800
812.452400
818.351700
791.191400
768.823600
786.839500
891.008000
826.219000
828.977000
913.832800
911.246800
871.510100
890.615200
846.897100
930.542800
967.265100
923.473300
861.379600
901.839300
853.390800
874.695100
812.175300
823.745700
768.788400
809.084700
887.597200
808.975200
838.563600
809.410600
828.102400
800.401300
804.273000
839.773100
770.452200
846.361200
827.388800
861.184200
785.753100
787.147600
731.468800
866.055600
780.100800
780.055500
794.989300
777.936700
749.904500
823.124100
788.129400
768.375300
750.278200
758.922500
791.960100
780.114300
779.358300
851.066600
868.420300
776.098200
796.642300
772.049000
814.313800
809.751600
835.131700
838.204200
776.769700
787.841500
835.331300
803.380500
803.082200
799.865100
746.340000
799.186900
845.075500
830.487100
773.524100
815.521500
806.097800
807.173300
821.356600
834.962300
840.866900
760.938800
731.743500
782.185900
694.804900
790.317700
740.543400
762.322600
765.494000
760.136900
741.015500
742.615600
798.231700
825.896200
756.105600
752.076600
741.957500
758.280900
800.432400
712.785700
778.121400
737.180100
787.527600
763.246800
770.679000
716.526000
756.959600
827.870100
795.990100
786.156100
803.044300
798.786100
837.128500
802.069700
744.924700
830.511800
838.038300
718.030800
714.335800
734.935800
781.058800
776.778200
770.628600
745.245700
808.616700
789.952100
767.714300
813.349900
814.492800
778.029800
819.306000
805.498000
765.979800
721.991700
782.718100
751.033200
763.795000
764.892700
749.669800
804.889300
818.967800
794.064300
752.258400
759.406200
808.971500
723.926000
754.550700
766.321500
770.148900
755.066600
756.323400
747.326500
741.576200
749.016400
815.543000
681.221800
766.830600
754.225700
775.386500
724.986100
769.887800
784.055200
785.670400
809.268200
783.734500
995.786400
956.636900
830.470500
796.666700
801.306400
888.843500
805.441100
853.639800
818.751800
834.396400
804.492700
791.529500
837.240600
839.865700
840.376300
784.025000
798.765000
792.023300
810.536200
809.265800
883.218300
869.915900
818.488600
817.695700
864.095700
782.899200
771.888400
784.083300
875.534500
791.311200
811.444000
816.962800
784.669600
793.975400
804.227400
777.284800
812.536900
780.598000
988.710000
842.191900
999.862800
873.900200
862.299400
1017.389600
995.658800
814.142400
801.818200
856.138800
806.724700
805.626200
794.617700
752.560000
798.019200
761.713000
766.067000
756.384900
790.185300
809.953500
791.062900
847.834100
789.457600
822.386900
834.852700
766.572300
940.259100
739.865400
852.030300
862.943200
837.144800
815.529200
893.876100
748.291600
770.930100
751.000700
900.859100
771.605400
743.606300
787.105300
800.530800
806.568900
783.614000
703.802100
741.565200
712.242600
746.430800
782.963900
769.293200
783.724800
896.805500
903.282600
844.122100
796.406500
864.805300
773.975600
836.583500
755.750500
744.881100
781.343900
789.847600
754.558400
709.944100
858.029600
830.119300
889.084900
924.194900
713.077100
743.462700
774.999200
808.510700
743.198900
751.907900
811.940500
858.908800
702.673000
777.592600
772.222500
833.768500
812.009300
727.817600
836.930400
886.021400
797.982600
702.155000
822.126400
870.239300
755.394000
766.511500
830.806500
716.351500
784.390100
800.482200
750.463700
852.794900
755.204900
762.942500
737.571800
799.356200
722.405600
761.543900
805.478800
844.172300
735.691800
706.279700
800.322300
774.483900
837.668700
862.907200
771.380000
855.619500
815.437500
840.749900
903.644800
835.578600
806.058300
854.714500
784.066500
864.617600
709.686200
731.625400
711.279000
817.186600
859.657600
809.565000
724.337400
721.569200
902.768200
812.555400
891.608700
753.887000
824.531000
799.476700
752.768300
724.040900
726.259700
818.948500
900.444400
840.691100
827.233900
793.029200
871.887300
725.972400
863.346400
764.015900
733.760300
755.115300
773.504900
798.633500
732.185400
807.260300
841.454000
716.217700
796.078500
790.898400
798.208100
811.012900
754.394600
815.523000
678.011200
819.659100
828.926500
788.518500
748.305000
785.378100
845.476000
757.923300
726.130200
732.911400
839.149400
723.064900
758.607800
760.420800
829.851700
782.167500
836.843000
767.204400
733.640000
743.258400
776.752000
812.888500
685.910800
866.679800
746.898600
798.551900
838.245400
