764.463900
699.187500
739.728700
735.180200
772.287900
842.811600
769.054100
719.086600
779.543400
722.732400
791.617200
743.587000
790.883100
788.003100
760.394600
776.104500
789.841100
777.782900
769.946000
846.082200
766.128000
713.076400
764.393600
729.056100
780.196700
689.533400
740.254400
815.107500
737.672800
765.538500
799.764600
743.891000
812.311900
784.274100
731.100900
785.231700
731.422500
803.030300
811.004000
835.301400
851.902700
813.374000
755.249400
763.142100
750.098300
772.890900
822.604100
810.174000
810.394100
800.174700
785.348200
758.000300
802.750700
776.401700
734.500200
762.423700
821.663500
797.319200
758.039600
736.838600
776.183500
742.970700
780.163100
743.298100
802.166500
731.017400
747.352300
846.151800
851.613900
815.639100
791.031800
768.026600
704.478500
838.669600
797.444700
717.625500
718.210600
719.139800
771.125300
739.614100
767.048000
724.980900
753.336700
722.980100
692.095300
735.977400
824.409300
766.551300
782.934600
787.198500
680.727000
691.288400
725.341400
720.175800
722.452400
745.349000
750.897900
798.513700
742.950300
774.945300
767.078400
746.725000
788.670400
739.832300
774.809200
797.992200
796.278500
720.662300
768.767000
771.524000
727.926700
708.340500
751.777200
847.543100
777.615500
753.382100
785.460300
721.426300
730.555900
728.340300
814.314300
751.496400
741.831900
816.251100
712.489200
734.816500
699.882200
763.466900
754.149700
772.437400
730.913900
771.703700
770.699600
719.512300
719.379900
801.697700
787.961500
687.315800
703.059900
764.873000
810.379800
806.315900
743.849700
781.328800
726.759200
805.920500
671.976500
699.487300
708.470200
725.498800
777.773700
768.936800
744.623300
763.032300
709.717200
748.676000
752.651100
779.240100
729.963900
747.901600
685.398700
728.470100
795.762200
730.591300
747.628300
790.121200
787.261800
776.205700
731.961500
772.521600
685.055900
821.820300
805.019700
778.527000
704.960500
743.453400
800.539000
737.576300
687.019800
669.888000
815.620300
730.483800
771.182600
796.072600
661.455700
679.201300
761.272200
805.503700
718.457100
708.505900
715.875900
726.853800
793.247900
749.735100
745.044800
733.312500
670.624300
693.397700
760.984700
754.866000
775.968400
741.161400
752.846900
690.122300
679.968700
700.919500
734.743600
714.754000
786.536300
786.352900
779.094600
726.257700
704.182600
783.608200
751.815200
811.622300
789.420600
726.677800
681.467700
710.354800
716.160800
686.291300
706.918400
733.530900
697.105300
761.435800
682.142600
697.834700
716.196800
660.467200
682.848600
731.771500
782.354100
730.627800
669.265500
687.997600
687.298800
754.371100
682.790800
723.162200
756.237100
747.245900
739.054700
801.129400
714.285600
697.404400
697.732000
693.699300
734.085100
673.939700
742.681100
771.376900
681.357600
627.810100
757.040900
735.131800
767.575500
725.222300
691.970200
675.792600
707.128000
700.235800
743.519100
688.916100
736.346700
736.361200
766.096300
797.107200
791.335900
760.215100
804.906600
772.114100
751.127900
696.504300
791.799600
757.998700
768.449800
713.686500
810.794500
803.173100
639.942800
811.515700
669.323700
665.239400
675.092900
662.416600
794.899500
704.936000
769.926800
710.207600
804.665300
747.746700
772.736900
746.941700
755.605500
768.078800
729.638000
828.659400
791.774800
705.212300
788.290500
788.970400
840.708600
826.655000
657.360000
754.044800
750.282300
756.455000
757.069500
751.665400
767.468100
740.339600
725.861000
656.027200
723.497000
677.649700
711.356700
841.895400
728.334100
743.395200
697.615800
697.930600
694.126900
768.253000
709.364100
776.245900
738.169300
677.924200
690.385700
739.153500
718.009800
726.164100
697.224300
723.841400
767.705400
785.832400
735.451200
687.632100
697.396500
731.154300
697.213000
694.077400
1147.838000
1193.575700
882.933200
856.214100
753.695900
660.448200
640.190100
837.787400
844.119100
777.926700
712.290700
785.171500
729.005600
739.805300
719.100100
778.866200
708.796200
818.787400
873.287900
761.726300
805.598700
755.094600
793.509300
770.193900
718.133500
738.074000
736.462800
742.534400
703.678600
704.406100
744.342100
805.457500
722.638800
687.025000
724.261700
757.475200
772.665300
800.471800
814.529500
770.592800
743.768700
682.156300
804.515100
697.063800
770.797800
820.606300
806.058400
819.553400
817.498800
786.882500
815.505000
844.699900
748.680700
771.623200
865.972900
754.009400
842.961200
837.046100
802.360400
782.718100
789.412800
796.027600
803.449200
811.586300
754.756600
744.964200
768.682800
806.502500
738.357900
769.494800
766.597000
772.373700
778.767600
881.333600
846.336300
911.516000
833.605000
845.791700
792.923700
765.441600
838.037400
794.744900
789.765200
771.234000
833.200700
774.436200
790.232900
775.714700
729.271600
739.343500
785.721700
822.669600
810.708500
831.154700
753.496900
747.725000
856.202600
768.230700
722.308500
800.602600
827.164600
803.105600
756.874900
816.195100
805.427200
898.622500
770.864900
725.464500
755.600100
799.664100
720.283300
757.358400
758.438200
693.968000
764.851300
793.488100
796.289800
767.428500
764.706000
711.045600
792.607100
777.255000
859.501900
824.024900
805.176400
768.798500
743.140300
762.242100
737.803600
762.180100
718.222600
807.194400
802.560100
829.744500
869.753400
744.646500
754.251200
756.727100
770.798800
827.566900
713.959400
807.905700
768.554100
732.619000
722.093400
735.601800
799.446400
841.223900
779.754900
746.948400
776.174200
839.819800
752.886000
812.974300
745.322100
720.055900
733.183400
708.057800
