70.085000
80.777900
91.927700
106.753000
81.046000
75.578300
76.649200
89.561700
78.494800
72.421100
81.823400
81.583300
78.248700
79.508500
79.949100
84.265100
80.002400
86.090000
83.964400
76.731500
77.164200
81.683300
82.728300
80.274800
76.512100
84.906100
79.771500
77.482200
71.477200
84.237900
101.890600
82.897500
82.712400
82.741600
77.719300
84.415900
80.260900
70.401900
80.866000
78.789400
74.180500
85.961300
80.333100
80.087600
80.284000
80.124400
78.986500
76.246900
74.694900
76.846900
74.141900
79.527300
73.423200
84.773300
79.527200
80.591400
79.744500
78.447700
82.134400
72.243500
80.966400
75.188500
80.064400
77.538300
86.215300
79.193900
87.904000
77.956700
80.119000
74.733800
78.561000
80.587400
76.867000
81.386000
82.755700
76.970200
75.789000
85.192400
87.459700
80.225400
83.023800
70.817500
78.260500
77.820300
81.053100
75.717400
79.084500
74.159200
77.268600
73.708700
80.537700
80.605700
81.562900
83.552000
79.423000
80.829500
78.896800
71.200400
83.399600
76.391800
75.974500
78.536600
85.664700
80.211100
85.790600
83.512200
79.013000
91.967100
75.312500
83.064500
72.058400
78.472200
73.094100
77.782200
81.208100
75.386400
82.325900
76.979800
85.727000
81.242700
78.239000
75.711800
70.290600
78.163900
77.980900
82.869400
83.742900
81.602400
75.017000
77.777000
81.998300
78.040400
82.708700
79.319000
79.380200
74.283100
80.299800
81.324600
75.085300
75.219600
81.890900
80.795800
79.200200
79.973600
80.219300
73.637700
82.577800
80.706100
83.236600
78.207000
74.956100
73.989900
87.305500
80.108500
75.779700
80.334800
76.891900
73.440400
79.137500
77.983600
76.000900
72.896500
76.320100
80.723700
79.595400
76.388300
83.074100
84.928300
76.177900
80.494300
78.517800
81.208500
79.350200
88.086700
82.799800
78.828400
78.280500
84.228500
82.817400
83.596100
78.952200
73.783100
83.241000
83.432600
80.793900
77.630500
80.368400
78.662600
79.274600
79.008300
82.132400
84.792400
72.973400
73.252900
76.849400
68.615700
77.892100
76.928900
75.716000
77.238400
70.364500
72.665400
72.424100
79.997600
81.942300
74.267600
74.715500
77.450300
102.438700
77.321900
65.513100
76.637400
92.526400
81.019800
78.269900
76.219900
68.694400
73.691800
79.276400
76.539400
78.356600
78.988600
79.530000
90.105700
88.147400
72.883900
81.551400
83.637300
71.447200
67.326600
67.208200
75.097500
73.684600
75.364000
72.269000
79.899500
75.276000
73.912600
76.543000
80.779600
74.394500
78.720000
79.569500
72.920400
70.034900
73.621300
72.562700
76.406700
72.407300
71.052400
76.032200
73.393900
76.341200
72.976800
74.853500
75.871100
68.006600
72.442100
73.329900
79.445800
73.029000
75.772200
72.807800
74.112500
71.296600
80.510800
65.212800
70.797400
72.160500
74.538100
68.826200
74.181600
75.159600
73.772900
73.513600
72.563400
80.272500
70.456300
74.067900
75.112500
75.869000
87.224200
74.868700
80.932400
74.680700
76.881700
75.351900
73.881800
77.824400
81.191900
80.538200
73.245700
74.697600
72.737100
75.621700
75.935400
80.370000
85.604600
78.381700
77.932800
82.074400
70.037300
71.379500
73.780000
78.187800
72.559500
71.228600
75.183700
75.468800
78.656800
76.299300
71.357300
75.993300
76.035100
74.979200
72.835300
77.286200
71.709900
73.610400
80.182200
78.234600
75.523400
76.342800
79.861400
78.554400
80.826100
77.133100
70.245900
77.022400
76.697700
76.091900
76.052500
77.038700
74.456700
79.254900
81.023000
75.124100
82.643300
81.839700
76.352900
81.687000
69.073500
80.585100
79.666900
81.033300
80.123200
78.992000
70.515400
72.197600
73.066700
80.246800
72.874600
77.064500
78.452200
79.695300
78.329800
78.527600
68.246500
71.752600
67.980600
72.395000
75.054300
71.037700
73.900500
79.852200
85.685900
80.317700
81.854200
76.989800
75.718200
78.085200
74.180300
73.618800
74.253000
76.501100
75.364900
71.536800
80.919300
81.762700
82.360800
84.584500
68.520200
72.065500
72.173800
75.258600
74.395500
72.347700
79.835000
80.094000
69.685300
79.853000
76.593100
78.311800
82.259600
67.444100
80.667300
86.116900
74.601300
68.223300
80.306100
81.975400
74.454600
77.354100
83.483900
71.813200
78.335600
78.255800
74.683900
82.947000
74.980700
73.612300
70.931700
75.045300
70.669200
68.091800
77.188200
79.540300
72.794000
69.553500
76.829100
72.004900
72.971800
79.508500
69.622000
76.535200
72.657900
74.622600
85.442100
78.600000
72.841800
76.361200
74.606300
82.095900
68.239300
70.156800
68.861500
80.536500
79.464800
74.234400
69.873600
67.346400
84.878800
75.675500
85.170400
71.289100
81.685400
77.515300
75.540600
70.637800
70.543700
79.373400
86.826400
80.837800
80.916800
76.819500
83.365500
70.339100
81.395000
76.222400
73.086600
74.706900
76.595700
80.584000
71.987700
80.156100
78.144300
71.257000
76.497000
77.969400
76.734600
78.362600
74.915500
80.948700
65.904500
77.739800
78.137700
73.780900
73.430300
76.200900
80.175400
75.257900
72.538800
71.665300
82.607400
71.171300
73.391900
74.765500
84.552400
76.173600
82.571300
76.817000
73.827200
72.832200
102.052800
83.166600
70.898800
85.752000
73.447700
77.944900
83.559800
