410.363600
453.300900
436.742200
415.198200
440.797200
438.698500
437.531900
444.370700
422.456200
428.452500
436.101100
442.159800
426.355600
448.838600
456.474000
462.735400
442.575200
434.062700
425.166400
453.728100
424.426200
420.092400
456.142500
432.919900
417.848200
462.445400
435.363900
480.893000
437.569200
419.811200
423.773700
431.579300
459.970300
459.456300
465.950200
454.219200
443.042200
437.952000
465.672700
453.843300
418.610800
391.521500
448.240100
469.304800
459.889200
420.859300
431.159100
404.391900
417.728600
421.805400
408.765600
420.764700
435.795700
417.777300
433.924500
454.984700
425.809400
437.629200
472.148200
467.174700
417.634200
443.525800
437.148300
432.036700
400.193300
468.708600
415.796600
423.801300
463.633700
438.133300
378.800400
419.135100
442.878200
441.631000
462.296400
437.427800
396.677700
434.511500
500.784600
436.931800
460.696300
436.864300
489.814800
447.715400
486.186800
449.072700
474.661600
475.579900
482.813000
446.296900
472.834900
458.538100
468.997100
423.857200
470.617100
467.189600
475.236700
412.017000
423.122600
409.999600
439.311900
399.213100
401.270200
439.975500
470.506500
414.313800
430.533800
416.529200
426.647900
472.978000
464.672200
531.781900
514.222900
509.603800
558.001000
461.690600
481.243400
450.846800
451.857300
459.366900
485.471900
469.637600
518.689100
479.306900
443.069000
485.227600
557.499800
421.332200
448.349700
453.034100
426.196800
441.376100
491.195600
463.784800
498.625700
557.112500
483.521100
491.267400
451.398800
460.148700
450.646200
465.060700
435.125200
440.426700
489.254500
440.559600
454.531000
446.038600
388.097000
439.040500
469.499500
414.816200
511.285600
513.846200
453.706400
477.490200
461.450700
442.045700
476.664900
419.063400
428.231800
436.158700
450.883600
460.754400
493.563800
470.388200
466.149700
471.910300
492.529700
464.380900
468.349800
490.799100
459.281800
479.539800
516.304300
458.905600
471.131100
443.237000
511.164900
475.675300
469.276700
468.038700
481.986800
457.352600
407.591400
461.673100
482.853200
452.098800
411.446900
454.947400
445.439100
397.521800
428.991900
430.437500
432.819400
410.562200
381.746900
433.677300
383.517800
391.229900
371.676500
403.941200
464.817800
452.683200
376.542100
449.020400
404.412300
404.039600
452.225300
406.993200
428.465100
380.561900
428.384300
428.703800
441.124400
431.201800
438.464700
387.051900
455.106400
452.729800
407.376700
407.958300
400.755400
438.744600
463.759300
407.914100
412.386100
423.489500
423.943200
456.722100
453.570300
392.956500
443.279700
361.143500
417.617300
403.037800
426.810700
475.679700
428.667300
444.037600
410.662900
453.952900
453.412400
455.537000
388.876600
424.173600
408.775900
406.167200
368.495100
364.861100
428.787600
384.515900
391.280300
388.126900
468.704700
476.656800
442.331300
382.954900
440.259300
435.167900
428.443300
386.488300
457.764000
393.952400
389.958000
462.909200
448.297200
443.381900
427.676400
419.299000
458.170400
450.877600
432.542500
412.621100
400.615200
453.840800
396.656900
380.035400
369.638600
362.236300
414.483900
426.603200
407.948300
408.440100
412.885700
387.335100
417.365400
376.951800
424.561600
393.667000
431.610300
430.306700
381.014600
415.469300
455.924600
438.075400
465.613800
420.549600
451.316100
463.985300
431.607200
417.356900
383.483000
449.520600
432.950700
400.723600
460.024100
435.302400
439.152900
445.022500
468.119100
391.982200
444.186400
404.029100
435.951400
426.888100
440.967100
415.703900
397.008900
391.050600
442.048000
424.471600
418.093500
410.546200
429.326300
399.741700
395.489300
422.853300
406.741000
393.812300
382.014100
404.812200
414.991200
437.828400
462.608500
388.651100
445.147200
451.727700
427.403100
385.621000
391.017300
407.513000
396.341400
422.476300
418.124100
426.154800
354.790400
386.093100
450.352400
431.490300
455.935600
429.411300
445.541800
434.788300
402.593300
437.071800
450.357500
442.065500
430.476800
417.708200
445.094400
438.448600
413.802900
434.020700
442.098800
431.929800
424.466900
477.427800
472.618800
493.989700
454.467000
466.403600
445.966600
459.159500
455.912200
465.775000
492.594700
471.200400
436.749000
470.053400
400.631800
452.740800
364.846500
449.182500
400.944200
427.086300
440.521600
427.863200
432.475800
431.045000
392.906500
403.337500
440.733600
383.896700
461.966000
380.841300
445.202400
431.202500
406.988300
417.563800
418.073600
460.450200
463.079900
376.239000
432.794500
451.322500
437.560200
402.506500
415.625600
415.476200
421.167700
399.027000
414.773900
448.140300
395.567900
444.078600
396.931400
401.750300
409.772100
417.558100
391.371800
393.702200
414.625000
388.487400
422.417300
400.879500
430.804100
403.980300
377.884500
412.359300
406.691700
424.914100
422.947800
396.394600
405.263000
388.731100
415.047500
458.794600
420.104900
447.218000
404.277700
428.231500
384.835000
396.251000
433.448200
387.390400
397.597000
438.164200
383.507400
428.249900
428.472200
449.626700
445.415400
398.244200
434.689900
407.638600
395.615700
402.135700
409.034500
426.235800
422.712800
431.871200
425.845600
372.936900
376.121200
469.986800
431.509700
415.844500
403.715900
438.033700
423.820000
408.507500
388.349100
382.682200
463.073000
407.626700
469.877700
458.456800
441.288300
407.580900
411.210300
432.143000
366.016200
423.225900
393.826500
390.298900
413.499700
410.115000
421.825700
413.007900
408.590500
439.114300
416.581300
437.150900
411.745300
434.719100
427.871900
431.670100
401.156700
413.769800
