1456.281600
1564.668300
1716.945200
1648.151300
1607.914100
1521.493400
1493.328500
1486.720400
1580.659200
1391.135300
1611.048700
1631.693400
1558.047700
1560.519400
1572.040800
1655.226000
1599.188400
1667.816900
1721.859600
1575.986900
1547.630800
1618.497900
1595.640500
1622.868500
1523.000300
1536.495900
1566.366600
1561.133200
1429.960500
1493.020600
1602.246800
1635.599300
1642.937600
1629.161400
1621.581400
1683.743100
1607.983500
1503.777900
1676.051500
1633.774900
1521.257900
1736.219500
1636.005300
1619.191300
1673.071100
1717.707300
1650.019200
1626.268100
1532.068600
1580.272100
1542.620300
1668.576800
1556.477200
1796.633400
1760.590000
1780.067200
1642.779500
1687.111300
1735.073400
1591.090500
1719.544100
1617.604900
1712.525900
1645.270500
1849.858800
1705.303900
1719.266600
1694.560100
1704.156400
1552.364400
1611.484000
1722.647600
1609.690400
1703.384300
1720.566500
1610.385800
1612.034000
1785.619200
1813.972600
1623.465100
1744.023500
1484.264300
1562.081000
1639.447200
1677.957300
1570.984700
1588.725700
1548.930000
1567.051900
1581.292500
1664.238300
1687.295500
1692.524700
1732.085300
1685.319300
1662.097700
1627.758000
1513.642000
1653.610500
1559.966500
1579.705600
1580.420800
1642.576000
1605.561700
1676.569200
1788.664000
1560.953100
1743.876600
1575.129200
1730.979700
1655.859300
1704.238200
1622.695300
1772.983600
1863.109200
1736.526400
1617.954500
1622.932100
1819.043600
1733.550300
1766.743900
1678.796500
1529.764100
1597.402700
1635.199500
1700.470600
1636.194000
1686.434900
1552.282400
1620.274300
1689.507200
1606.290300
1896.865600
1775.355100
1795.602900
1674.898500
1654.224900
1873.379800
1608.024600
1674.068800
1719.184200
1728.454400
1610.722000
1713.890200
1681.468000
1671.334800
1763.944400
1724.976300
1859.917900
1661.805800
1591.053700
1594.473500
1829.750600
1705.684600
1646.350600
1686.352400
1730.148100
1653.353700
1734.099600
1651.491300
1633.151700
1607.325000
1635.605700
1632.785000
1665.182400
1722.139300
1778.802700
1883.042900
1669.345400
1701.830800
1684.043900
1744.616400
1707.877800
1784.751200
1817.257600
1646.487800
1712.530200
1771.716300
1682.629800
1658.918700
1653.978000
1510.298600
1737.648600
1852.674000
1748.695900
1710.244900
1794.740500
1705.809500
1721.707600
1803.247000
1822.819800
1821.006400
1606.163400
1579.862100
1651.958200
1529.157800
1697.074300
1579.258400
1637.698400
1659.836100
1783.762600
1625.778900
1585.302000
1747.742400
1738.101900
1671.367100
1625.492500
1721.066800
1760.382400
1781.082600
1685.247300
1780.324900
1623.083000
1800.990000
1759.009400
2052.527700
1671.154500
1714.708400
1859.703400
1722.922700
1717.688000
1740.809900
1710.335500
1840.880700
2049.819200
1850.317400
1931.857900
1907.519400
1590.167900
1710.613200
1524.969700
1681.797300
1610.594400
1772.219300
1685.418200
1779.094900
1785.379300
1584.947100
1776.217400
1760.436500
1647.835400
1616.677800
1638.130400
1628.778800
1489.341100
1563.843700
1713.114600
1747.393000
1679.882900
1642.378600
1715.222500
1745.152200
1704.344300
1607.415100
1599.696300
1670.975900
1521.445100
1579.276100
2058.916800
1657.983600
1710.340400
1709.667100
1705.041500
1663.171200
1565.571700
1686.868900
1369.738100
1531.195100
1577.261200
1547.209100
1459.969500
1602.905200
1548.448300
1527.131900
1530.808300
1550.109600
1631.668100
1523.471400
1574.190700
1537.339900
1535.077800
1668.346100
1542.549100
1637.708500
1609.790000
1637.099200
1660.548700
1636.774800
1764.014900
1684.437800
1718.700100
1600.847200
1714.032100
1645.103900
1721.385000
1705.981900
1747.553300
1887.101000
1755.283000
1754.226000
1906.511500
1621.727500
1555.854000
1559.783900
1704.225300
1559.007200
1574.494300
1793.637100
1688.925300
1719.631400
1666.077400
1553.090400
1559.608300
1573.231700
1568.140600
1624.402800
1661.362000
1568.546900
1543.965200
1757.391300
1708.658400
1826.696700
1912.997300
1757.445800
1878.302400
1734.915400
1866.525800
1583.905800
1715.046500
1618.571000
1640.762500
1687.797800
1630.846800
1597.718000
1829.188400
1678.180700
1575.388700
1821.473600
2152.709300
1543.450800
1793.573500
1729.767700
1778.646500
1725.824300
1666.820200
1639.776700
1694.458600
1606.408400
1700.162300
1552.220500
1651.193700
1561.535700
1569.733100
1750.204700
1668.086300
1694.880000
1659.245300
1582.459500
1593.451100
1476.237900
1599.024300
1706.333300
1570.323100
1526.835200
1730.385400
1957.856800
1887.036000
1682.654100
1781.293100
1650.202300
1850.717000
1668.606300
1548.449700
1679.080200
1613.522300
1613.181800
1466.590400
1826.142800
1731.241100
1838.151400
1844.370700
1503.711700
1577.529000
1535.798400
1608.772000
1525.102700
1577.794400
1668.997800
1773.830600
1439.693500
1622.971000
1684.947600
1782.776800
1715.379700
1426.931300
1692.844300
1883.479700
1815.070100
1574.594900
1744.895900
1841.533900
1553.898900
1698.328600
2228.627200
1645.088200
1609.882900
1582.774300
1593.945500
1829.391800
1575.143200
1650.028600
1447.942600
1621.797100
1495.718800
1497.119400
1614.483800
1738.128300
1497.340100
1531.549400
1712.781300
1592.101500
1674.382700
1649.529100
1563.048700
1659.869400
1591.991700
1663.265900
1850.448600
1732.674600
1673.858100
1724.236700
1664.620700
1912.226200
1527.707100
1499.233300
1441.545900
1663.488000
1778.711000
1596.196300
1524.662700
1421.650600
1796.322500
1638.957400
1868.805100
1635.770200
1680.265400
1565.936200
1543.941900
1528.240300
1449.642500
1628.045300
1916.056300
1741.675200
1770.507200
1669.043100
1857.921800
1650.189800
1836.141300
1647.992700
1528.392400
1534.909500
1620.657300
1723.958000
1617.131400
1639.638400
1681.258900
1473.901200
1567.498600
1580.631800
1604.198200
1609.526200
1588.044000
1650.977800
1369.311700
1654.306600
1671.351600
1555.679600
1489.696400
1578.095900
1683.405900
1492.696900
1480.827700
1490.893500
1717.618600
1498.808300
1577.946700
1578.007900
1705.344600
1602.681000
1740.369100
1606.101600
1457.958300
1497.085700
1546.977100
1674.632800
1385.386700
1774.273100
1475.387500
1599.915800
1688.274600
