72.711600
83.193700
76.900700
72.701700
79.050700
78.304400
78.698700
79.316600
118.712400
79.171500
106.177300
181.584700
173.472600
213.670200
171.662600
127.819700
154.589100
143.977900
122.688900
90.256500
82.095300
79.366600
80.810000
74.277100
74.646600
81.752100
72.067800
109.917700
116.361200
108.824600
99.464900
98.371800
128.531700
146.819100
200.345000
192.122000
122.463600
89.749400
90.298100
81.344200
74.424700
70.971200
79.503900
94.807100
82.339300
73.892200
76.808100
73.105400
72.374900
75.860800
104.554400
127.463100
126.547000
92.115200
82.773700
81.934900
78.402800
138.389400
127.730500
97.300200
81.677000
115.445400
135.835200
113.459300
98.591500
97.595800
77.231900
78.528100
80.809600
86.281400
110.421100
140.204800
100.481600
101.295400
103.591100
130.877500
122.920200
170.447000
130.706500
89.662600
83.064700
80.616800
82.471700
81.007600
117.860900
136.905100
114.555900
91.321700
87.841300
94.714300
137.521400
112.902500
88.294800
77.356800
86.631900
143.342500
138.535400
91.806800
83.192200
75.545200
76.493700
88.379400
136.025000
118.316000
89.619200
74.154200
78.936000
107.021800
132.887500
127.184700
82.091100
79.559500
83.205200
81.755800
85.243300
116.557800
144.957000
154.389800
98.120900
84.396500
89.196700
81.717600
91.918700
144.863000
124.901000
136.874000
91.659900
80.447500
77.874800
98.658000
130.383600
144.475900
103.929800
116.513200
142.191700
126.928900
93.567300
124.549200
210.945100
200.913900
131.895900
152.720900
146.730500
118.171200
98.798900
84.133000
120.497300
135.692300
123.315600
95.509600
88.675200
91.764800
132.560400
131.061900
91.418500
84.303900
74.578000
116.447000
159.462400
127.758200
92.666000
84.302100
86.729500
83.111600
97.129800
96.048700
89.330000
78.607000
81.502100
78.766200
84.115400
125.207800
102.812900
84.860600
80.401200
79.251600
76.676400
70.964000
74.609800
79.575900
77.377600
76.026600
80.330100
80.255000
72.500100
80.064200
77.994000
80.592000
71.141100
79.612500
75.662800
68.915500
78.417200
78.173200
77.596800
71.193100
76.475200
84.664800
77.053500
76.006800
68.322700
77.428100
83.417500
82.407500
70.335100
85.094700
76.397200
185.793900
127.775700
95.591700
94.191700
79.361000
87.822500
81.303400
83.617800
83.098500
83.035600
85.960700
80.231800
80.278300
76.380700
77.041400
74.426200
82.740200
79.908100
76.084600
74.249100
77.054200
76.713100
82.197400
83.632600
94.435100
84.391600
74.746100
78.094300
71.912900
75.340400
80.110200
77.222100
77.802000
77.035500
78.775500
85.337700
95.472800
85.038400
82.252900
81.744500
81.522700
98.766500
69.557400
83.787800
78.047900
72.594300
75.632500
107.909500
96.212000
121.458800
106.476100
106.417700
88.428500
84.237400
77.101300
89.879400
81.271000
81.697900
96.170200
98.822100
89.794200
81.246500
79.189200
82.772400
81.845300
79.835800
77.095500
77.909700
83.655100
74.854500
69.647900
76.446200
73.547700
80.057900
81.391400
79.380200
79.436500
76.892600
70.300200
84.251600
75.836800
73.834500
72.085000
80.155400
85.525400
76.047300
80.781400
77.740100
84.706200
84.791100
81.353300
88.699500
87.670400
79.212900
99.863600
80.155500
84.468200
77.685900
75.452100
96.091700
88.236300
74.307100
81.980500
82.756700
72.015800
80.723200
74.275700
73.310900
78.585100
78.428800
75.168400
71.443100
70.737300
82.094800
81.576600
79.784500
75.765600
75.314800
70.974100
71.479500
78.952800
75.097000
72.765300
71.425500
73.246600
76.250000
77.749000
83.902000
72.658800
80.742100
78.219500
75.147300
72.839400
81.261800
76.533100
69.791700
75.616800
72.515100
74.848200
64.783800
72.475700
82.707600
81.217500
86.197100
82.643400
80.153000
74.665100
69.990700
75.077200
78.380900
79.301400
76.956500
73.951200
75.949000
79.256700
73.544700
77.572600
78.037400
77.798800
77.510000
82.420400
78.403000
81.034100
78.577700
79.140400
75.948200
82.212500
82.425800
80.342400
80.368900
72.135700
72.523300
75.514900
71.993800
78.080100
63.731400
78.408400
66.936600
76.304800
77.973700
79.984200
98.019700
77.806200
71.727800
73.630500
76.117300
69.512300
77.629000
68.056600
79.257000
74.456700
73.543700
92.188800
106.806600
96.214000
91.853400
77.189400
80.998500
138.231300
115.056700
114.781100
120.294500
85.056000
78.456500
77.739700
74.000700
82.217700
84.813700
128.591800
124.182400
121.236500
107.159900
95.273100
90.799600
117.275200
121.353000
94.371700
94.847000
86.001500
80.843200
73.886400
71.476900
79.312600
77.982000
80.660800
80.219800
70.155400
72.904900
71.106900
78.420900
83.068500
77.895200
82.115700
71.037100
78.435800
70.056900
69.423900
75.465900
71.390100
70.716900
78.977300
70.884200
79.826600
77.518600
83.654600
81.639900
71.225000
77.848900
74.742400
76.125800
71.634000
72.186400
75.665400
73.374000
76.054400
74.638600
62.986200
65.264500
79.747700
80.828400
72.337800
73.196600
78.880400
76.149400
85.043900
71.425600
72.254900
83.146600
71.514100
82.420600
80.979100
77.450700
79.855000
68.929900
77.032200
60.668600
77.791500
66.555200
68.155800
82.135100
70.769200
77.757100
74.267100
70.695400
80.806600
77.140700
76.899000
73.723200
74.192500
74.193200
76.259900
72.175400
74.669600
