748.157500
807.091000
871.851000
820.596700
805.601200
772.209900
773.712500
775.199900
789.716100
728.797500
801.881600
824.528100
758.822700
788.795100
789.759100
828.179300
810.818100
862.078900
853.178000
788.201500
759.195400
812.712500
816.186500
816.835800
831.979200
801.901300
785.634800
764.929400
738.454100
742.936300
806.619500
792.198200
826.816200
786.602200
804.795700
833.222200
780.698200
719.861100
820.108200
803.234800
742.064700
847.620800
791.339000
777.975000
800.282600
833.742400
784.030000
765.571400
735.986200
765.691600
846.919100
836.163900
749.574100
855.115900
820.432900
803.280000
771.090400
790.878700
834.464700
733.258300
820.290300
761.288300
813.510800
787.618800
865.980700
808.178800
821.762300
817.349000
794.243000
732.765400
780.682000
801.009300
769.366400
807.216500
822.353600
773.507400
769.158400
911.801500
868.784600
795.704200
855.354600
689.832600
746.620000
772.982100
789.208900
747.285700
755.654200
742.332200
756.645500
759.097900
789.194800
811.730800
824.022800
824.142500
778.504500
792.473300
793.555500
722.958200
777.410800
742.278200
767.826200
770.712700
770.521500
742.320700
826.085100
836.641100
755.919500
841.643000
733.715900
767.316400
735.162600
787.874000
714.704900
800.940700
810.554300
776.423000
733.308300
765.436600
883.212600
832.344500
791.204900
778.451500
704.078200
767.603400
823.141200
780.741500
755.858700
831.845400
747.173500
801.005900
838.397800
772.123500
854.505500
775.564400
812.763200
742.160100
781.531000
831.002600
777.274400
793.611600
849.681700
852.882100
732.756800
839.778900
832.071300
856.136400
901.800300
905.526400
902.327600
796.129500
779.194200
722.048200
857.742900
767.835800
775.823700
801.898400
758.360500
746.441500
798.731500
801.765500
793.574900
758.621300
758.740500
773.415200
805.916400
768.421100
830.047900
881.971900
768.098600
806.951900
791.817100
812.006000
809.929600
840.377400
870.674400
791.605400
772.780300
839.561500
847.446900
838.778700
938.533200
905.044100
894.727200
855.765800
853.688100
789.938300
805.439700
818.611800
820.192900
908.500200
970.858300
974.127900
882.263900
785.136200
797.892100
744.762200
828.617200
768.785200
811.753300
783.775400
756.725600
743.412300
766.969500
795.400300
832.409100
785.214600
767.645300
750.439000
760.885400
787.822400
694.493500
762.558400
730.604600
786.868100
773.831200
800.154600
722.678700
737.312000
837.367900
798.109000
795.557800
808.055700
808.539600
829.414400
812.841400
762.782100
830.051800
846.382600
701.867100
712.291000
697.428800
777.200100
771.493900
770.875500
744.712000
814.239100
813.432400
755.855300
806.304000
808.163800
782.131600
785.656900
782.961700
778.339900
727.261400
785.046300
802.238400
769.546300
757.068500
756.189400
806.055900
819.035700
796.481000
749.240700
759.376400
795.193700
701.382200
768.222000
819.151900
840.242300
789.075700
781.894300
764.119300
763.679700
786.843600
910.741400
695.617500
771.085900
785.415400
791.214200
749.314700
798.044700
774.810900
799.635400
797.803100
762.274600
824.775000
742.443500
774.883500
795.780100
750.714300
881.854500
807.121700
840.554400
797.149000
787.815700
777.107000
767.351200
836.909600
817.057200
810.651800
768.350300
781.532400
754.725400
790.268500
771.247900
805.709100
859.113600
813.374500
804.312500
847.466000
765.834500
762.402500
755.824400
824.924500
775.976600
747.629400
778.568500
788.083700
810.218300
785.850000
756.551800
781.771300
798.290500
811.003600
805.719100
829.595200
777.189200
782.162200
859.191500
820.486200
829.244400
806.205900
822.181800
852.888800
856.666900
951.503300
779.876400
844.067400
774.209200
800.476900
773.008200
785.589700
795.667300
793.018600
830.298900
782.690700
825.186200
822.778700
759.461200
834.810200
743.190300
881.547700
852.837200
837.006800
813.781700
818.145200
732.278500
734.494100
764.156300
803.161000
741.769900
737.844500
806.104900
810.129800
801.167300
801.592800
692.734000
759.541800
707.790800
748.301800
781.506900
752.234100
748.017900
813.070700
834.238100
818.897400
806.205300
785.851400
795.991500
793.029300
791.734100
920.706400
778.407300
804.682500
772.559700
712.859000
871.632400
820.940800
954.110700
1032.461600
727.438300
804.262100
778.379100
787.156600
755.062700
783.282300
804.933900
837.395900
709.567800
848.807000
885.354300
822.785500
843.300700
818.048400
819.290100
840.848100
808.857500
797.967300
901.406000
909.950800
845.872400
806.635400
827.470700
719.386100
847.265700
809.631700
791.506600
912.234300
822.038300
761.109700
844.808600
786.113100
714.670200
799.897100
806.544700
852.175100
782.503500
807.193400
814.103700
830.275600
927.990400
952.198800
889.912300
791.902600
774.032500
782.363100
954.144700
796.455600
742.290100
846.545500
980.677800
853.664900
720.420700
721.417500
700.389900
823.570300
828.886000
964.331400
821.655900
659.005600
792.675600
755.008000
864.230500
767.917100
852.915900
831.295300
914.814000
763.550900
710.302300
876.563200
913.377500
830.598600
1180.072400
1124.272800
991.635100
843.246400
972.650800
921.479400
839.676000
829.250900
891.759500
900.007700
826.385300
869.025400
796.111200
689.986800
768.411400
771.157600
778.734500
781.361500
726.556800
764.084400
622.329300
741.946100
755.631800
721.410800
683.074700
716.790000
745.405700
683.505200
696.681800
678.089200
771.353700
679.963600
753.319600
680.631600
800.896100
730.540800
791.035000
682.226700
683.599700
678.980500
685.545000
790.644600
635.503100
829.528200
748.513600
737.584000
800.611900
