711.597900
851.132400
821.475400
724.820400
767.568800
761.572700
759.919200
773.472400
717.769300
723.055000
709.074500
731.079000
745.193400
786.641700
766.556300
827.659400
768.999900
746.192300
734.800900
765.610600
734.987200
716.033800
772.879400
733.301100
748.114400
781.156900
748.715800
803.796700
732.242400
734.796800
725.486900
743.814500
793.101100
825.201800
847.464200
865.215900
810.459400
763.811800
819.967000
920.579200
786.590400
730.226500
864.473600
841.545300
839.322300
758.408200
768.992900
741.978800
772.729700
775.774800
807.142900
806.326600
822.937200
778.673200
793.892200
800.494800
773.020600
805.895500
857.631600
865.481400
779.566800
858.475400
889.298600
830.705500
788.266400
842.916200
756.892300
768.916900
842.155500
802.858200
701.824800
754.726500
772.110300
792.829700
825.961900
788.806800
720.610700
759.660100
853.443900
803.359400
788.716900
779.938200
828.521600
794.860900
847.575200
805.435800
800.723100
823.005700
837.658300
774.303600
816.513200
793.303100
801.326900
765.066100
781.572000
823.733200
815.747500
727.584000
738.681100
734.806100
773.368200
703.799300
685.001300
749.949300
807.587000
732.286000
756.309800
730.266500
759.929000
836.007100
742.220000
796.639400
836.956200
843.231900
800.284900
794.991400
815.958900
794.564500
799.116000
750.527000
827.712900
789.968800
792.803900
815.587500
774.672100
802.193700
802.135500
744.548600
751.789400
782.669800
719.594500
761.432900
834.971900
752.716700
795.701500
772.888800
790.032700
770.878600
758.279100
770.543000
741.783100
783.423100
721.161700
710.543200
818.090400
739.370700
791.476900
741.873600
674.773100
739.979100
795.791400
720.629000
773.114200
783.573700
761.820000
751.875300
715.013000
737.513700
957.459800
714.398000
701.438500
733.970000
759.624700
799.074200
935.758400
993.487600
970.735200
854.765500
858.219800
951.356900
979.790100
1064.326200
893.949300
857.719300
924.785000
797.559400
880.866900
785.824400
771.945100
807.869300
792.506000
783.602000
785.662600
762.451000
760.347700
806.558800
780.524200
769.427700
726.323700
862.729200
819.885900
745.566600
795.176000
817.527500
867.358600
743.616000
675.486700
751.305200
665.839300
729.342500
653.941200
709.514900
798.650700
837.495300
669.806200
796.121800
746.878600
762.298600
867.904900
865.921000
941.399500
792.896400
928.311800
864.410300
989.204500
795.653000
876.086800
760.948500
828.150600
804.978500
748.962700
735.789900
718.230700
774.746500
816.264500
764.687400
757.951500
746.621600
851.146000
1306.986900
1019.169800
1003.425900
1123.015700
753.605500
796.374100
749.948700
785.195400
861.111100
827.918900
905.517700
880.944400
1103.544200
1024.186900
1106.975000
759.824800
809.217900
784.152400
780.989300
756.303600
728.559200
852.945000
770.299700
777.152300
756.119200
898.797200
898.433900
868.498400
754.059600
778.126500
831.253800
866.604300
770.245600
894.603200
772.795700
746.184000
876.564900
854.266000
859.593200
818.673500
822.672100
891.084700
853.620900
836.807800
840.861600
1042.207500
924.612100
870.840200
826.706200
841.665500
834.703100
1332.975700
1115.024000
1193.024000
1423.363200
1281.893900
796.523000
936.255400
1370.570200
877.364600
863.991100
969.598600
979.198800
841.451600
817.730400
823.654100
841.054400
881.380900
813.057400
980.288100
901.952300
848.563200
887.065300
760.325200
852.933500
834.250900
813.774100
881.707300
846.585500
841.287500
834.077100
873.293000
764.346500
883.610300
847.569400
799.883700
850.390700
860.529400
808.932400
761.607300
752.734000
849.975600
803.710800
831.095400
808.355000
816.044700
784.385900
764.123200
833.245900
810.075300
758.528400
745.045900
788.148700
829.401700
880.961700
933.736500
755.422000
851.060300
884.458600
813.024100
829.090500
791.982100
802.305200
747.687600
828.998700
800.854200
786.419400
677.149000
731.338900
838.799400
799.866900
813.742400
807.865600
866.391300
803.207600
780.849100
799.003400
825.186300
835.535400
783.647900
767.730600
832.713900
811.247000
754.508000
807.011000
808.922700
776.540700
761.749200
844.039400
910.773100
848.229800
807.439700
831.550300
787.806300
939.232600
821.984300
852.612900
913.992800
893.728200
871.845000
905.689600
921.011300
1019.392900
880.473100
1017.806100
852.441600
892.652800
973.658900
946.420400
951.535700
834.649300
751.689400
777.169000
822.199300
725.693400
856.508100
714.679000
838.932900
803.476900
768.907100
766.196500
758.135400
851.320300
870.939300
693.887700
830.553200
948.033500
937.339900
887.557400
953.352200
1031.096400
870.612200
749.931500
1161.597800
857.944700
714.142600
998.950500
787.173400
736.817100
770.159200
781.451800
742.037700
720.107800
762.840600
716.114100
753.593000
734.673700
799.166900
733.949100
735.305400
750.852000
755.663700
812.866500
947.997900
762.420100
747.152000
944.354700
1062.189200
1125.203500
893.389300
915.628900
788.440800
825.970900
756.372800
742.030500
777.016900
725.669900
736.882100
812.501700
727.841000
818.604200
786.284600
835.663800
821.511600
928.157100
899.143000
750.462700
739.355000
722.425600
729.238800
770.937100
763.470500
781.748400
782.137900
661.082700
690.960400
815.611500
785.675200
752.250600
719.030300
796.794700
754.863300
953.477400
731.908700
705.089100
831.526700
761.745200
839.942600
831.521300
787.220700
779.181600
730.238200
777.427400
644.949500
766.356400
742.831800
717.264900
742.556000
728.106800
762.023500
737.076500
738.894300
800.121000
734.471600
759.600900
721.391700
790.884900
754.774800
764.758000
689.300500
728.890000
