1817.444000
1555.770900
1595.902500
1520.729000
1669.496800
1769.598000
1667.970200
1508.217900
1599.676700
1545.814500
1627.781000
1525.586400
1585.360400
1577.608300
1572.445000
1578.159900
1637.395600
1591.173800
1541.956500
1729.535700
1515.019100
1556.543600
1569.657400
1494.678000
1645.598200
1435.205400
1526.668200
1709.927600
1542.782600
1618.540900
1707.493600
1575.874200
1665.332300
1648.728900
1588.334400
1688.588700
1546.047800
1695.395200
1674.670700
1707.005600
1740.959300
1815.387200
1577.169800
1633.350500
1523.192300
1646.417700
1728.241400
1633.840000
1652.659200
1622.285200
1625.357500
1612.298500
1669.040000
1588.841500
1519.307600
1595.688800
1669.366800
1610.100300
1509.777000
1468.247300
1575.146700
1558.167700
1556.732600
1503.453700
1571.353400
1492.795600
1547.648900
1728.175600
1786.909400
1695.005000
1626.284100
1613.798900
1475.795000
1745.508600
1720.377000
1483.959800
1511.483100
1517.607800
1616.243100
1569.900100
1647.806500
1583.337600
1592.966000
1565.110900
1524.979400
1594.800900
1720.062100
1630.073300
1681.209000
1672.873000
1448.950400
1469.203900
1572.010600
1507.512100
1586.925800
1608.613800
1617.828700
1719.601300
1522.689600
1685.734600
1637.360600
1572.232200
1676.724600
1595.366600
1662.713200
1719.492700
1678.197800
1523.847100
1670.835200
1637.745400
1587.778300
1474.789500
1503.060100
1682.968100
1647.264400
1587.601700
1662.335700
1516.346200
1579.462700
1569.352900
1713.587700
1600.501000
1574.216800
1760.278200
1549.253200
1579.055600
1530.435900
1613.713200
1601.842900
1675.053800
1568.794100
1616.705600
1615.111100
1517.757300
1531.476600
1692.993700
1696.039400
1475.743000
1534.404100
1675.689500
1717.819500
1723.573300
1581.021900
1642.975700
1563.916600
1715.610000
1444.117500
1462.747900
1579.534100
1662.531900
1741.903900
1702.457000
1717.360600
1703.021800
1593.857000
1659.779000
1738.496500
1731.154900
1528.242800
1574.181200
1476.754400
1532.339300
1718.598300
1592.281600
1609.663000
1719.056000
1663.944100
1687.836500
1583.467500
1565.531600
1477.648800
1705.835800
1683.649700
1676.857100
1563.194300
1652.277700
1733.118200
1551.868200
1434.439000
1427.953300
1710.403000
1530.843600
1611.637100
1618.874200
1389.049500
1393.246400
1621.317200
1544.967300
1439.638600
1450.060200
1406.276400
1573.440000
1617.956300
1529.688200
1520.196300
1476.266100
1396.427200
1437.933800
1494.789500
1474.071100
1750.222400
1794.875000
1970.184500
1590.196200
1634.376700
1615.352400
1697.157400
1599.847000
1689.239700
1690.808300
1728.636100
1629.677100
1608.472000
1666.285100
1581.061500
1701.875100
1842.280600
1748.029800
1626.325600
1660.277600
1563.960300
1517.557100
1541.590000
1615.779600
1504.325900
1669.556400
1504.658600
1483.195300
1579.439000
1543.556200
1484.503500
1554.975800
1653.763200
1559.434000
1482.323300
1546.399300
1489.979400
1602.236300
1439.659700
1590.024700
1625.899000
1574.564900
1524.930500
1664.994500
1476.777000
1486.953100
1484.278800
1449.422600
1579.701900
1414.979400
1526.293500
1619.494200
1414.499700
1413.637000
1589.632600
1524.533700
1606.901100
1515.963800
1480.326300
1522.816800
1610.451300
1509.120300
1681.708600
1494.487000
1541.572000
1611.848800
1583.528100
1721.184000
1778.875700
1700.657200
1551.564100
1652.259900
1569.869800
1440.275600
1695.644400
1619.337300
1601.484500
1444.545900
1680.179100
1694.644100
1358.110000
1735.458300
1393.508100
1446.453000
1439.868100
1398.336400
1715.313900
1552.996000
1591.543800
1455.461300
1636.828200
1477.645600
1542.464200
1482.315800
1487.310600
1444.683000
1465.789000
1663.716400
1574.642900
1434.021100
1578.589300
1642.362700
1706.054700
1598.898200
1354.494700
1513.941800
1608.143900
1579.213500
1581.100000
1591.008600
1630.580000
1550.820000
1474.869700
1363.490100
1537.364000
1384.623200
1464.934400
1711.937700
1582.105600
1623.420300
1463.925800
1531.802700
1573.739300
1616.052800
1475.995300
1591.296800
1540.018800
1457.748400
1475.671400
1576.332500
1489.777500
1518.423100
1473.210300
1484.498000
1558.382500
1628.686100
1637.442800
1369.599000
1425.541500
1518.193400
1421.585400
1422.298200
1636.982700
1667.340400
1679.152500
1601.229100
1435.874400
1255.305500
1281.640900
1711.743300
1706.798600
1559.226300
1480.617500
1647.240400
1465.634300
1489.716500
1432.431500
1558.559900
1368.544200
1618.510300
1676.798500
1457.593100
1585.457100
1534.434900
1660.763500
1677.115100
1556.203300
1539.015900
1555.177900
1542.028600
1456.001400
1431.908500
1599.821000
1782.224400
1609.422700
1454.593300
1430.282100
1474.325200
1565.757000
1560.293200
1607.819500
1523.996400
1456.773200
1366.896200
1569.333700
1435.165000
1624.215100
1663.675200
1592.734600
1677.044700
1610.276700
1585.274100
1627.165600
1436.892200
1431.258100
1504.776900
1714.969400
1396.735700
1639.351100
1609.304400
1603.562700
1578.776200
1555.782000
1588.419100
1627.349900
1628.152100
1497.924000
1512.618100
1498.713300
1518.445700
1495.636100
1529.530200
1595.835000
1522.843700
1507.834500
1598.655600
1474.485600
1558.522900
1547.436500
1625.831600
1564.609700
1524.880400
1552.341900
1619.566300
1524.405900
1520.481300
1621.921200
1509.721400
1556.698200
1551.442100
1479.465200
1490.710900
1538.004600
1639.489900
1678.018700
1691.613300
1487.258700
1496.891400
1674.812500
1553.796300
1434.252000
1570.643000
1667.415500
1660.563500
1521.498800
1677.297200
1645.793500
1626.832500
1531.631100
1419.446600
1494.565400
1564.175900
1396.397300
1468.011300
1435.638000
1379.808500
1644.426100
1591.397600
1570.297800
1513.017100
1525.821100
1430.321400
1584.593300
1572.023000
1745.163200
1719.825900
1762.862300
1557.939900
1649.249400
1584.385600
1445.774800
1559.894900
1457.394500
1594.772100
1896.721200
1731.769500
1746.697900
1585.289600
1550.828100
1519.174400
1547.514400
1890.404700
1537.553400
1757.780600
1754.189900
1703.174400
1750.406200
1588.688500
1727.552100
1844.532300
1685.760100
1657.852600
1589.223000
1777.805600
1730.893600
1737.659800
1714.507300
1488.616900
1573.958800
1513.785400
