1369.563200
1325.393100
1229.178000
1391.342000
1631.894900
1367.967900
1383.224600
1435.772500
1340.602400
1426.769800
1490.098500
1280.543300
1307.580400
1245.158500
1259.053000
1202.693300
1253.959400
1237.580900
1247.271400
1315.801000
1171.196900
1100.436000
1210.713000
1195.871500
1269.855600
1207.926700
1296.878800
1394.017200
1235.242800
1207.061900
1257.949000
1162.773700
1253.555200
1213.202600
1131.008200
1198.079700
1134.177200
1205.093200
1235.599700
1263.078900
1326.752200
1267.525200
1204.324100
1212.699600
1179.011300
1214.034000
1271.072900
1188.579800
1247.239000
1209.296300
1200.594000
1180.274800
1244.051900
1180.652600
1116.302400
1188.021400
1241.722300
1213.731400
1194.335100
1189.660500
1542.200000
1377.612000
1187.192600
1271.641000
1257.056400
1148.824200
1310.592300
1472.197300
1542.651200
1434.958100
1481.334000
1222.145000
1111.757800
1321.834000
1266.268700
1093.337700
1137.855500
1230.949800
1238.442300
1174.669800
1228.652200
1133.148600
1215.140100
1172.360700
1164.387500
1190.575700
1479.582600
1311.799200
1406.670300
1500.051900
1300.133900
1430.823700
1237.214200
1471.996600
1689.076200
1495.130500
1505.347000
1547.505600
1401.071100
1272.277600
1234.854200
1239.412400
1302.629400
1232.046600
1287.172100
1374.544300
1311.180000
1210.253400
1264.355800
1279.488400
1152.120100
1149.815300
1133.937200
1301.398500
1246.100700
1252.399000
1281.711700
1182.981500
1235.250300
1236.001100
1356.636300
1252.852600
1282.432600
1290.850800
1173.288400
1185.198900
1214.215500
1293.637400
1202.387400
1287.512300
1283.262800
1205.788300
1249.769700
1164.098600
1155.147000
1272.487100
1269.515500
1086.413500
1139.236200
1258.581700
1287.134000
1307.546700
1206.942200
1236.168300
1161.730000
1355.014700
1237.643700
1250.773100
1274.377300
1376.065600
1373.742400
1313.086200
1275.877000
1312.964600
1185.497500
1213.003500
1362.918300
1324.157200
1151.117800
1245.594200
1143.473300
1138.565600
1289.543000
1165.869900
1308.410200
1420.348700
1364.669700
1323.385100
1157.269100
1188.457900
1047.020800
1231.760800
1267.823600
1201.325800
1093.256300
1284.831000
1326.124600
1170.965600
1054.127200
1031.014300
1321.270200
1150.529400
1235.911700
1356.903500
1028.631000
1027.001500
1149.679200
1137.797800
1076.018600
1075.765500
1075.468500
1276.040800
1215.626700
1181.438800
1146.089900
1127.707200
1055.627700
1112.525000
1151.351400
1136.268100
1174.808500
1129.086300
1123.356400
1094.218300
1413.770300
1280.731200
1190.191800
1129.035800
1258.811000
1252.290900
1262.156100
1121.121800
1100.115400
1271.554200
1194.634000
1235.006500
1236.145000
1233.245800
1130.737400
1134.638900
1154.564500
1099.908400
1172.350600
1184.871300
1220.438300
1416.313900
1145.611500
1151.405700
1168.734500
1107.224400
1123.731300
1157.189400
1223.964400
1130.096000
1094.285300
1103.883600
1189.280900
1242.451300
1081.079300
1181.221000
1229.725800
1210.968600
1189.855700
1277.515400
1131.070400
1133.334800
1135.885000
1105.503700
1254.304700
1133.127400
1188.875400
1237.853500
1114.453600
1061.208400
1229.937300
1211.177800
1354.755400
1259.981300
1196.617200
1163.889400
1184.755900
1188.262800
1308.152300
1188.959100
1256.107900
1278.611000
1267.966500
1315.204600
1472.624800
1356.929400
1492.781700
1502.897300
1785.495400
1578.726600
1728.224500
1593.645100
1253.026600
1141.840500
1346.180900
1548.614700
1122.499600
1368.057400
1129.835500
1141.018000
1180.257900
1129.962000
1343.025000
1217.018700
1342.367800
1173.565300
1334.569200
1217.231000
1193.308400
1164.162300
1149.927100
1184.618100
1126.278100
1305.718000
1232.808100
1126.632800
1217.514000
1237.053500
1276.437800
1221.240300
1036.324800
1148.450500
1238.835900
1197.281900
1216.369200
1222.260300
1232.151900
1202.287100
1157.192600
1040.488000
1184.165000
1090.116600
1134.987700
1291.931300
1178.569400
1213.228000
1205.670300
1137.781700
1120.186400
1243.861300
1180.001200
1269.966800
1201.555300
1151.449000
1140.162100
1210.122300
1138.251700
1153.703800
1171.901300
1176.597500
1208.013800
1198.866500
1140.272800
1094.814600
1131.105900
1199.017000
1227.274000
1110.939900
1302.904500
1261.982000
1267.543400
1274.897600
1119.355200
974.175100
1027.200300
1279.765500
1313.393500
1186.720600
1132.960200
1272.247600
1302.208100
1178.999100
1115.507300
1184.299900
1033.293900
1220.546700
1281.514000
1120.058500
1290.755300
1167.506600
1237.795900
1229.918300
1141.621000
1145.575700
1170.350600
1155.356800
1111.094200
1138.241800
1189.442700
1275.414200
1084.416700
1017.415100
1173.665100
1168.114100
1229.727900
1255.547000
1261.422500
1247.274000
1227.625600
1057.658900
1267.653600
1038.451800
1167.327300
1267.133000
1245.200500
1258.321600
1210.700500
1255.061600
1400.945900
1103.648200
1096.178700
1174.556500
1274.749200
1055.029900
1221.414300
1223.178800
1219.311400
1143.323000
1172.711900
1184.949100
1208.524100
1220.283100
1132.077600
1172.163000
1156.102100
1200.620300
1166.607200
1204.053900
1150.569000
1187.141200
1180.981400
1253.629300
1114.269500
1195.027300
1272.790800
1304.545200
1228.967800
1171.935400
1151.285400
1277.602600
1080.903400
1160.829900
1234.308400
1177.759700
1157.667200
1170.900000
1083.121900
1194.494100
1146.586400
1295.125200
1247.352200
1257.648600
1111.217400
1111.504900
1241.240200
1157.390500
1052.692300
1189.542400
1225.420600
1231.707600
1174.389800
1205.894000
1202.743700
1279.427900
1189.004700
1075.611800
1138.073100
1160.668100
1057.896500
1116.867700
1098.090500
1061.146800
1216.820200
1247.349700
1204.114400
1152.356000
1146.711200
1076.817700
1188.456900
1174.393600
1311.164500
1234.453500
1162.635700
1121.224800
1112.780300
1144.833800
1098.154100
1137.109300
1098.009200
1204.390200
1196.838900
1227.125300
1229.623300
1108.100900
1236.377500
1238.946800
1229.442200
1290.053400
1105.318500
1240.418600
1143.140500
1109.186500
1088.279100
1107.028500
1206.252100
1249.739200
1164.075900
1105.809900
1222.136600
1260.900200
1177.676800
1196.109500
1213.020700
1098.772200
1360.959000
1132.794500
