85.528000
101.726300
91.287400
85.190800
113.293500
124.433000
141.126500
108.662600
98.973700
92.409200
97.013600
120.655400
188.365600
171.814300
107.611800
130.004700
128.244400
140.475100
149.322600
154.449500
125.715300
121.985900
119.312000
109.278700
100.786500
123.742800
114.288400
150.234600
218.508100
172.390600
151.598200
109.877400
110.431300
100.762000
116.837000
180.548600
163.841800
96.823300
115.355700
102.299800
87.797500
165.429500
104.509600
115.397300
95.016400
96.770700
113.436800
88.047100
90.743600
89.682500
101.783400
110.062100
106.764900
127.999800
128.219500
125.427300
92.622300
96.378500
114.515500
101.302200
125.145200
116.964800
107.221400
117.721600
117.000900
93.548600
106.580200
95.589600
114.303100
81.781400
95.442500
103.191000
98.842200
98.463000
113.912000
102.231300
94.261700
110.265800
104.627500
98.421700
107.237100
86.649300
80.625500
92.480100
94.383000
99.047400
92.142500
83.552700
100.339300
81.360200
92.809900
101.272100
98.141900
94.149700
94.330400
91.439800
85.199400
71.643600
78.974000
76.613000
76.743400
74.353200
100.385600
93.217800
83.400000
86.636400
77.983900
101.412200
92.078600
80.169700
74.061500
86.142900
79.419400
95.288000
89.352600
87.388400
86.820300
81.982800
130.458800
108.292700
85.038500
87.129500
75.728200
79.197700
75.498400
80.100600
76.316300
80.996400
71.313000
81.881100
81.013100
73.948400
85.988900
76.038800
80.539800
94.172400
96.067600
102.093700
92.971000
74.734100
75.769000
77.425200
68.835200
67.669200
79.016300
69.561600
78.991300
75.653200
79.576900
75.129200
74.016900
78.662400
101.664000
119.020800
92.112800
98.696300
74.404500
77.036500
89.467800
92.526600
90.434400
87.604100
106.109400
80.505000
86.910500
80.073600
80.575500
90.449400
103.530800
93.224600
83.166800
80.035200
106.044800
103.751100
103.055100
93.700400
92.613000
101.589600
95.550300
87.520600
93.067300
81.462100
79.918300
89.737200
100.503600
84.838600
98.672900
103.694500
106.356400
91.596200
99.388000
88.400200
77.537700
69.660800
77.887100
70.055000
78.163400
67.240000
74.052100
76.920900
77.681300
73.855700
77.546900
75.696500
76.265300
79.045300
78.541100
77.569800
74.741300
80.472300
77.814200
91.235700
78.423100
94.088800
77.123400
78.921500
74.834900
80.356700
88.387000
96.942700
79.515600
82.161400
84.755400
80.344400
80.507400
78.752300
87.334500
91.332600
79.107800
87.325500
89.323600
93.010800
87.073900
88.199900
74.354700
85.033500
75.174000
78.443500
83.519100
85.348400
76.345000
82.694300
74.280900
80.793900
75.514800
77.013000
80.207200
91.270400
95.760500
87.136200
88.146700
84.952000
96.523800
80.055800
75.391000
82.523300
74.662500
75.279800
78.076700
72.897200
76.029800
78.372500
76.636900
76.009800
76.598300
73.797300
67.667300
75.739800
77.311200
101.096200
75.199500
86.418300
94.325700
89.193900
101.941700
88.855100
88.709500
72.472600
97.188000
81.597100
79.615900
86.676200
75.101600
78.939900
78.003100
75.117300
82.146100
98.819600
90.149000
81.895300
83.366000
76.738600
76.142300
84.828100
88.210500
84.861600
89.053200
93.826000
86.070000
85.555800
97.470400
89.791500
104.339700
101.089000
103.764600
93.959400
79.917700
97.855100
85.039600
98.364200
81.074700
80.005100
77.822500
81.134100
80.142900
84.292700
71.131800
74.917900
71.162700
79.010200
82.593100
81.665600
77.654200
80.350900
87.298500
99.732800
87.307200
87.247900
91.222500
76.391500
74.539600
83.023100
84.128900
106.010200
90.566400
92.488600
77.026800
80.025400
82.605200
87.029000
85.149700
79.937700
106.961500
101.208400
108.447400
92.622200
88.570500
73.357600
73.546300
77.527500
85.192700
75.780700
73.710500
82.920000
82.418000
78.653000
77.178800
83.960000
73.827200
82.380000
78.982400
94.112000
94.546000
113.610200
99.752200
100.445300
96.359000
107.486200
91.337500
89.306900
106.271700
96.200500
89.874800
93.863100
79.720600
82.241700
88.584400
103.825300
120.221100
111.905800
104.234800
76.322700
74.730500
81.704400
97.429100
85.270100
86.127400
88.977100
95.161000
107.840700
101.731700
84.670200
83.809800
83.774800
93.336800
79.331300
97.377100
79.028600
72.345200
74.790600
88.061300
111.984800
95.390300
91.147200
78.237500
94.412200
84.931300
79.702200
79.001700
75.463800
78.958100
72.298700
78.798000
72.365500
73.043400
77.346100
79.196200
72.893100
77.393100
79.805100
75.723200
76.901700
76.543400
72.081900
75.648200
78.521900
76.524900
82.101100
76.266800
75.662800
79.358600
72.737500
78.774700
71.823800
71.514600
74.446500
81.739000
76.036100
75.570900
74.282000
73.359100
86.781900
80.221300
88.741400
73.353100
84.224000
81.008100
74.745500
69.729400
75.301900
83.976700
84.787000
81.187300
80.391200
77.688500
81.615500
75.564100
83.251000
77.767900
78.005800
84.315600
75.041900
83.064900
71.074400
80.040800
81.601100
68.434300
77.111200
75.393400
82.368600
81.555400
71.507300
80.502600
69.911700
81.549600
79.284300
80.306800
68.978700
79.525800
80.257600
74.312400
74.419800
73.527300
81.031000
67.466400
66.615800
71.441300
78.004200
69.102200
79.645600
71.277300
74.250500
74.728100
77.381300
73.394500
72.226500
77.439600
69.775300
73.544100
80.626800
