435.874200
406.563900
456.241800
413.065800
399.324600
437.756200
418.644400
415.434400
419.663000
369.739200
431.293800
403.209700
406.150600
413.882600
407.036300
408.724000
398.303800
424.412300
408.893300
373.232200
393.895200
410.058400
408.419400
420.419800
415.099300
406.365500
391.083800
415.127900
409.878600
414.830800
446.023600
446.698100
451.595800
449.972100
379.556800
426.182500
437.749500
461.290600
432.954700
440.738000
452.468100
423.755900
397.626400
411.239400
441.255900
436.363400
430.463700
381.738000
385.676100
376.127800
461.622800
441.658500
418.321700
454.333500
435.308400
417.650200
420.390900
423.340900
413.018000
426.983200
399.718900
429.529000
367.045600
406.577400
403.689800
397.512300
431.411200
420.206600
413.269100
430.862600
432.978900
428.910200
397.771200
411.081500
455.908100
420.628800
393.306700
401.064000
410.284800
405.379800
436.323300
450.246300
389.499100
397.661100
401.193100
454.031200
437.778500
431.919000
439.422900
475.714800
464.630500
419.400200
435.861500
400.476800
417.136600
445.214100
424.344800
439.887800
413.594500
447.437900
466.642900
406.369700
419.460400
449.061200
440.662800
456.479600
421.932700
397.101000
396.494400
398.061100
414.943300
434.217200
419.091000
421.221900
399.033400
452.106700
439.204200
436.849900
415.775500
444.458400
416.715900
449.943400
472.230700
421.477200
409.899200
410.120900
421.266700
407.189300
422.171600
417.508700
473.395800
454.830100
414.076300
404.275400
445.071000
435.110200
438.881200
431.372400
418.472900
438.716200
437.167600
411.059800
414.785300
418.234400
411.282000
426.576100
407.003400
418.719000
423.549800
443.260000
398.625300
409.350100
433.691800
444.400900
437.297300
373.472900
410.786500
503.448400
498.091600
423.019600
482.351000
415.416000
425.499300
429.716500
444.991100
413.078900
450.095600
429.368400
406.628200
454.344900
453.914300
428.806200
463.610800
431.908600
444.495200
433.743700
439.948700
427.637500
437.319400
441.719700
413.739900
417.921300
435.760200
452.809200
439.517100
413.967700
416.178100
411.421700
430.816700
389.268300
444.056300
444.742400
463.485700
451.011000
447.121900
463.185000
373.315800
442.987700
393.425700
402.488700
462.868500
410.025800
411.184800
420.366900
425.730600
436.761500
421.453900
432.849900
465.422800
444.614100
459.888300
471.020100
470.110100
432.362200
450.651000
442.370300
418.956300
427.522300
453.077800
417.760900
409.069100
458.865500
460.011200
419.622200
471.633500
441.182400
417.167100
424.130500
439.232100
434.671300
443.525300
431.203400
414.950900
454.467000
433.908600
401.733600
428.824100
387.696400
407.969600
388.650500
432.438100
404.529400
417.014200
454.180900
462.785800
376.807400
416.268700
412.766200
445.892900
408.218500
430.036900
405.414800
422.947100
445.046600
436.828800
449.532100
405.204600
429.512700
435.328900
401.718500
413.806900
418.081200
403.515000
444.702200
435.430600
451.811700
433.830300
421.514800
393.856200
453.620500
429.834000
379.090900
369.314500
382.354800
376.634200
474.930100
418.899700
444.382900
391.548700
424.636100
416.020300
421.313900
450.255700
434.664800
403.052100
424.677700
394.438700
471.878600
456.791200
414.407600
426.595900
422.131700
441.437400
406.949400
431.039100
421.189700
407.717000
419.228500
449.350500
440.479400
446.662100
430.766600
425.964600
429.864000
411.223700
409.964200
424.326000
419.819600
401.175400
414.724500
445.813800
402.948300
458.398500
428.417300
422.132400
399.493100
433.892400
437.526300
398.093000
450.908100
454.964200
423.326200
455.746400
429.787000
401.770500
401.413100
439.893300
456.042600
392.420100
420.388900
376.788600
430.528700
460.614800
442.414900
451.409700
412.368400
397.014300
427.407100
412.330800
458.959500
454.888100
458.967800
437.132700
436.849800
370.271500
408.817200
449.634000
458.299600
440.639500
418.214300
430.440300
425.227300
449.592400
440.755400
443.831900
462.527900
437.243100
428.524600
417.624200
402.632600
404.320900
405.442200
391.774500
396.275900
433.982900
422.291800
374.483300
413.766400
446.122200
377.758500
412.291900
399.595400
398.868700
472.959300
466.002500
442.425500
446.449100
454.963900
374.607300
427.793100
439.850300
450.286000
429.429200
414.158700
419.992900
397.244700
380.615400
433.955300
421.365700
439.667700
439.584400
398.254400
382.689700
396.456000
392.577200
408.001600
413.521600
420.176600
410.929400
385.547800
391.324000
392.992900
409.571700
438.879600
447.669300
392.456400
417.959500
429.446800
439.963000
441.797000
422.994200
425.767200
423.804500
390.055200
383.460800
381.737500
389.828700
393.397600
457.241700
467.548800
425.046000
423.640500
376.462000
382.569700
416.114100
442.296400
428.128300
398.316600
404.824900
441.821200
426.714000
391.005500
414.664800
425.591500
416.677300
427.912000
413.779800
385.279500
374.095600
442.400400
403.759500
433.264300
399.062500
398.392300
404.000400
436.687000
406.202100
414.346000
426.213000
436.369500
463.241500
392.740000
418.784600
444.612400
401.795300
430.301500
385.670300
401.525700
423.224600
363.778600
429.254000
399.898000
345.296500
418.279000
396.040800
451.827300
392.360200
414.764700
406.723600
412.520100
409.381300
469.487500
430.172900
427.688900
419.793000
369.472700
373.913400
349.837600
383.476300
388.223500
409.675300
424.988500
427.096100
438.502400
406.299400
449.941100
401.686500
413.236500
411.775900
435.913300
431.690500
354.480100
416.251000
416.653800
404.826200
443.460100
437.613500
413.017500
415.482700
416.884300
