1107.958300
1272.711500
1128.351400
1111.418200
1191.137000
1212.360200
1345.723700
1508.146600
1416.531300
1234.872300
1061.850300
1135.862800
1141.725600
1194.160700
1186.486600
1297.794200
1205.070300
1213.179300
1174.009000
1209.984800
1271.236600
1322.160600
1233.637400
1152.165900
1128.684000
1240.986700
1227.799800
1400.782100
1191.310700
1151.511400
1289.448400
1186.829500
1361.712500
1305.513300
1251.514700
1259.190000
1165.901700
1152.933800
1239.223500
1186.093300
1138.952000
1070.779500
1189.530500
1270.366800
1238.934400
1140.960400
1180.373200
1095.257800
1117.321400
1157.810400
1123.449900
1138.865400
1179.936900
1150.875800
1157.864200
1195.803800
1154.715100
1189.292000
1246.275900
1331.698500
1127.910500
1273.744200
1234.713300
1242.313900
1123.199200
1403.862800
1264.469000
1177.139000
1241.930100
1163.893500
1043.770800
1133.123000
1163.755700
1164.450300
1210.795000
1144.195600
1034.813100
1117.668800
1269.829900
1136.864200
1167.718500
1175.645600
1220.488200
1163.327800
1271.505600
1174.286800
1170.223400
1227.085100
1262.176600
1131.950100
1246.956900
1190.569600
1213.362300
1117.269800
1185.328600
1232.080100
1211.083900
1128.324500
1126.591800
1102.373000
1147.311600
1057.285500
1031.792900
1115.196800
1184.449100
1081.712200
1133.282300
1110.677300
1111.687900
1317.423500
1126.842100
1148.216700
1222.726100
1252.657900
1184.914200
1197.143600
1234.859000
1203.982500
1202.473500
1138.670600
1252.962700
1175.078100
1185.037700
1253.439100
1172.702300
1223.886600
1224.350700
1123.831800
1161.537100
1207.597300
1096.380300
1159.200300
1279.329300
1161.198400
1202.224000
1176.934300
1185.418900
1183.655700
1168.945000
1159.523500
1167.250700
1207.704600
1129.513300
1119.740600
1226.445600
1131.051300
1242.798800
1191.871100
1097.244000
1141.161000
1211.683900
1135.469300
1197.761300
1199.535200
1191.230400
1151.749600
1084.425700
1132.262900
1227.677300
1109.548300
1139.924000
1169.257900
1152.179600
1166.211700
1142.436700
1231.771200
1206.016000
1169.173000
1230.878100
1185.951500
1227.822200
1234.698800
1166.342500
1174.908300
1188.530700
1130.205400
1164.346500
1123.394000
1179.433600
1219.597800
1174.686700
1169.574800
1189.455800
1188.516800
1089.462100
1183.170100
1177.763200
1174.654400
1087.865700
1179.880000
1165.738600
1054.362800
1157.002500
1125.072100
1136.069500
1071.032600
1037.124400
1145.282900
1029.680500
1080.446900
989.713400
1098.593900
1205.177300
1169.939600
1026.703400
1237.400400
1073.776700
1079.102800
1208.331400
1116.918800
1144.336300
1053.028500
1147.675100
1140.683300
1186.060300
1122.499900
1163.122500
1032.185000
1177.831900
1179.381400
1100.119300
1073.740100
1061.917800
1147.862200
1209.645200
1121.762200
1114.158600
1144.534500
1097.678400
1176.014400
1200.553600
1126.862800
1161.972900
1048.389500
1104.633200
1053.887000
1108.068800
1213.753900
1152.512200
1140.027700
1101.073400
1154.345000
1195.648000
1187.535200
1056.135300
1137.902500
1103.149900
1094.410100
1045.028600
1021.788400
1173.477700
1089.322800
1093.461400
1072.690500
1232.937200
1242.364700
1200.946700
1058.730400
1091.855100
1153.407400
1158.751000
1085.738200
1235.609700
1097.169700
1068.337700
1270.760700
1227.980200
1175.572400
1162.875600
1160.804700
1213.708100
1185.486400
1168.301400
1136.994100
1127.125200
1216.703200
1110.947300
1055.334300
1140.931800
1044.943200
1123.279200
1146.541700
1153.498500
1099.328700
1146.918200
1060.401900
1218.186600
1127.087600
1109.041100
1059.516100
1173.174500
1196.424700
1072.584100
1123.013700
1112.185000
1169.954200
1203.057000
1132.587800
1274.414100
1219.109600
1133.029200
1189.634900
1049.933300
1170.150200
1160.004000
1088.186100
1186.526300
1255.229300
1060.438200
1162.662200
1214.361800
1014.320900
1153.924700
1069.442300
1112.621500
1117.647100
1172.418400
1119.639300
1036.073100
1034.825300
1145.815700
1119.333300
1099.053500
1070.300800
1158.905300
1054.920800
1174.844100
1180.178800
1075.867000
1097.238200
1049.539800
1080.428100
1127.950900
1158.686800
1208.740400
1047.571400
1186.099300
1197.680100
1163.210800
1043.393200
1090.242700
1132.679700
1082.111200
1154.260300
1127.293000
1215.246100
990.718100
1123.960400
1250.805400
1179.473500
1180.778400
1156.494700
1295.607600
1228.877600
1088.893100
1342.362700
1170.147300
1180.725600
1132.326700
1088.911200
1155.491200
1143.333700
1079.238800
1145.199000
1178.906400
1109.438900
1073.474200
1193.044900
1219.182900
1201.801700
1151.926500
1186.650600
1147.961100
1186.441500
1163.407800
1159.439900
1128.784500
1104.612500
1099.708600
1145.395700
1037.409800
1171.781500
987.958000
1156.650200
1049.854200
1111.993300
1130.938800
1110.861700
1085.351400
1098.196200
1037.887700
1063.778100
1159.340600
1004.897100
1206.669900
1007.430800
1159.011300
1132.499500
1062.343600
1039.625200
1033.775500
1223.820300
1506.610100
1053.665700
1474.199700
1451.144000
1186.522600
1087.073500
1079.414000
1129.128800
1150.116700
1071.198700
1129.232700
1205.143700
1179.426200
1234.914600
1106.436700
1104.329200
1208.294100
1197.860000
1095.005900
1102.764700
1138.814200
1083.586000
1099.487800
1147.095700
1184.340000
1115.817700
1103.274300
1166.767300
1122.690900
1167.154500
1154.508500
1067.820300
1102.824900
1048.590200
1141.827000
1257.618900
1187.171100
1238.285000
1113.381900
1161.606000
1073.367900
1108.235700
1137.263900
1083.674300
1107.290700
1230.557600
1068.251800
1193.152400
1175.631400
1283.296800
1237.805100
1105.061200
1201.121000
1138.936100
1147.657800
1149.690000
1162.473600
1196.950300
1220.855300
1181.947800
1170.504100
1024.092400
1061.246100
1220.219600
1212.670300
1125.691900
1111.611300
1162.919400
1109.411000
1079.567100
1054.271200
1046.629700
1223.599600
1117.620300
1247.786600
1239.382600
1166.781800
1119.855000
1053.886600
1153.236600
1005.866100
1180.641400
1047.450400
1064.246900
1153.239100
1124.554800
1183.077500
1253.050200
1148.201700
1207.335000
1252.708700
1250.006500
1450.516600
1271.045600
1393.329700
1238.602900
1089.695200
1167.536300
