1513.975100
1832.834200
1598.879700
1547.821900
1614.581100
1632.113600
1672.207600
1534.287800
1425.104200
1476.498100
1366.287100
1452.244400
1465.928900
1515.257800
1547.213300
1579.556100
1512.778700
1508.114300
1441.415400
1528.172500
1479.912400
1431.843900
1553.378100
1465.389500
1417.038000
1568.053500
1447.737000
1627.933100
1483.284000
1432.248800
1440.554100
1484.387400
1583.337000
1543.036700
1592.622700
1678.580200
1510.692700
1469.509000
1627.039400
1565.647100
1497.931800
1389.696000
1553.319600
1647.135800
1561.406700
1454.521000
1504.501000
1438.734100
1464.457100
1534.337900
1485.642600
1497.350700
1529.774900
1486.835900
1510.084900
1571.114100
1479.831700
1554.534400
1638.085800
1640.386200
1472.827900
1609.778800
1588.771900
1549.587200
1468.393000
1773.336700
1506.731700
1523.747700
1605.944000
1547.578300
1388.791100
1507.938600
1532.877600
1510.389100
1572.831600
1494.631200
1381.711600
1483.064300
1667.527800
1529.052800
1534.827200
1530.503600
1669.449300
1542.006200
1666.095100
1579.152600
1558.665700
1715.902400
1744.012200
1524.881200
1641.120000
1574.936500
1657.151500
1857.794000
1571.453400
1689.705900
1667.448500
1495.463500
1639.022100
1523.866500
1632.923800
1602.054200
1468.410300
1554.610700
1648.993200
1488.141400
1538.976500
1578.921000
1592.966100
1749.923700
1530.915400
1572.214900
1674.322200
1725.051300
1699.494300
1652.599700
1688.305100
1669.613300
1659.819900
1620.694300
1713.778800
1594.586700
1610.443900
1744.349100
1664.639600
1848.257000
1693.131700
1507.133100
1487.229900
1572.462000
1469.619400
1530.196000
1693.515600
1529.608600
1617.216600
1885.815200
1668.439300
1558.295300
1555.694100
1585.920000
1534.234600
1597.096900
1490.089600
1508.511200
1704.513800
1477.057000
1703.918300
1613.372900
1582.411200
1609.551100
1634.576000
1486.824600
1572.361800
1579.513700
1590.416100
1582.382600
1447.899900
1542.265900
1680.530400
1495.626400
1521.947700
1489.001900
1570.498100
1568.547800
1524.546700
1626.150900
1630.872100
1549.540100
1602.925100
1559.830000
1639.637300
1649.905700
1581.659600
1563.005200
1565.303400
1511.602200
1562.511600
1608.556300
1583.819100
1717.438500
1713.843500
1641.609700
1580.583500
1602.625300
1492.788500
1552.690000
1569.876800
1589.958700
1480.513500
1621.592600
1604.561600
1389.255000
1541.139800
1528.572100
1512.559800
1436.512500
1389.073200
1536.737500
1380.787100
1474.629700
1329.480100
1436.227800
1584.491500
1560.292500
1340.165000
1597.180200
1428.908400
1445.439300
1579.035900
1448.804600
1505.026900
1383.776200
1491.032700
1490.820700
1584.063700
1522.854200
1522.867600
1362.032900
1555.524700
1555.446900
1454.218900
1426.889300
1391.754100
1513.190400
1589.427800
1469.452800
1482.814900
1517.771800
1490.327200
1571.774900
1588.842400
1535.333000
1603.286800
1453.201600
1517.993000
1438.247900
1457.302700
1603.264600
1535.202200
1513.004200
1507.956600
1524.127200
1666.762700
1698.820200
1507.768600
1560.417400
1560.953500
1479.515600
1394.956400
1358.929300
1569.589200
1433.926700
1540.281500
1527.453200
1797.045100
1732.919100
1650.615300
1484.275900
1470.830000
1555.070800
1545.013200
1422.484400
1687.857200
1440.674800
1434.261700
1648.751400
1629.966500
1589.336400
1525.781100
1518.720800
1619.662500
1565.363900
1538.250500
1455.564000
1451.306600
1589.006800
1442.720800
1339.321900
1454.654300
1330.986000
1461.199200
1498.112300
1456.616900
1455.368200
1466.317500
1356.032000
1605.557800
1462.670900
1400.722200
1407.448400
1567.148600
1539.467500
1405.837200
1484.564000
1455.717400
1536.713800
1568.724900
1458.370200
1898.033100
1670.434600
1589.520000
1647.134600
1424.921300
1585.325500
1602.177800
1454.295500
1610.891200
1695.854300
1416.913000
1520.610900
1612.374900
1343.708200
1509.793000
1406.182000
1487.848600
1482.204700
1534.789100
1434.006700
1349.737400
1312.650600
1515.823000
1429.665900
1425.110400
1444.309200
1456.486900
1360.853200
1350.853900
1461.494100
1396.415900
1404.038900
1316.562500
1399.236100
1410.713000
1499.244100
1574.901900
1324.089300
1546.531000
1578.564500
1490.082900
1341.543400
1310.000200
1405.704900
1303.218600
1438.836500
1387.152400
1462.129700
1217.859600
1357.304600
1564.116900
1491.748500
1552.676900
1440.191400
1506.654200
1495.095100
1363.115800
1505.484400
1557.719900
1532.251900
1496.324600
1417.957000
1503.613100
1602.758500
1482.500500
1463.575400
1566.612400
1456.864600
1444.101200
1600.902700
1627.037600
1601.329500
1492.800500
1612.374400
1555.407000
1566.703900
1539.894700
1541.276500
1524.926800
1472.706300
1447.183100
1503.846200
1309.077900
1533.173800
1265.872000
1519.816700
1405.119600
1504.772900
1510.545300
1538.599900
1448.382000
1488.533000
1396.555800
1428.370100
1566.930200
1388.065900
1604.918800
1320.423500
1589.074600
1541.522500
1416.830600
1383.062700
1379.225800
1607.097100
1613.999300
1277.398100
1491.828200
1580.467600
1504.639800
1390.704600
1395.611500
1489.040500
1476.108300
1394.708400
1488.752900
1614.384500
1400.591900
1598.818100
1456.952300
1511.140400
1507.270100
1587.666600
1423.938300
1459.317800
1489.747100
1437.251600
1431.324700
1445.389500
1588.430000
1421.776200
1372.262700
1481.143400
1463.293900
1561.974100
1548.198000
1473.343600
1439.649900
1406.185000
1487.471300
1637.203600
1511.394600
1642.611000
1417.665500
1521.266600
1402.316400
1415.597600
1506.543800
1378.409300
1417.609500
1563.805200
1349.034200
1537.730500
1511.697900
1603.972100
1557.961300
1364.099700
1522.520900
1438.858000
1409.054300
1423.649700
1449.479000
1584.342900
1585.217900
1512.202400
1537.420400
1249.278600
1290.560700
1589.277400
1576.696700
1414.533600
1396.295000
1524.140800
1516.227500
1421.060300
1374.271600
1364.731300
1605.444200
1466.751400
1609.281900
1622.483200
1559.332100
1707.729100
1508.740100
1515.593800
1236.647200
1521.611600
1357.195100
1350.476800
1570.568800
1488.886900
2481.354800
1563.242200
1440.416400
1640.635700
1561.442400
1533.747500
1623.386600
1698.312000
1527.090300
1733.994800
1436.731700
1478.722300
