1056.140200
1002.399900
1148.647800
1037.004200
1005.518600
1064.500800
1058.861900
1036.978300
1077.421100
946.333000
1099.258100
1033.861000
1026.808500
1052.373100
1073.895400
1034.238600
1018.324900
1086.751200
1003.936700
945.976800
1024.268300
1033.576600
1041.560200
1109.891500
1040.027900
1046.270600
1001.361800
1029.331900
1062.785800
1067.694200
1112.066100
1137.882200
1139.009200
1160.372400
987.704800
1094.585800
1108.183900
1111.731100
1103.446000
1115.642000
1124.150300
1082.470900
1008.733900
1041.856200
1086.006500
1103.419500
1071.507100
959.804900
970.666800
967.173700
1167.142100
1103.400100
1072.271500
1143.408400
1104.958600
1068.246800
1063.923900
1060.737800
1012.442400
1067.903700
997.047700
1080.655500
932.821600
1030.971200
1023.900200
973.822100
1096.556200
1096.454800
1023.327600
1072.209400
1101.418500
1067.249000
1016.938000
1051.716800
1165.748600
1067.394400
980.821900
1044.543800
1050.153100
1001.272800
1090.321700
1090.739300
978.370800
1018.336500
1023.236000
1126.895500
1095.621700
1109.388700
1095.138400
1172.329700
1167.723900
1035.231900
1154.482000
1046.591500
1032.199100
1180.611800
1099.259100
1143.085300
1038.853800
1169.712300
1157.896600
1071.346600
1053.539900
1141.543100
1092.713300
1147.061300
1061.259900
977.641000
975.263500
993.100300
1044.741300
1070.654000
1055.017200
1052.273400
1007.338000
1132.314200
1129.910400
1126.264600
1040.476100
1096.137500
1054.246400
1102.809400
1164.206100
986.198800
996.803900
1007.088500
1066.082800
1037.903800
1049.978700
1049.007300
1132.957700
1122.931900
1038.409900
1008.922000
1115.655700
1091.972900
1091.024000
1067.925800
1068.489600
1121.933200
1076.601100
1045.195300
1021.541100
1036.028300
1042.761400
1041.719800
1041.441100
1047.345100
1060.050200
1115.744400
1057.810300
1039.870300
1101.082900
1110.710100
1100.675000
939.451300
1027.459200
1074.138000
1119.396200
1045.295300
1141.893200
1049.600700
1071.256000
1085.581100
1117.648400
1038.547900
1103.960600
1082.540700
1049.531800
1138.667800
1140.755600
1069.967700
1162.665200
1096.979900
1120.279200
1066.980500
1117.085400
1097.123300
974.774800
1117.424300
1054.232700
1040.879400
1090.267400
1141.107400
1056.565000
1031.882800
1037.984800
1029.545100
1074.757600
960.978800
1143.441100
1125.448000
1166.128300
1121.705300
1131.109400
1178.115100
978.684400
1127.692000
982.218100
1021.638800
1174.220100
1047.190100
1031.469200
1088.674600
1060.992500
1111.103100
1054.601700
1101.464200
1149.408400
1138.596900
1210.300500
1185.801500
1194.362800
1069.614800
1143.866800
1112.035800
1062.857200
1078.364000
1078.498900
1069.766600
1058.886100
1122.419300
1145.200300
1026.944300
1166.244600
1089.529000
1030.125700
1081.347700
1112.223700
1072.525500
1125.728000
1082.599000
1046.972500
1151.118200
1089.815600
1047.548200
1100.500000
985.236600
1021.180300
986.066500
1101.863800
1025.148400
1064.854100
1147.894600
1129.348600
953.935500
1043.551900
1047.965000
1128.588000
1022.277500
1046.231100
972.071200
1076.568400
1135.328400
1094.349900
1130.604900
993.733900
1065.556000
1067.192600
1014.349000
975.028000
1051.825100
1033.883400
1102.891300
1069.042200
1070.203300
1082.025700
1054.103800
982.227800
1152.936600
1085.962400
925.518400
954.190100
926.612400
918.741700
1189.066400
1038.111600
1146.678000
983.960000
1069.021600
1029.335900
1039.943200
1156.048100
1095.384900
1014.407500
1073.999900
982.313600
1123.341100
1141.850400
1011.780400
1052.554500
1055.509300
1091.192200
977.485300
1052.736100
1043.484700
1012.729000
1066.069800
1116.150100
1097.982700
1113.626700
1066.619700
1075.183300
1087.846700
1038.915200
1003.794900
1072.494700
1085.973000
968.144900
1015.889900
1120.845500
967.277100
1129.106000
1057.991700
1054.280600
992.231600
1068.141000
1091.134500
980.325100
1150.384300
1128.240800
1165.154100
1092.871500
1094.697600
1025.878900
1056.134800
1113.863000
1118.580900
980.915700
1084.731600
953.761600
1121.385900
1126.478000
1114.910100
1168.450300
1041.550500
1042.159200
1077.993600
1062.677200
1160.352000
1167.713500
1161.116300
1151.571100
1115.679700
930.995900
1014.611700
1134.621000
1161.890400
1106.123700
1062.891900
1093.157000
1060.655800
1118.752100
1101.965900
1146.340900
1134.209900
1132.328500
1043.597300
1024.624300
1017.460600
1013.066900
1007.185700
976.191100
986.022200
1070.744500
1048.088400
942.406500
1018.351800
1075.480200
949.728600
1013.204600
1007.382500
1029.485000
1162.909800
1142.989300
1068.892800
1097.649900
1138.373500
956.646400
1132.804300
1093.266800
1107.756500
1099.694700
1026.291900
1051.950600
992.513400
957.530100
1094.908500
1072.364500
1085.301500
1134.765700
997.644500
965.785400
998.557500
936.720800
1037.834200
1036.472500
1185.559900
1334.798900
1086.374600
1008.258700
994.030700
1010.278400
1150.925600
1127.758300
1006.612200
1076.719700
1085.282600
1136.162900
1091.389500
1083.730700
1095.626500
1112.391500
1047.585000
982.554900
999.196100
1003.265600
1026.208300
1194.063000
1188.907500
1112.275500
1103.900400
978.367200
1008.881800
1143.767100
1178.256800
1142.567700
1148.299500
1267.872100
1156.061000
1148.800000
1025.723200
1090.747800
1110.025100
1103.195200
1085.174000
1064.122200
984.960300
979.926600
1095.414700
1056.662000
1102.140800
1035.708800
1039.697700
1052.073500
1101.698800
1053.925900
1073.864100
1083.830800
1115.988800
1169.476500
1010.543900
1077.463400
1136.837100
1035.758600
1095.425400
978.406000
1023.682900
1089.993800
948.366900
1101.901600
1005.376700
913.786800
1052.957000
1018.269500
1135.178200
1021.854200
1074.589900
1051.190300
1079.604900
1077.458900
1179.111500
1101.201500
1123.176700
1087.545500
962.196600
967.863600
919.420000
968.452100
1004.557000
1076.362900
1085.916900
1042.273700
1116.061400
1064.804800
1127.665600
1069.172800
1038.404200
1075.898500
968.393700
1041.593100
900.320800
1076.700800
1065.749200
1046.093200
1142.606800
1131.700000
1059.148800
1049.283500
1093.043400
