734.295300
785.053400
757.316500
811.775900
749.136900
756.937400
769.064900
738.971400
820.406600
800.571100
817.772800
785.369700
710.963600
741.139000
811.373100
759.726000
804.595300
804.648800
809.293800
787.384600
775.172100
773.784600
762.626500
770.063600
797.317000
781.732100
802.011600
807.089200
808.717300
817.528900
786.235600
806.547600
738.369300
763.006100
816.103800
820.200800
842.679200
832.935600
832.357600
835.751500
791.887900
786.211000
785.833800
763.641700
833.620400
792.747400
760.109400
747.446500
790.388400
819.521100
758.645900
742.559800
754.370800
748.766400
744.971800
733.044300
769.102900
782.742800
780.343500
746.783000
725.734700
735.685300
755.521000
785.702100
768.155300
743.103700
802.322500
741.968400
815.380700
793.760300
764.943300
751.692700
852.552900
811.941600
766.779100
732.950200
801.640600
825.035100
820.642900
813.522600
822.047800
818.556200
858.084500
770.941700
825.236900
808.391500
786.218400
770.047200
759.573300
723.692900
774.735200
805.898000
807.706400
817.218000
798.012000
848.669500
837.607800
768.259500
785.027600
796.502000
770.032500
824.472200
767.266900
740.357700
817.622700
824.229500
846.654200
787.050800
790.436400
780.299800
787.206800
763.961300
773.388100
796.056500
786.637300
799.271800
774.180000
806.102800
796.676400
749.595800
762.926200
779.996500
839.154800
823.735700
761.357200
794.227400
820.288300
819.896900
857.947700
782.102800
844.602300
823.872800
840.803900
817.526700
862.129100
840.249200
818.381200
779.274400
819.162400
818.289100
806.042000
790.149500
846.183200
784.965200
755.802700
756.741200
819.467900
866.502500
830.138200
788.695600
780.801900
748.032800
766.978100
830.851000
738.483200
836.951900
856.939400
844.231900
745.279100
790.780600
765.519800
845.009000
831.435300
805.817000
769.892100
790.702100
685.950900
774.031000
757.613800
750.449000
771.799800
844.544900
803.101700
783.291900
775.362900
796.056100
826.616300
797.988000
836.867500
801.401200
777.828000
771.492400
819.976100
824.879800
793.562900
796.671300
781.327400
762.872600
834.232300
834.107800
814.818700
765.708300
830.842500
828.147800
771.013900
741.737600
755.134300
792.983600
727.224900
799.246200
815.586100
763.594500
774.522600
808.143300
808.312000
841.957700
769.283400
776.518300
773.500300
735.521300
767.819200
759.909900
758.135400
821.086300
814.212500
799.564800
784.928700
827.837700
804.926600
768.648500
770.295700
759.052300
752.354900
830.501800
828.428100
762.201600
811.469200
739.926100
835.101400
791.654500
773.973600
769.944300
774.774800
793.242100
747.436300
775.149700
712.335800
826.911600
802.000200
767.339000
778.082100
813.895900
792.572500
864.036900
734.608000
777.320800
793.139200
763.732400
723.684000
787.619800
788.537700
791.618300
788.642500
721.862300
760.512900
806.171400
781.721700
761.260400
758.056400
768.364600
761.886200
786.193900
749.700500
773.553000
788.180800
679.758700
751.833000
822.766300
744.598000
801.481100
789.816100
799.930400
649.202400
756.736500
751.322700
773.152200
816.525200
823.739700
763.946100
696.853800
747.158900
784.525000
771.888900
811.534600
769.178900
785.307400
794.120300
779.396500
752.307700
761.744700
752.508100
756.647200
792.894200
767.072000
849.538500
838.689300
803.903200
786.580000
810.391400
795.995400
765.805700
750.052700
785.714400
796.891200
737.627600
746.039600
757.769000
764.345100
806.156900
798.162800
780.440300
805.187700
763.651600
831.359600
787.276000
733.260500
772.757400
734.199300
788.115600
653.258500
805.084000
755.613100
802.693300
755.710100
814.867200
845.714300
695.357300
758.647400
779.912500
793.734400
826.800900
784.365000
790.046000
722.937600
783.144300
795.538200
810.575500
744.006900
751.955700
761.620000
807.565000
790.360100
859.777500
828.202000
858.638800
850.731200
729.141400
757.783500
826.643400
845.241500
749.355900
702.875500
752.992800
738.424500
766.306600
759.443400
755.001700
771.163100
753.130400
701.923400
729.751900
831.349800
823.573000
760.971700
777.506900
821.547700
822.208000
733.821500
820.202600
759.717400
827.928600
715.139900
791.863200
810.299400
855.086400
830.705400
721.609300
884.032600
786.326800
921.048100
811.930600
1018.056000
711.102400
859.032300
834.619800
869.798600
983.952100
919.026400
860.202200
690.544900
837.241200
777.033800
822.374100
746.284800
866.447900
808.833700
837.241700
842.740400
790.719500
678.674400
761.907300
756.599500
832.323400
873.207400
887.204000
800.058400
774.664200
857.722900
848.795500
992.102600
1112.490000
940.850600
924.158400
800.489600
876.805600
890.360100
795.032200
796.651200
788.463500
738.130500
742.803100
850.680200
802.860100
706.483100
773.637600
710.629200
862.673700
783.073300
791.405400
737.933900
806.222300
827.299300
853.659300
879.345400
973.239000
850.679700
785.072500
897.748200
843.640000
1053.328200
831.632900
834.652800
876.473900
793.159900
867.360300
833.186300
841.014300
756.515300
794.123600
736.813600
840.019200
897.067700
830.375700
800.022100
819.541900
793.422400
897.340600
753.653000
883.957100
810.783300
790.274000
760.982900
724.338900
736.161700
720.384400
785.536200
801.015100
791.078200
713.255600
697.256500
817.998900
783.547700
784.894400
775.084000
701.731000
732.902600
837.065100
827.492900
761.744000
784.018400
800.666400
779.260000
788.201100
745.019100
794.316500
758.293200
715.557900
747.767400
727.594000
755.473200
790.225700
786.849600
666.780500
782.855200
831.149200
789.510500
767.190500
751.868800
866.442500
697.524700
