1587.071400
1567.503300
1489.585600
1607.092500
1526.584500
1517.758700
1495.126900
1486.350700
1622.693800
1580.194000
1634.836500
1590.836900
1462.396400
1470.055000
1581.916600
1538.475500
1586.039600
1611.522300
1633.721200
1483.496400
1524.294200
1499.322400
1501.216100
1518.826500
1613.656200
1576.436800
1616.960200
1657.352800
1593.749900
1632.894100
1616.429000
1646.386300
1494.907600
1576.314700
1649.431600
1639.320700
1726.498800
1612.367200
1643.439100
1672.216900
1616.386200
1591.967400
1585.159900
1539.528900
1679.097300
1638.734500
1595.875300
1522.519100
1584.708900
1639.391200
1527.238800
1499.094300
1512.985000
1519.584300
1514.734100
1531.776600
1592.999700
1580.509000
1598.270500
1558.186200
1457.290100
1511.178300
1580.830000
1571.472200
1580.854600
1541.501900
1654.112000
1527.220000
1691.822700
1569.723000
1537.129000
1563.668600
1723.380600
1584.509200
1581.960800
1465.427200
1591.586800
1656.009800
1625.075500
1563.991700
1589.476800
1602.941400
1689.922400
1446.703800
1512.780400
1598.418900
1489.120000
1487.496600
1463.767400
1394.356000
1464.643300
1470.025600
1503.888000
1502.472700
1550.402300
1602.004500
1572.410000
1447.301700
1497.886400
1538.071600
1482.188800
1608.496800
1496.236400
1420.987600
1567.817900
1615.963200
1652.311600
1571.845500
1569.974700
1495.426200
1514.130900
1477.207600
1503.787800
1589.172100
1515.504400
1551.232800
1504.563800
1582.635400
1588.136700
1479.272700
1516.592400
1552.225100
1637.649100
1642.791100
1515.020900
1576.146000
1642.744900
1616.853700
1670.197800
1530.590000
1631.421300
1638.266900
1723.587800
1623.027100
1658.290400
1667.268300
1591.940200
1550.073800
1626.297500
1597.977500
1617.385800
1631.555900
1649.320700
1585.104300
1513.387700
1512.586800
1637.071600
1703.080100
1632.550900
1566.664200
1594.878500
1499.160600
1512.536000
1666.541100
1471.705600
1681.393500
1723.616400
1659.548200
1506.193300
1552.468100
1507.378100
1723.447600
1629.252800
1608.177500
1549.348000
1576.843600
1393.591200
1550.211300
1539.641200
1535.849200
1593.773300
1725.351300
1564.927000
1658.533200
1526.871300
1578.073700
1505.594100
1589.971200
1657.957100
1636.703300
1556.590700
1576.248100
1640.147600
1627.538500
1606.039100
1598.732400
1582.286000
1548.052000
1650.901600
1643.617800
1604.612100
1521.082600
1692.952500
1637.272100
1526.206600
1465.628000
1507.613000
1538.181000
1437.921400
1593.500900
1611.454900
1539.093000
1561.544400
1597.546300
1603.232600
1654.744800
1522.315600
1558.720300
1541.993600
1462.558000
1539.396000
1498.912700
1530.813200
1629.488500
1596.685100
1618.225600
1557.451000
1686.886200
1617.514300
1536.368700
1534.813500
1536.062600
1512.366000
1673.066900
1613.202200
1542.188500
1635.918400
1519.446600
1673.947400
1557.594700
1530.230800
1534.880200
1535.569700
1592.448000
1472.883300
1507.373400
1468.113000
1678.429500
1644.649000
1529.181800
1592.757800
1636.812700
1587.071000
1737.601000
1524.998200
1538.169400
1587.366400
1545.060900
1473.031600
1589.655500
1575.552800
1615.128500
1602.499800
1466.541700
1543.741900
1611.111100
1562.698700
1552.486500
1535.995900
1529.383000
1563.455400
1569.990900
1538.826200
1577.510600
1622.707000
1364.049200
1513.338800
1660.270200
1470.574100
1619.339000
1594.458600
1575.178100
1297.633200
1506.310100
1492.829600
1545.209800
1629.913000
1668.375800
1518.294000
1393.777400
1530.776600
1542.314800
1559.294200
1652.807900
1532.488300
1600.367400
1628.220200
1529.602400
1494.406300
1563.081800
1518.298000
1519.577400
1602.666900
1529.268500
1706.727100
1677.642700
1602.278200
1593.729500
1617.333700
1589.383800
1547.225500
1513.760400
1576.569200
1576.953500
1502.776000
1490.938000
1500.850300
1544.713400
1590.451400
1622.205800
1585.192700
1677.065200
1556.016300
1651.853500
1601.542400
1442.516700
1547.197200
1497.041100
1593.268000
1300.777100
1617.029600
1530.814500
1613.884700
1540.004000
1661.363600
1701.541400
1390.061600
1535.778400
1595.589100
1586.896600
1659.704200
1572.703400
1573.937900
1452.014100
1570.339500
1557.125200
1568.008900
1518.596900
1499.815500
1496.015300
1588.616500
1514.235800
1696.265100
1613.007400
1691.348300
1562.715000
1443.642700
1495.356000
1649.679200
1690.037000
1527.185400
1388.516000
1525.500500
1457.727700
1511.218000
1524.819600
1530.463500
1505.475900
1463.503800
1348.402500
1409.429900
1630.952800
1587.109900
1507.802900
1506.341300
1590.612700
1655.330500
1449.096100
1642.421500
1494.728400
1647.884400
1444.242700
1587.129300
1629.011400
1712.641900
1612.846000
1412.828600
1706.155200
1549.376500
1750.116700
1555.781800
1785.085600
1407.416600
1674.181000
1646.678500
1725.900000
1732.010400
1704.111500
1595.907400
1285.903900
1575.302600
1528.561900
1609.974100
1467.707100
1704.992500
1553.065200
1647.066100
1681.130400
1577.301500
1330.813900
1491.929800
1554.548600
1595.641700
1657.942700
1746.970500
1550.221200
1531.965700
1624.520200
1615.765700
1615.271700
1674.405800
1633.895800
1742.028800
1548.778500
1709.734000
1725.065900
1550.311600
1588.751000
1546.704700
1437.037400
1498.628800
1644.481100
1573.551300
1403.792700
1518.910200
1402.562300
1686.843100
1613.383900
1552.364900
1434.133300
1582.103500
1446.490300
1521.011600
1611.420500
1630.489100
1570.125600
1540.551800
1659.534700
1693.069800
1728.221400
1424.439100
1568.213200
1656.761800
1507.811700
1614.475700
1532.905800
1607.593400
1503.161600
1549.661100
1469.397800
1588.489900
1714.271900
1643.111200
1566.015100
1600.114400
1593.442600
1709.096900
1470.092300
1707.659100
1594.517500
1563.443500
1518.471000
1443.149800
1492.123400
1471.559200
1629.845900
1603.623000
1528.529300
1468.717700
1401.258600
1636.121000
1613.031500
1602.186600
1550.423300
1343.030200
1455.145000
1682.935600
1657.073800
1569.488300
1599.839000
1627.779100
1493.071900
1590.757600
1526.309300
1633.904200
1563.287500
1468.260200
1523.633000
1498.735300
1512.323600
1615.600600
1580.422500
1325.422700
1589.901500
1657.334200
1532.823200
1541.770600
1516.297000
1703.823300
1378.224100
