498.382700
459.796200
474.658100
455.620600
479.488400
516.801000
487.364700
455.220900
475.239500
458.186400
478.095700
455.169300
476.622100
483.186700
476.463400
575.103600
496.297200
486.846400
472.852400
520.715600
468.628900
443.363600
484.137900
462.759600
477.797300
445.434000
466.461200
509.960900
465.556400
482.993900
496.739400
466.733200
515.898300
478.575000
463.813600
468.691300
440.720100
480.311500
478.329400
513.977800
522.678400
498.904200
461.855000
464.529500
432.879100
484.937200
493.257400
485.444500
473.202400
463.588700
468.824600
489.463900
497.053300
468.659400
440.890200
499.372100
502.146500
464.109300
435.052300
433.024100
467.069700
465.037600
453.682300
435.539100
473.144800
444.401200
453.494000
488.743700
508.743900
488.963500
473.772500
461.535500
437.571300
497.023900
487.611200
418.946400
434.910600
433.951000
472.056600
438.647000
467.215200
456.070600
443.729400
437.487500
426.004100
445.197600
489.375700
492.046200
497.728200
496.688200
414.229000
436.092000
436.103700
423.182600
444.069000
530.548500
464.067700
474.618500
453.242000
471.740300
456.497300
446.942500
490.053100
437.560800
460.907500
487.155400
486.857800
459.362800
468.416600
465.468100
470.801400
435.123900
463.374600
495.261200
494.717100
456.384600
474.132700
423.802900
447.895400
444.274900
519.966300
459.714400
437.073500
507.822200
445.571000
455.505500
453.998800
475.748900
475.035900
490.185800
450.043000
477.747600
477.941700
446.527000
454.856600
488.420800
478.854300
424.143900
439.858600
499.391800
530.353600
527.518200
466.528800
499.736700
458.954100
521.268400
417.700800
434.138000
473.013300
440.661800
477.514300
482.825100
461.904400
487.775400
484.133800
465.274600
464.682300
475.572200
458.345300
473.543800
429.222500
459.776300
518.373600
497.111000
477.856600
520.108900
485.006200
501.303000
451.327400
479.154300
442.837200
511.751000
506.444000
513.633300
500.120800
575.460500
580.527000
481.631000
518.040300
581.485100
701.908800
490.035800
510.932500
554.434600
627.238000
453.528600
511.273400
509.470100
432.491600
440.762800
428.052300
472.283300
490.879300
465.651700
461.211700
447.278700
435.809400
438.190900
454.289900
450.469800
472.212900
464.964900
463.548100
448.393500
466.148900
475.321700
466.981100
450.170700
478.103800
492.232500
484.459400
454.585900
449.710300
497.762500
474.458500
491.161400
518.611100
502.771100
453.215200
456.556300
452.286500
446.125100
456.186700
463.511300
449.636900
651.404100
557.573500
660.635400
529.797900
457.700400
470.083700
482.413300
511.961600
464.456700
428.842000
465.375500
486.049800
573.769200
509.537800
491.439600
507.277900
527.037700
515.223200
548.593300
477.036800
482.034000
478.483600
469.828200
511.931300
472.142300
526.053000
531.887000
463.423600
432.168400
507.510100
473.488100
503.468200
508.407200
462.074000
453.986200
468.504400
485.613100
494.848800
462.332200
494.687500
491.438000
483.298200
514.041300
501.059400
506.497600
478.112600
532.368800
508.297700
474.223100
537.398200
518.962500
529.221800
495.323500
1062.418400
656.166000
415.636000
509.036800
421.454600
442.700300
436.299200
426.714000
505.821400
453.083600
510.255900
443.257400
501.324100
443.966000
460.798200
450.518100
454.485200
443.578800
439.936600
486.483300
470.556800
434.812100
511.385000
498.348100
558.264600
485.987900
413.537800
450.041600
479.777200
468.435700
479.302900
469.896700
492.822600
467.906300
460.099500
428.157800
461.351200
430.045400
434.995800
517.908200
457.871900
474.610200
445.166400
454.522600
444.678700
481.644800
446.542000
500.761100
465.061600
439.268300
439.609800
478.418600
449.028100
465.817500
450.133600
470.929800
488.909600
469.029800
458.218900
442.730900
459.932400
467.721700
445.156300
435.933500
510.061800
514.964400
507.998200
457.846400
445.382700
393.519300
414.569900
521.224900
512.262500
482.019700
448.892300
495.624300
450.868800
458.271400
448.325000
479.130200
417.686500
490.587400
506.064800
441.840200
480.647300
463.950900
493.951700
479.130500
446.892600
455.703100
463.772700
464.257700
468.218500
441.601300
474.149100
488.143300
425.660500
397.067500
436.213500
438.076200
457.258200
490.463900
476.632900
461.394600
439.649600
411.982500
457.921900
417.481700
466.257100
491.806700
482.557900
476.257900
477.138400
468.574500
509.663000
421.053200
436.845700
457.448100
493.936500
421.353700
474.427000
470.955600
463.074200
458.740600
448.752800
454.342400
488.523000
479.535700
447.121200
436.868500
451.349600
455.744400
438.010600
464.705400
464.816700
479.125700
500.661200
508.540900
436.719200
451.226200
478.536200
478.494800
464.248400
447.023700
462.912000
473.511500
444.247000
445.741300
482.126500
441.220500
478.314200
466.460300
431.943600
449.025700
435.437400
491.134600
477.007700
503.949100
436.298500
432.931900
496.904900
458.158000
427.312500
465.145000
490.050300
492.810900
457.783600
474.623000
488.454600
481.922900
460.558000
429.234300
449.173900
455.545500
410.677300
447.184400
438.820200
420.683200
472.729100
477.822900
481.307000
442.528900
455.358500
420.652500
467.018600
465.968300
511.165700
472.517800
464.961600
448.377300
447.762500
464.657400
445.077500
459.829000
435.901400
484.244000
476.840700
492.446100
486.170800
442.578300
448.545600
447.220200
441.961600
480.653500
422.969000
468.838700
443.388100
453.313100
425.021500
439.049300
474.546000
483.441700
454.881300
438.404300
450.467800
490.858700
439.221900
476.408600
446.510200
427.503700
427.435000
408.318700
