437.034100
1210.512200
856.721200
512.987800
459.626900
468.424100
466.974200
443.941200
488.064300
472.773600
495.080000
489.584100
470.957000
431.628900
491.989900
454.381600
486.193500
488.966000
484.767000
452.415700
453.130900
463.186500
451.293400
465.987000
492.754700
481.168000
495.256200
495.766300
494.314300
504.740100
498.102900
482.178100
444.682800
473.091900
499.989400
500.093100
512.947000
488.785400
501.098200
548.212700
492.598700
468.818600
482.323400
454.348100
492.563400
490.170900
458.655200
454.174600
483.180600
484.154500
458.145400
461.016900
442.228800
450.652300
457.948000
449.705600
466.625200
482.984200
477.395700
458.135200
435.939800
458.947000
471.618600
479.591700
486.240400
455.415200
494.402500
460.340900
514.073000
486.348300
470.094900
460.857200
521.714300
492.477900
472.803600
455.029200
497.025200
502.236600
499.038400
497.406400
500.325100
492.466700
525.099800
452.400800
495.275900
491.836900
462.120400
455.322600
453.318000
433.230700
463.446900
476.377700
480.554500
481.139600
479.262700
500.105900
498.649500
462.893200
474.592200
479.391000
467.049200
502.702700
458.921500
455.987400
491.987400
503.026600
518.338800
472.302100
482.252200
458.975500
479.560300
456.804500
463.891100
475.219400
467.021800
483.091400
465.882900
485.463900
489.158800
455.483700
470.703000
472.741200
507.133700
494.686400
460.847200
474.912900
479.683000
484.174800
505.310500
466.704700
498.318700
488.502200
506.827500
477.939000
491.878200
498.316300
475.501300
453.347800
483.560600
488.079600
480.009600
464.299200
489.973000
476.801700
451.668700
454.791800
487.475700
512.982900
485.628500
466.592600
479.836300
437.583100
459.613000
501.262000
440.089000
497.181200
508.744900
487.057700
447.875200
460.031900
442.964600
519.984100
479.932900
475.542500
461.403900
475.565000
405.343400
457.371500
465.219400
457.895100
457.653300
504.326000
469.264300
468.852300
461.893900
478.953400
447.236800
470.479000
502.500500
479.764600
466.091300
494.492100
501.289000
471.727300
468.550400
473.718700
470.807200
462.790700
491.773300
499.929500
483.177400
455.694900
495.445600
472.737900
456.014800
443.543000
453.198800
463.165700
436.219700
486.025000
484.870900
455.863300
458.983900
478.273400
482.380500
494.666800
468.745400
464.116400
466.178600
438.909400
457.624600
457.663300
454.383400
485.920500
473.683500
473.058100
466.860100
497.635000
477.841400
453.822300
447.555900
468.208500
445.026100
498.811800
477.113500
471.207400
492.115500
442.389100
492.992800
470.252000
461.631900
464.362200
465.583000
471.267200
456.155000
457.492100
440.717500
496.316200
494.157500
464.285400
471.726600
481.193500
472.975600
515.061200
440.943000
457.071800
481.013300
461.124800
432.026600
468.557700
473.786800
482.982400
480.536000
439.410900
452.295300
469.869300
462.907100
462.267700
457.382800
464.118400
459.641400
468.081000
458.232000
459.230700
477.680000
409.865000
447.394100
496.829000
443.828800
484.785800
481.644400
477.968400
385.214800
458.143200
445.673800
467.534300
489.407000
498.799200
455.059800
419.304600
450.920800
473.693300
461.832900
501.405800
468.266800
482.030900
482.322300
453.801200
450.497400
456.656800
447.427600
448.843900
473.396600
446.059300
507.652600
500.293600
485.424400
466.400200
474.267500
478.420300
454.379200
443.321200
463.011500
475.705400
437.883500
436.101300
448.725000
454.227200
473.576600
476.541000
459.855600
483.062300
454.123700
495.924900
469.377900
431.366100
460.265100
438.576000
463.586500
379.730800
473.204200
453.817200
494.449400
450.994600
483.146900
500.840000
409.282100
451.108300
464.972400
467.357100
500.839800
465.610100
463.284200
429.974100
453.616300
472.501800
470.509200
434.715700
442.352000
442.110300
473.688900
447.535900
495.474800
488.814500
506.186900
469.093000
427.284900
453.637200
500.019400
497.003300
447.141300
412.556000
448.450000
436.139700
455.515200
443.633900
450.679700
452.098000
437.781500
408.398400
423.954800
496.265800
487.336200
467.125900
455.850900
469.140500
490.411000
430.043200
510.535100
460.850300
517.838000
437.429600
476.798500
510.485600
524.776000
513.770700
433.572300
546.955800
479.726900
543.446300
484.550100
558.550400
453.875500
514.506100
507.122700
522.989500
529.217300
517.273500
473.337100
384.668300
477.757100
469.791000
470.036700
445.606000
512.584300
474.927500
492.619300
495.748100
470.730800
397.963500
454.587700
449.915800
480.095800
501.925200
518.084200
478.144200
463.872600
507.480100
501.433600
485.893300
490.049800
481.954100
538.907300
477.439400
543.952700
523.130200
478.344300
480.851500
476.348400
440.125700
444.972500
499.759800
478.198500
445.417000
450.685800
426.347000
509.188200
481.210500
471.045600
443.242800
473.361500
441.415100
459.701800
483.432500
491.906800
454.886800
450.780600
508.972000
504.576400
513.098400
463.418500
484.084000
495.194100
453.593000
485.795800
455.148700
485.237600
438.357200
463.392100
432.090600
469.624300
507.189000
489.702600
470.683300
503.409500
496.242000
528.541100
432.877300
507.420700
477.295100
467.725000
464.756300
429.729200
451.722000
443.297000
479.580700
486.614700
463.041900
440.882400
440.178100
515.035900
493.566700
493.132600
477.283800
408.076100
450.113500
522.672000
505.785300
473.641200
489.440300
509.678300
449.250400
487.521500
470.661600
499.173100
485.313900
459.430900
483.613800
448.365200
467.068800
497.216400
484.759800
410.947900
496.318800
514.308300
495.721500
471.805000
478.544500
517.113900
434.295200
