1446.876400
1579.856000
1695.095700
1616.649500
1592.190200
1510.433000
1491.853600
1487.547500
1563.671200
1402.244000
1566.406300
1614.458400
1548.705000
1537.084300
1511.047400
1623.940800
1558.058700
1668.398700
1687.939600
1518.472700
1531.801200
1617.739900
1592.452600
1587.192900
1468.444400
1540.301700
1543.450400
1545.661400
1439.413400
1468.440600
1578.869800
1587.846600
1618.758400
1588.213500
1569.420900
1674.271300
1594.941800
1479.090100
1695.321700
1616.508800
1499.758200
1724.675300
1604.249000
1621.869800
1650.793000
1651.303900
1605.548200
1606.588100
1486.828100
1561.695800
1548.073400
1605.278600
1530.332000
1737.958500
1664.236100
1639.577500
1595.454100
1617.779000
1694.481700
1499.054900
1635.906700
1526.024600
1633.754100
1589.561400
1746.813200
1622.905900
1694.932500
1676.504500
1625.302700
1484.621700
1566.792900
1703.409100
1550.766400
1621.874000
1698.358200
1629.038200
1563.537900
1767.554600
1734.517700
1628.612500
1719.741000
1451.683700
1532.686300
1588.049300
1645.767800
1549.637000
1545.916900
1534.971800
1539.782100
1527.272800
1634.011000
1660.437400
1673.675200
1669.624600
1606.766600
1648.936400
1575.701400
1480.989200
1596.055200
1492.165900
1521.975800
1521.955200
1607.283100
1586.283300
1624.339800
1721.909600
1533.768400
1682.273000
1522.638300
1575.748800
1495.170300
1593.230000
1486.877400
1611.570100
1629.244200
1576.648700
1552.671300
1549.304100
1736.959800
1625.592500
1596.971500
1574.439400
1448.522000
1542.560600
1577.810700
1577.974800
1570.448100
1625.366600
1518.746200
1574.625400
1628.215700
1527.736900
1744.046700
1565.566800
1621.157500
1494.093200
1586.924500
1684.545500
1579.762100
1593.241900
1629.828200
1628.170500
1488.343900
1603.768200
1582.649200
1479.852400
1632.358700
1617.746700
1711.555900
1524.494200
1507.792500
1456.411200
1715.005700
1540.787200
1546.033000
1571.732700
1514.168100
1487.324400
1599.557800
1544.090700
1554.765200
1502.003400
1509.325800
1518.062900
1584.331300
1514.731200
1662.621300
1709.877700
1531.407300
1580.291700
1559.466900
1589.138200
1613.651900
1630.472200
1643.731300
1545.448800
1550.231400
1676.219200
1665.267500
1586.100500
1594.958200
1455.537500
1605.166700
1696.549200
1603.592000
1523.165800
1643.226100
1578.019300
1579.510200
1632.420000
1631.529400
2747.284900
2216.931600
1996.014800
2306.537000
2151.647800
1952.484800
1638.865200
1628.803700
1694.063900
1732.014600
1681.508000
1872.080100
1841.071600
1753.955300
1601.562600
1573.330800
1552.375900
1572.239700
1673.287000
1468.076800
1599.567900
1503.983100
1633.567400
1572.568000
1608.674100
1450.171100
1534.940500
1696.983700
1619.661100
1620.090500
1657.402300
1681.589200
1712.993500
1674.424300
1503.456300
1666.030500
1717.197300
1456.408300
1440.829800
1470.021400
1606.410100
1608.165400
1559.293600
1538.266700
1659.968100
1641.420000
1549.548500
1609.249200
1660.755200
1609.932200
1566.805700
1602.888000
1554.294600
1463.763900
1551.691900
1493.151200
1553.805000
1557.891400
1505.056700
1597.533600
1664.071600
1598.712700
1518.022200
1538.386300
1584.646700
1447.875600
1527.985300
1541.425400
1631.948700
1516.127500
1565.080100
1529.139200
1535.302700
1521.069100
1682.557500
1373.164000
1495.743200
1542.203400
1589.374100
1474.751500
1558.855500
1522.810500
1483.853700
1494.587000
1539.216300
1613.779200
1555.663600
1559.629100
1545.921200
1533.264400
1683.515600
1551.497400
1644.731900
1557.636400
1567.274900
1564.372200
1558.006900
1640.048100
1651.788100
1641.484200
1536.498700
1542.623200
1517.071400
1534.721200
1513.383100
1586.660400
1712.450100
1612.961800
1608.159700
1675.185000
1491.865700
1494.185700
1489.929500
1607.787800
1498.244500
1454.106300
1540.386000
1468.969800
1585.543400
1520.142400
1455.932900
1504.862300
1527.390900
1551.414200
1506.500700
1599.448800
1499.210300
1526.157800
1649.756400
1588.334700
1557.726200
1524.954900
1579.256600
1624.038000
1624.710300
1527.805500
1458.823400
1564.294800
1514.771400
1585.227700
1518.995800
1518.038000
1556.408300
1612.308800
1622.313200
1558.954500
1614.731300
1640.172600
1503.840200
1639.499600
1458.253100
1651.250400
1657.217700
1654.777600
1612.767000
1599.880000
1447.407800
1435.962800
1511.710600
1594.686500
1494.358400
1471.735700
1567.366600
1583.238600
1589.987800
1571.047400
1409.647100
1471.759900
1437.996300
1516.965100
1542.447700
1517.597400
1562.457000
1643.261700
1672.315900
1675.459400
1622.925900
1605.519700
1528.028600
1642.671700
1494.305700
1482.264400
1592.716200
1562.782900
1517.816600
1419.905200
1671.597300
1659.568500
1729.227400
1758.704200
1396.334600
1439.312200
1450.272800
1520.606200
1484.446600
1509.731000
1597.135900
1687.217200
1386.219300
1529.572800
1559.383100
1595.872100
1608.546600
1407.808700
1647.498600
1720.679200
1514.115400
1380.470200
1583.410900
1707.847200
1450.174800
1484.386700
1631.559100
1428.223900
1525.711800
1575.106600
1478.352100
1645.247800
1451.875900
1480.038300
1383.913200
1503.292200
1373.556400
1398.108400
1558.935700
1622.021100
1378.457200
1392.656900
1498.268500
1431.346000
1449.643000
1537.936800
1488.751300
1481.399300
1467.032000
1449.273000
1666.206500
1557.424700
1497.504300
1555.339000
1476.493900
1570.521200
1376.388500
1372.528300
1360.333800
1600.053400
1611.955400
1461.693500
1351.608200
1330.299000
1640.474200
1493.319500
1639.357000
1432.742000
1596.419900
1508.116700
1418.714400
1368.760300
1350.969500
1521.123700
1726.818600
1602.650300
1583.967800
1521.498300
1738.932200
1451.969700
1632.967600
1509.878900
1433.425000
1495.705900
1528.303600
1561.895700
1416.891000
1591.246700
1618.940500
1403.439700
1514.878000
1541.930700
1566.119200
1548.907200
1478.129000
1549.375800
1337.623000
1533.011900
1571.606600
1516.346400
1454.176500
1494.604000
1608.479700
1439.196100
1477.678800
1444.595600
1644.497300
1455.523500
1511.046500
1526.280700
1632.181800
1508.674100
1626.408100
1572.917100
1436.525100
1439.634800
1475.707000
1600.266500
1373.672600
1691.353400
1456.829800
1561.157900
1615.830100
