1406.671800
1493.164400
1484.590300
1626.309000
1483.940000
1481.313000
1497.426500
1453.335700
1585.333600
1541.637400
1615.519200
1527.367300
1443.068600
1454.776500
1534.253500
1516.734000
1581.403700
1576.758500
1561.422500
1476.509100
1517.594000
1485.839300
1490.341700
1499.206700
1579.389000
1568.409000
1620.729500
1601.841600
1596.513400
1613.545600
1602.124300
1614.616100
1460.438400
1534.745600
1609.101800
1600.448800
1705.473400
1616.390500
1625.524400
1631.132700
1596.334300
1553.635400
1582.200000
1504.333500
1658.514300
1606.681400
1511.709600
1497.077900
1573.241400
1605.192400
1511.302300
1496.605700
1511.824600
1491.157600
1497.935600
1509.558000
1569.025300
1572.587900
1583.305100
1510.456200
1472.486600
1469.687900
1547.933800
1551.257100
1544.840600
1513.881200
1593.206800
1442.997000
1599.949000
1555.611400
1452.702300
1494.805600
1681.465800
1577.843600
1545.121700
1475.964000
1595.630100
1625.105600
1640.278400
1589.216900
1595.579900
1563.861400
1635.952800
1451.902200
1535.747100
1566.424900
1502.188700
1430.236200
1454.937100
1396.475200
1519.966000
1558.376500
1524.382700
1540.516100
1535.158400
1639.414100
1558.967800
1470.832300
1524.515300
1557.840800
1492.939700
1595.593900
1504.792300
1371.715100
1544.941100
1590.699700
1619.295300
1522.412400
1513.841300
1463.046700
1522.361500
1467.134400
1502.023700
1565.321400
1507.881000
1557.434900
1471.041800
1569.067300
1565.990400
1481.143800
1517.752300
1501.820100
1583.946700
1607.961600
1427.001200
1513.629400
1579.600700
1579.915000
1603.850400
1496.644200
1597.068400
1597.387600
1571.694600
1600.126300
1558.875200
1590.399500
1560.238000
1490.551300
1571.835300
1539.677200
1578.086600
1526.398600
1602.384200
1516.254200
1464.367900
1468.880700
1643.629800
1635.188500
1555.341600
1500.273000
1571.464400
1472.667100
1499.520100
1634.228800
1353.762700
1587.185400
1664.746000
1559.838600
1476.324600
1526.163600
1502.094500
1631.619300
1546.347800
1562.974100
1479.272500
1521.533500
1270.881700
1458.904600
1519.282900
1471.309600
1522.051100
1643.534400
1531.128500
1548.773100
1489.302900
1497.279800
1438.879800
1542.104000
1586.490000
1574.052800
1460.991600
1490.377400
1546.027600
1511.132900
1566.629800
1493.576600
1508.539400
1457.394700
1542.055300
1608.782800
1532.250600
1462.900000
1558.138300
1530.322600
1524.073600
1381.789800
1470.822100
1478.126000
1295.611700
1536.536700
1520.661900
1466.599000
1479.182800
1516.217200
1502.406700
1521.247800
1504.813800
1504.358200
1484.196000
1312.439700
1494.505200
1388.194400
1398.631400
1596.951400
1499.226700
1562.906500
1509.636700
1598.330300
1535.079800
1469.868200
1420.321700
1506.031500
1447.775100
1658.240800
1509.796300
1448.039200
1600.289400
1423.559300
1599.593000
1520.084500
1466.603200
1474.189000
1489.622400
1536.837400
1403.275800
1441.227400
1353.558500
1604.146400
1549.874000
1447.442000
1523.555400
1530.228900
1526.803100
1662.477400
1371.285200
1426.505600
1526.910700
1463.311500
1326.484700
1477.269100
1523.912700
1460.556900
1470.264900
1403.003000
1390.674000
1508.898000
1499.506300
1502.543700
1473.173700
1472.977300
1490.033400
1468.153800
1447.138500
1447.991800
1533.615000
1277.542400
1435.296900
1541.792500
1395.031200
1575.718000
1482.278000
1512.630400
1196.651300
1412.854900
1401.705000
1479.196500
1499.829700
1620.605500
1475.697000
1313.486800
1487.607600
1481.038600
1500.747000
1581.787500
1514.024500
1528.797500
1585.163300
1489.401700
1441.325000
1486.030900
1464.109400
1427.957900
1520.758800
1466.610000
1661.813900
1629.689500
1560.150800
1530.214500
1588.227600
1578.057300
1489.883500
1475.565000
1509.575000
1577.546300
1467.347500
1429.921900
1484.762300
1525.989700
1518.829200
1568.316800
1497.305700
1582.471600
1506.387600
1572.728200
1469.933600
1433.679000
1467.469200
1411.634500
1537.850700
1225.225500
1519.569700
1447.530600
1559.726300
1449.458600
1625.384600
1659.394200
1303.560100
1461.673400
1536.240100
1545.454100
1566.496400
1535.788000
1544.299800
1437.469800
1516.492300
1522.579200
1529.674300
1482.904900
1483.546200
1447.440400
1523.119700
1534.192400
1638.178300
1606.719100
1658.826300
1521.780600
1391.824900
1500.187900
1615.837500
1677.361800
1503.371900
1406.072800
1492.803700
1473.532800
1498.981900
1499.295800
1495.385600
1512.413100
1491.256500
1381.706800
1395.449700
1607.473400
1621.189200
1528.226700
1582.231100
1556.179300
1605.662800
1464.402200
1609.360500
1515.664500
1615.309100
1438.776400
1572.810700
1632.235600
1700.204600
1598.108000
1417.510800
1725.342400
1538.800500
1719.882400
1564.296100
1747.440500
1407.973900
1666.704400
1636.014400
1697.443600
1714.071000
1708.795300
1621.888000
1340.289100
1580.784000
1527.213800
1611.664800
1470.574500
1715.580500
1579.603700
1624.768500
1686.777800
1549.797000
1338.971700
1500.915300
1526.738600
1594.436900
1684.545000
1727.867600
1584.872600
1553.369200
1647.517700
1626.041800
1632.092600
1642.266900
1634.704500
1739.773900
1587.391900
1729.148500
1721.800200
1585.466300
1622.047400
1563.640400
1473.216100
1472.924500
1689.733100
1589.180000
1421.309900
1508.021300
1390.578900
1734.754600
1581.023500
1549.332100
1452.757000
1603.371000
1475.704900
1552.137100
1606.075100
1636.888600
1564.853200
1537.327700
1684.222300
1691.384400
1709.309900
1405.468200
1565.308500
1668.635700
1493.047700
1622.893800
1551.467400
1610.656600
1471.686900
1527.064800
1478.791000
1572.005700
1708.946900
1642.291000
1588.695900
1599.964400
1598.289700
1710.829700
1435.845300
1681.726800
1605.435700
1548.092400
1507.302600
1463.970500
1492.145900
1467.640400
1605.629700
1599.541600
1557.688000
1461.863600
1435.496600
1632.222900
1616.103300
1617.405100
1571.156800
1365.240400
1494.623000
1696.480900
1656.133000
1591.033200
1588.618500
1620.830900
1487.095500
1597.546600
1518.514400
1616.191900
1605.779900
1510.254800
1530.016200
1509.004300
1532.583700
1657.887100
1582.785600
1328.339500
1580.475200
1663.020200
1560.122700
1541.923100
1502.282800
1734.544700
1370.262900
