72.000200
70.357400
81.914800
79.375000
73.592600
113.661800
69.770300
82.650900
71.750200
61.450200
76.285500
69.772700
71.364000
66.932000
68.334100
65.963400
67.451400
73.028800
66.335800
60.179600
67.281200
67.512300
66.231400
70.569900
68.353000
66.808200
67.550200
66.834600
71.535700
69.493700
73.108400
73.141700
73.957600
73.906800
65.350400
71.841200
72.431700
73.115900
71.486100
72.995700
74.652100
71.044800
69.247300
70.306400
72.869400
73.474300
72.877700
66.332900
65.798100
64.522700
78.290100
72.026400
71.309100
74.587400
73.253300
68.756800
70.808800
70.570200
89.276400
73.868000
68.013000
75.861900
65.270100
72.562200
69.384200
64.616200
73.199400
86.749000
73.930100
74.744900
74.945000
79.987400
73.075400
69.849900
75.283900
69.332700
65.537500
67.260000
71.379100
66.775300
74.774200
71.656900
67.497100
65.357400
67.971400
75.430900
77.195200
74.921700
72.774200
79.399800
77.313700
68.837400
76.688800
68.035000
71.213200
75.171300
73.333000
76.250500
70.628100
75.736300
77.982900
68.901800
69.893000
74.429300
71.191700
77.973300
72.572600
69.574900
63.212600
65.506400
67.588100
71.040400
68.781800
69.561900
65.788300
74.812200
73.389300
77.217900
67.672000
74.154900
70.810900
74.969400
77.942400
67.045800
68.206200
67.698400
72.005200
67.415800
70.619700
70.450000
76.847400
71.466800
69.977600
67.557400
74.526800
71.589700
74.058600
69.960000
71.712100
75.102500
71.139600
67.096200
68.483600
69.122800
69.685800
71.703400
72.124400
70.596800
73.055400
78.204000
67.238800
69.506700
69.399500
74.829700
71.077900
62.971100
69.554800
76.146000
71.142400
68.523400
73.443300
69.538100
73.027200
71.811700
74.954800
72.237500
73.219800
71.448100
68.200500
75.131600
76.967000
71.526400
79.917900
74.705700
76.024700
70.992800
72.594800
71.899200
64.460400
74.583000
70.900300
71.319400
75.593500
77.985300
75.453000
68.833800
68.974500
68.594700
75.175200
64.926800
87.046200
75.374300
79.890600
80.558500
80.130000
79.018100
65.784700
76.142600
67.854100
69.542400
78.115300
71.298300
72.461600
72.634200
73.739500
75.055400
69.971600
75.503000
78.692800
77.979600
78.906300
80.070900
80.103600
70.870300
75.964700
80.097000
71.619500
75.445900
75.813500
74.272400
72.416600
77.608000
79.651000
71.911900
79.312500
73.919400
71.523800
74.829200
75.175700
76.699500
78.658100
78.487500
73.427600
79.914200
74.721000
73.008100
76.869400
69.944200
73.166000
66.632900
73.946000
68.119200
72.681800
78.463200
77.892900
65.885300
71.826500
70.530400
78.431500
71.523900
70.471000
66.122700
72.154500
76.057400
77.320400
76.211400
71.406200
72.112600
71.833300
96.947500
68.035100
73.301100
72.563400
75.645700
74.546700
74.609000
69.939900
73.437000
65.506700
78.781800
73.430700
63.116100
63.154800
63.032100
64.812600
80.642700
69.808500
75.856700
64.617300
72.059700
67.012900
72.038100
78.137600
74.088700
70.625600
72.763000
70.234200
78.586400
79.372100
72.077000
73.020000
71.460800
72.629600
67.734700
72.186600
68.136700
67.888400
73.160600
75.723200
73.091500
77.060100
73.519600
83.038500
75.237700
71.463300
71.250900
72.715900
73.902700
66.777100
69.135800
75.179700
66.106700
80.123200
72.198800
71.397900
66.845100
73.404500
71.925000
65.641800
79.616100
75.044800
74.103300
72.561000
73.141700
69.290600
70.453900
76.128800
77.164400
64.236000
70.356900
62.691600
74.049500
74.471200
75.491300
79.063500
66.374800
71.158100
68.851400
68.132900
76.890700
79.080400
76.244800
75.371300
75.251300
62.286800
68.391700
74.660700
78.814800
70.834700
69.873900
73.633600
71.826900
75.031900
77.961000
77.355700
79.253300
77.789200
69.605800
66.751500
69.565300
71.210600
69.718700
67.689900
65.176900
71.334200
69.762100
63.192000
68.796900
74.490300
66.010400
69.711800
67.438000
66.734400
78.364100
77.787500
73.100500
75.028900
77.406400
64.118500
75.354600
73.343300
75.156800
73.173300
69.318900
72.871500
67.620000
64.458900
72.835900
69.602200
73.246300
76.756500
69.174100
68.091200
70.597600
63.620100
69.886700
71.663800
73.850100
71.632600
68.066500
68.092800
67.855000
68.633700
77.474600
77.299900
69.720400
70.619800
73.001000
76.751100
74.017200
70.196700
72.636800
75.617400
68.132200
67.918500
65.643100
67.416400
66.759400
79.862700
79.751100
76.059800
75.753900
66.497600
68.533500
82.067800
80.294200
76.501000
70.420600
72.747700
73.631600
75.197400
69.888400
72.241500
74.269900
77.187500
75.751500
71.236900
63.709200
63.822500
76.600900
72.745600
76.328800
70.913900
71.639500
71.262100
74.033900
70.477800
72.432500
75.733300
76.388800
81.559000
71.682000
68.755100
75.200100
69.353200
73.714100
67.451300
70.180800
70.783000
66.222900
74.678000
70.776500
63.300500
72.923700
71.351300
79.454900
70.590400
73.949100
74.093600
75.697200
74.317900
84.242900
70.773900
75.699600
72.952400
63.844400
66.166300
63.093300
65.681800
67.514200
73.741300
73.762300
72.705600
77.965800
74.716100
79.953100
69.386800
69.368800
70.662600
65.112700
69.481400
61.575400
71.380100
89.840100
68.653100
76.758500
79.432800
72.205200
73.111200
72.600300
