487.162800
440.287300
461.497700
440.452900
473.937300
483.747500
467.339900
430.954400
470.733900
434.519500
456.204600
444.895000
458.471800
455.604400
446.251600
457.155000
473.443600
461.386400
450.968300
509.232900
451.643200
431.879600
460.954000
436.717900
468.890900
418.048600
449.556300
489.197000
448.824800
463.248600
472.880400
452.383600
478.128000
476.398000
436.864800
473.021900
442.946200
481.572400
479.323000
502.076400
539.633800
492.039700
457.760800
462.458700
437.080900
472.638100
502.665800
478.353400
481.804000
491.410600
493.282000
472.055700
490.037100
476.325800
470.857100
470.923000
493.302100
485.510800
460.302200
447.335000
474.374700
461.181700
455.218400
442.937600
468.414000
440.114200
452.661000
513.625100
522.420600
502.725400
482.900800
482.150400
435.362800
508.570800
475.792000
430.588100
456.200800
447.491100
482.607400
450.240400
468.629200
446.395200
465.613200
452.150600
442.930000
450.089700
501.297900
460.391500
480.200900
487.753100
419.797200
434.216700
447.609600
469.167200
458.726900
471.194300
479.607900
479.930800
445.099700
482.152100
467.807700
468.448500
493.686000
462.455600
481.203900
513.141100
542.227500
482.039100
520.953200
495.161000
452.592400
456.549000
453.394200
486.676200
483.200400
465.498900
478.187800
449.413400
447.969100
453.439100
503.830000
463.426400
454.766200
490.463200
439.957600
459.940700
447.501500
477.702400
471.917700
472.292400
458.506100
475.537400
480.553800
448.670200
444.945400
499.381300
490.336600
430.506600
437.677300
483.131400
509.662600
498.250800
453.222400
474.612900
450.284100
501.701200
414.352700
428.932800
427.203100
435.608100
475.744900
463.694500
450.624600
459.691000
425.710100
450.221300
457.833500
489.680500
430.941600
450.141600
404.317800
426.845400
479.168200
432.425000
443.342300
456.915400
465.009700
480.887200
457.607100
454.276900
402.598200
485.377200
489.001900
468.943000
423.598300
441.724000
501.514000
442.553800
406.631300
408.594400
509.488400
430.862300
465.553700
472.213900
405.540100
387.756100
439.314600
438.082400
401.991900
403.972900
398.346200
437.292000
459.755200
433.890100
424.996400
421.302000
408.198400
406.193200
440.921400
430.723600
430.199300
421.666200
423.654800
408.471000
404.360800
424.629500
448.747500
421.210400
463.139700
467.266900
471.170900
431.400300
427.156700
467.583800
455.070600
484.954100
482.084200
459.379400
418.237200
424.548700
419.275200
397.307700
419.028300
437.783900
419.139500
455.989600
407.121000
409.668800
432.496800
411.388800
429.998900
450.193700
487.560900
446.404900
401.752500
422.132000
416.864800
473.257000
427.568200
437.286700
457.644600
454.012800
455.541900
487.796100
432.168100
433.656900
432.064000
419.261700
453.132200
417.480400
452.882100
484.202000
426.649600
403.961300
466.037800
456.871600
478.023800
447.223800
429.443500
424.768000
447.865100
436.562200
466.937600
436.703500
467.166600
450.948000
462.935000
501.440700
477.124800
486.556000
520.573300
483.185400
468.269000
435.299700
503.219100
486.764100
482.458100
431.671500
505.456600
496.545800
406.094200
507.860500
415.019400
431.711700
438.192300
430.282800
500.795200
445.790600
472.366800
437.105400
494.634700
444.221500
463.270400
443.949400
451.316700
439.439300
453.034600
495.141200
468.365900
434.313500
480.569300
475.262300
492.004400
482.618800
401.732600
446.892900
469.232700
460.345000
468.893600
462.951000
472.548000
454.639700
441.144400
415.837800
455.835900
428.612500
444.592300
515.894500
460.210900
464.194600
427.582000
433.999800
425.720900
478.811600
442.959100
468.893400
450.666200
431.143900
432.238800
465.807300
440.395300
471.342200
448.508900
456.393300
486.932300
468.480600
452.128400
417.435500
436.414400
453.111400
442.721100
437.602800
481.168500
490.354700
479.715600
461.500600
434.223000
385.244100
395.572300
498.624800
502.951800
474.219400
427.789200
483.730300
445.467100
443.232300
427.664400
460.384600
419.573500
476.074500
491.472500
424.100500
464.152600
459.856800
466.967800
467.257600
434.893200
443.486400
445.749300
442.525600
422.134200
428.546000
452.602400
477.498100
406.550700
395.171300
419.912900
431.556200
441.678600
462.315800
478.363000
451.744200
431.722900
385.068300
455.460500
391.668500
437.151700
473.147900
468.859500
467.902800
474.286500
468.792600
485.122000
419.426000
433.056500
447.098700
485.223600
401.735400
453.627000
456.674000
458.426100
450.874600
451.699800
442.595100
456.843700
467.285600
439.671500
429.499300
458.965700
446.733600
428.292600
449.436600
422.628800
436.594300
443.177700
471.620700
418.391500
444.660200
464.481500
462.828000
440.870200
427.723300
444.345800
456.168700
438.056400
440.915100
476.003100
436.344500
453.288400
442.112300
432.273800
426.731000
428.428800
481.320300
465.560200
475.201400
433.017300
434.580400
479.775200
441.563600
414.665300
450.190400
476.181600
465.321900
448.704400
458.710800
466.831300
471.050100
435.693400
425.967300
435.808600
445.541100
407.886100
437.627600
419.295000
394.547400
443.057700
454.809200
452.262600
430.581500
445.101600
417.629500
457.689200
455.618300
491.318500
457.264400
452.888800
442.534900
435.509300
433.213100
426.367100
442.016700
411.719800
462.711900
469.058600
473.824400
467.874800
425.347800
435.275300
431.706800
442.412900
494.188800
418.824000
495.859300
433.746100
432.303100
430.565300
439.702800
455.508900
480.976900
453.562400
440.633300
454.377600
493.638400
449.045700
458.397500
435.372200
412.128900
428.745100
417.714600
