1038.134500
1150.204600
1098.768500
1029.676100
1104.080600
1119.692400
1109.349800
1112.430300
1059.007700
1070.719500
1005.043800
1074.356100
1075.451700
1097.806700
1146.332400
1171.898600
1127.649500
1115.780700
1072.794400
1136.813200
1075.997500
1052.791400
1160.698800
1062.535300
1070.433500
1157.673500
1074.434900
1199.491400
1090.531700
1059.402400
1057.089600
1085.566600
1159.249700
1151.454800
1179.639000
1127.216800
1141.331100
1127.776100
1181.288600
1158.849900
1104.292200
1049.250600
1151.510000
1223.957500
1181.245800
1095.935200
1104.838300
1028.415300
1071.037900
1105.752900
1064.938400
1092.059500
1128.018500
1102.819300
1100.686400
1135.877000
1075.990000
1127.670400
1173.957700
1191.205500
1087.220800
1159.925800
1137.448100
1124.874000
1054.202300
1238.260700
1072.773100
1101.246100
1217.869000
1115.239000
1005.543500
1115.451100
1129.381600
1105.360100
1150.928300
1095.877900
990.385900
1077.582400
1204.260200
1087.064500
1125.518300
1090.130500
1175.413300
1112.982700
1193.228300
1118.246800
1138.866400
1157.100100
1206.991700
1067.959200
1181.125100
1127.713300
1178.909500
1061.146100
1110.009900
1163.665200
1163.865500
1049.177400
1051.609400
1061.632700
1084.518700
1019.598000
966.720300
1060.861800
1141.383400
1012.796800
1079.706100
1054.261200
1104.212300
1237.218000
1055.740000
1069.478600
1167.452300
1203.524300
1178.054700
1153.134700
1177.951700
1167.198700
1176.742700
1082.060000
1196.845300
1139.021000
1170.910900
1181.750400
1143.386900
1221.081800
1182.368700
1073.499100
1089.675000
1112.227300
1022.901700
1115.643000
1224.016500
1105.205800
1148.060100
1162.589500
1168.583700
1137.696100
1122.193700
1142.376600
1115.941000
1156.962100
1071.256000
1079.253100
1173.300000
1081.638000
1174.818000
1100.147400
997.741400
1092.658600
1169.795600
1065.869400
1157.480100
1187.388900
1133.372700
1119.206200
1021.582600
1039.218100
1195.215000
1061.943400
1050.932100
1100.996800
1093.081100
1125.278500
1064.876800
1121.688000
1139.098500
1106.453600
1181.625000
1106.015300
1151.611800
1145.008100
1122.033100
1096.926500
1108.962200
1035.694500
1105.298800
1011.938700
1099.861000
1154.158000
1117.374600
1086.687600
1099.786700
1107.248600
1029.892400
1096.281500
1106.186900
1104.112900
1011.642800
1085.463700
1079.198700
963.643700
1059.889900
1042.187900
1035.198400
953.809600
953.688800
1070.406100
950.687400
1015.176100
961.990100
1014.266700
1156.862400
1113.299100
935.589300
1157.661600
1011.856200
1031.661800
1133.791600
1038.697700
1083.000200
976.069700
1076.366800
1058.350200
1111.908700
1071.168200
1103.133600
928.260400
1102.630500
1126.844500
1004.884200
1005.416000
1012.100700
1114.083000
1158.861100
1055.158100
1045.558900
1056.122000
1061.710000
1155.557800
1147.251400
1089.565900
1150.385000
933.604100
1025.296100
972.406000
1044.714400
1122.941600
1083.743900
1075.878600
1062.916500
1091.949100
1138.841400
1126.994500
996.074700
1074.674500
1049.251000
1037.712600
940.232700
936.807900
1110.041200
1012.958400
1022.810700
1006.506600
1210.955300
1221.702300
1189.372900
1030.132900
1168.833900
1130.911900
1134.056000
1037.698100
1211.940800
1050.377400
1050.038400
1202.406200
1200.261000
1178.051500
1105.654000
1131.967200
1209.260700
1192.798400
1158.909700
1097.119400
1083.979800
1177.449100
1086.639100
998.146000
1093.964400
994.493600
1107.003200
1124.999900
1028.231000
1076.894900
1102.183300
1021.088900
1211.954700
1083.525900
1081.158400
1040.221200
1129.753400
1157.276000
1044.155100
1094.072400
1084.039000
1139.892500
1189.446700
1067.290400
1253.597800
1221.084400
1140.929200
1194.411600
1035.600600
1181.068600
1148.649000
1087.736700
1219.881500
1245.734100
1043.177200
1118.384200
1178.159800
1008.287800
1128.706700
1047.778300
1083.242700
1107.187100
1146.162800
1077.513300
1008.539700
1017.194300
1182.458100
1096.867600
1073.357400
1093.489200
1104.888000
1044.887000
1038.963400
1089.000900
1075.102500
1053.941100
996.360500
1046.412500
1088.898200
1161.391200
1192.980000
1011.830500
1160.205400
1150.264200
1114.580500
1000.977000
993.221200
1038.213300
1027.719700
1075.515800
1083.820300
1088.752600
931.506600
993.782000
1188.990400
1106.487400
1172.326200
1112.598600
1137.146800
1100.609100
1020.009800
1168.874800
1151.654800
1137.485700
1094.367100
1049.849100
1131.124700
1125.571200
1081.981800
1122.611500
1163.039900
1111.877700
1054.868700
1194.158200
1193.362400
1188.459800
1127.685400
1195.070000
1111.432300
1141.999800
1167.837200
1157.070000
1114.945800
1111.901900
1072.694800
1138.396200
1035.430300
1159.862700
968.743300
1128.125000
1027.752400
1114.760800
1111.521600
1123.397500
1095.708900
1084.048800
1011.985400
1059.896900
1139.800200
1011.482400
1181.602400
1014.048300
1097.612000
1099.391500
1045.992300
1045.420400
1032.683000
1210.279200
1205.971200
968.472800
1118.175000
1155.561300
1102.239300
1032.952800
1041.620300
1063.326100
1060.356000
1008.473600
1042.992400
1184.728700
1032.342700
1158.309400
1052.325700
1044.198400
1077.156300
1102.800800
1026.698500
1020.850800
1097.982700
1015.628800
1069.373600
1056.112900
1135.105800
1027.002000
983.283000
1082.945800
1075.900400
1158.158300
1106.048200
1053.726900
1048.078300
1030.558200
1056.128700
1199.876000
1096.208700
1170.847000
1054.332000
1079.373800
996.683600
1024.508300
1083.190500
1027.814100
1045.911600
1120.139400
993.832500
1131.553900
1088.701400
1154.940100
1151.860700
1043.791400
1139.165300
1041.178100
1015.337500
1026.519300
1056.184800
1098.088800
1071.001700
1075.224100
1081.725400
948.651900
960.270500
1119.450000
1095.847100
1039.357500
1008.985600
1078.192800
1047.580400
1053.643500
1014.806200
1023.657700
1203.431600
1073.063800
1188.896100
1193.343300
1120.431100
1063.563400
1031.889000
1103.196300
937.707900
1092.601000
1024.913900
994.181900
1039.169400
1016.988800
1058.810100
1015.019000
1016.427800
1088.658800
1011.983300
1071.152500
1030.232000
1083.536400
1062.684300
1095.937200
989.961300
1051.160900
