466.377100
475.480700
526.961600
494.619700
493.195200
443.428500
442.460000
443.851900
462.322200
417.688600
466.177300
486.979200
454.546500
464.643200
450.189100
474.369700
467.037500
489.587800
508.508300
451.717700
446.979500
492.344500
465.885400
463.358300
436.562800
447.931300
451.926400
445.692300
420.010800
436.761900
466.576100
463.462500
479.349300
473.970100
462.236700
485.482900
459.490700
422.531300
490.549700
468.230000
438.299100
495.682500
465.410300
464.361500
466.254800
492.583200
464.306200
460.865900
436.063800
456.268100
438.222200
471.810000
453.336700
514.463400
479.404800
468.852200
451.149400
470.752200
490.759700
434.832400
478.597000
444.016200
475.627500
448.387800
510.365500
469.687200
493.186900
477.752400
464.351300
434.209300
448.042100
476.829600
458.210800
478.518600
497.652400
458.812600
447.964500
505.994900
504.509700
468.007600
500.776400
401.408200
438.312300
461.908500
470.517700
448.185300
450.443000
434.422100
439.211100
442.360500
466.840900
469.484600
461.151000
483.175200
463.374900
474.742700
456.618700
412.466500
462.918300
433.076500
442.274500
434.247800
452.588800
435.205100
482.898500
486.945300
435.661900
487.291300
431.822700
454.142800
425.096700
462.357400
419.799500
464.313200
464.498900
454.400200
442.981600
439.071300
515.577800
474.967300
470.941400
454.397000
419.339900
446.389800
466.145100
456.689300
463.904800
476.882000
432.629300
448.606400
485.418500
441.678300
486.878100
454.007700
475.240500
452.102900
458.559700
480.123400
453.618000
473.718300
472.703500
480.184000
440.806800
470.862800
452.929700
442.546600
479.729200
477.329800
497.622400
445.020000
438.343100
426.895100
497.885900
462.677000
455.357900
458.081500
445.915600
429.214700
479.476000
457.760900
441.897800
446.483900
459.597400
464.759300
474.874200
450.309600
499.271300
500.209400
443.468600
475.179600
458.709400
468.175600
475.606000
513.692100
506.658900
476.175200
470.760700
501.034300
482.011700
484.174500
488.770700
446.390200
489.672700
506.811700
484.687300
450.188400
486.292000
472.243100
479.359500
488.833800
491.104400
496.743200
461.915300
453.838800
471.705000
436.825200
477.487500
446.478400
460.685600
462.549900
460.956600
450.496600
448.190300
475.503700
492.389900
461.881800
452.096300
446.244600
451.915600
477.104500
418.030500
459.966500
431.589200
464.755400
462.251800
462.745400
426.637900
444.173100
493.958600
474.691200
464.718200
482.218000
481.726100
498.140100
472.392500
447.287700
491.774600
501.383200
429.093700
436.180900
437.634000
465.742300
461.889600
461.174100
449.820600
499.113200
491.537500
455.079000
490.537300
490.971300
499.274300
465.188500
469.511200
461.296900
437.578000
461.024600
443.421200
461.735000
468.210000
451.429300
466.744100
492.755100
473.346600
457.337900
456.598900
475.791200
429.674600
453.404300
447.866200
435.497000
444.696200
465.098000
452.362600
457.569700
451.229700
487.474700
404.812200
439.465200
451.496700
462.931200
432.110700
474.393200
446.370400
456.744800
448.726400
446.643500
491.699700
463.200400
473.372200
471.391900
467.991400
508.496700
467.540500
487.172700
467.139500
459.945400
470.907700
463.794400
480.327100
483.886900
478.627900
451.847200
461.419200
440.835500
470.046400
445.811900
465.575500
508.987300
472.196000
473.601300
490.788600
444.921400
440.513200
442.873200
487.950800
442.695100
440.281900
463.414300
426.576300
462.903000
450.680800
422.188100
449.782200
443.382200
450.008200
433.115100
456.319200
429.619000
429.880500
486.176800
455.586100
446.722600
445.767800
447.632900
479.881200
479.695400
458.517900
427.788800
473.149800
449.116500
474.639800
448.896500
455.503800
441.733500
463.020800
474.384700
451.341300
473.228700
487.872400
447.623500
493.492000
437.161800
490.593900
488.171900
480.426500
474.677500
475.855400
432.850100
430.865700
441.259200
487.168500
447.435300
438.485400
464.775700
474.870500
474.605200
465.347800
417.081100
425.322800
411.067200
445.090200
455.529800
440.749300
447.560600
482.723700
495.339700
493.991500
465.752600
469.570500
448.208000
477.703100
433.395800
435.515600
457.529000
454.423400
440.105900
398.046200
494.246800
478.295100
513.092100
514.636100
413.034300
414.875600
425.521500
445.629000
460.471600
430.255100
457.735800
490.467700
401.017100
443.611000
442.474900
462.039200
471.976200
402.686500
477.794400
501.657900
432.093500
391.102300
467.117100
503.806800
418.420800
434.105800
474.912900
423.526600
444.476900
453.333400
436.521600
478.993800
420.858700
432.704100
399.791100
442.500500
420.867700
406.306400
452.590100
479.227200
398.509800
394.543900
435.546400
427.129000
427.570000
464.664600
412.918300
435.677900
420.564800
417.659800
496.207700
449.356800
433.461800
448.048000
428.985600
463.385300
402.200600
403.123500
388.012600
489.950900
481.273200
426.221900
400.896500
370.398500
485.974400
434.697300
482.015500
425.569500
454.780900
457.732000
419.787600
401.277000
399.359300
448.937500
518.195600
475.015700
467.766500
440.621200
493.027100
401.095200
477.253500
437.794000
404.219700
426.437600
435.373000
447.218400
406.962200
456.262600
475.005000
400.355500
432.924000
451.513900
464.535200
454.533000
427.958000
457.572400
376.639800
459.455800
465.160200
438.802400
419.242800
431.151600
474.001000
412.897300
425.333500
419.627700
474.319600
405.936700
432.045700
448.709600
483.262100
436.846900
478.200600
439.611600
405.084900
410.123500
425.790500
473.007100
380.728900
495.910400
423.577200
441.988300
475.185400
