80.732900
79.825200
72.642000
80.120300
78.772100
76.107600
76.650600
91.623100
82.466200
78.665600
81.181700
78.307100
71.935400
73.040500
78.549900
79.258800
79.384500
80.125400
77.677600
76.506500
78.141800
80.740500
76.762900
72.967700
80.442400
79.847400
83.274400
81.110600
81.421600
83.409900
85.481800
82.675400
73.640600
80.042600
85.656000
87.809500
89.736700
84.738500
83.328600
83.659500
82.398400
79.903000
80.440600
77.821800
87.274000
79.362800
79.402300
79.709100
83.563600
81.615300
76.659800
77.227300
77.674500
77.354900
77.034600
77.378000
84.474400
78.765900
79.901000
76.155300
75.661000
76.902600
112.855800
81.677500
78.232400
76.985200
80.982600
74.966000
84.481700
83.377800
75.331400
75.375800
86.165300
79.090500
79.549500
75.323800
79.498000
96.644900
81.860200
79.063400
81.882600
81.295300
99.021600
74.237400
79.343500
79.310100
78.784100
76.230900
74.881400
71.527600
73.856800
76.321400
81.215600
81.324100
79.803200
85.485600
84.167900
76.108400
76.666100
78.297100
76.721300
85.405900
74.348200
74.615000
78.470600
82.742500
84.791500
77.577500
78.517800
80.077200
81.020400
79.183000
78.883700
82.173700
81.216100
78.877500
78.900600
81.528600
82.624600
78.694900
80.157900
81.472100
80.789200
83.783100
75.490000
81.192900
78.754400
80.386200
84.847800
77.672600
86.883400
80.311500
78.806900
81.782000
83.204500
82.084900
77.551700
76.863200
74.724300
82.217800
79.486000
81.843700
84.744500
81.338900
69.321100
77.885800
83.981200
85.514800
83.841600
78.822000
83.068300
76.307100
79.119200
82.561300
74.090700
84.979200
85.644700
82.314600
73.998800
73.229700
71.668100
83.037000
74.027700
72.312000
76.028000
80.586400
69.371500
76.804100
71.672900
70.752700
77.808800
84.107700
79.695700
80.089400
79.224000
79.558000
75.102900
77.510100
83.367600
82.228300
78.538600
77.623300
82.455100
78.800100
79.740000
85.225900
78.584600
80.923400
83.408200
84.564200
83.150900
77.011100
85.539600
85.608800
76.163900
72.969400
76.992900
80.175700
74.403400
79.882100
87.166600
77.535200
81.162500
83.716700
91.878200
84.962400
76.431900
80.234500
78.021000
71.510200
75.269300
73.348000
72.527100
82.406300
80.372900
82.401700
81.027000
86.975000
82.627900
78.225200
78.935500
78.466200
79.572800
83.716400
82.842500
80.000400
83.756400
75.172700
86.840500
81.600400
77.679300
75.459700
77.260000
80.064800
74.327900
74.036400
70.544000
83.677300
83.333500
76.949600
76.825400
79.540600
77.965500
86.737600
73.721900
76.702300
81.151200
76.396400
70.779300
76.442400
79.379500
83.162200
78.974200
72.313200
75.467400
81.639600
78.361000
77.691900
78.405500
78.177400
77.026700
81.512700
74.922700
78.022300
79.669500
70.662000
74.968300
82.874700
71.153100
82.256400
80.738100
82.493500
65.140100
74.891100
73.129800
79.361600
80.218000
84.913600
74.184800
70.469600
76.336800
79.672900
75.858200
78.160500
72.451600
76.694300
78.787600
73.359300
72.787800
72.154300
73.771600
69.849600
77.684600
74.843300
87.977600
83.022500
82.221300
78.233000
82.794600
83.616800
73.426000
72.553400
78.006900
80.784900
72.542100
73.261100
73.350100
73.780400
84.271800
82.053500
73.992000
103.963900
74.944300
82.525300
74.754300
72.153800
74.470100
72.870300
79.157400
58.402600
78.642900
72.626400
79.629800
72.263600
79.395000
82.161300
67.129900
76.302100
77.243700
76.117400
77.765600
77.339300
76.758500
72.076300
75.750400
74.415000
76.970600
73.218500
73.651900
73.823800
78.441700
77.228500
83.040200
78.737600
82.247300
75.339700
68.681900
73.486500
81.935000
79.982900
74.969800
66.926500
74.182900
70.714400
75.900500
71.190100
73.637100
74.456100
68.344900
79.961200
84.293800
84.197000
82.015400
74.425100
77.225600
76.012700
85.740600
73.062300
83.240300
76.494400
84.087800
70.124200
79.426500
77.709100
90.053600
79.818200
68.421200
86.721500
77.379200
85.262000
77.692100
90.386900
71.991000
86.367700
83.593900
88.922800
90.808200
85.552900
81.497400
64.525600
79.032600
75.664400
80.810300
75.979600
86.181500
78.995300
83.436600
82.760400
77.805400
64.321100
74.349100
72.418300
77.502800
82.189000
86.638900
76.229600
77.736700
82.704900
77.716700
82.601800
79.306100
77.999700
88.080000
90.770000
83.675800
87.845300
73.951100
80.204600
77.167800
71.488400
74.433000
82.189100
83.633800
69.640700
76.313000
70.655500
84.174600
79.191100
75.960200
72.129000
79.572100
72.249800
78.267900
81.829100
79.730000
80.639400
74.583000
83.536600
82.909700
84.736800
71.956400
74.870100
83.413900
76.624100
84.189100
77.749600
80.713000
74.867500
78.017700
71.047300
75.983200
83.494400
83.318200
84.025900
82.723900
77.975000
88.425400
72.806900
87.190500
76.824500
75.839400
80.337800
72.170100
77.285200
75.703900
81.434700
82.651300
79.025600
74.724700
75.226700
84.038800
84.220100
82.731000
81.329500
70.401800
77.591200
85.410600
83.717800
77.168500
81.229000
84.969700
76.527900
80.537500
78.450200
81.891900
78.065800
81.237500
76.806700
76.768000
78.223600
84.965000
80.199400
69.753100
81.624700
84.866200
83.887300
75.953800
78.144200
89.163700
72.750200
