427.639300
469.747000
450.318000
481.075800
443.246300
471.992300
468.091900
439.417800
478.112600
468.019100
484.331500
466.176200
431.452100
447.006300
468.822500
467.136600
462.016400
477.157800
470.530300
453.638200
451.271500
444.670900
444.679600
457.315100
485.171100
463.715900
473.540200
491.021300
480.943600
480.947700
476.124300
479.086700
442.555500
474.444100
497.534500
518.257400
535.057100
495.028400
504.274500
512.826800
502.309300
487.737800
479.416600
469.093000
510.487100
487.129400
459.473200
457.251800
487.827700
505.875300
470.907900
461.824800
455.192300
463.294700
464.307400
459.705600
469.383900
486.813800
483.064300
465.331000
451.435800
465.161100
487.544700
480.619200
482.496500
454.773600
500.498100
447.961800
511.528500
486.461100
459.139800
454.305400
521.001400
476.641500
474.995400
437.901900
489.022300
508.884500
499.589800
494.250600
478.981900
493.936800
501.715400
463.482400
477.600300
481.152700
468.844400
466.224100
467.744200
430.459400
443.677500
458.828300
478.135700
481.999400
465.182000
506.979200
491.779000
443.483200
473.494100
458.531200
460.680000
481.764400
441.995500
422.239500
471.275900
515.975200
502.627800
468.513400
470.211500
465.323700
476.672800
450.179100
457.932100
471.091700
456.449200
466.548800
437.455400
459.043500
470.872800
442.137000
430.261400
456.335200
481.391600
467.872300
415.139900
462.363100
462.736400
446.257500
477.326500
437.522900
474.341700
475.044200
451.591100
457.215600
467.825300
477.298200
450.693200
444.341700
440.990200
468.360300
462.604700
459.614600
478.528700
453.151000
412.726600
442.801100
479.452300
515.632300
491.155700
462.440500
459.992300
428.130900
449.971400
490.300500
420.047600
481.236300
480.584600
479.434200
430.353200
429.441800
426.821300
490.490000
421.282000
435.973700
434.853000
454.059900
394.918600
482.001400
408.494300
411.743100
452.234600
493.046700
450.545100
461.726500
459.272400
463.210000
442.584700
458.523200
501.844100
468.504800
445.336300
454.634800
477.260000
459.621200
477.196400
453.332900
451.706000
447.255600
481.705700
471.566600
472.938500
449.378300
491.178000
485.429600
470.488800
446.298300
439.255200
468.424100
411.937900
466.031500
483.813600
446.189900
469.832200
483.985200
479.286100
483.882500
445.376800
464.800200
453.633200
429.265000
463.297500
449.468400
437.619800
477.132800
472.602400
478.399200
459.275000
502.571100
476.092500
449.247200
446.973400
440.225400
447.435700
496.396800
494.981800
447.694600
483.696400
439.554900
512.593000
473.756500
444.513900
455.709600
454.143800
469.953900
432.575900
435.345700
418.618900
479.545600
478.687600
428.583400
458.531400
478.291100
463.847300
511.720600
433.913500
448.798300
469.330300
435.130800
413.787200
449.183100
452.751000
468.267500
477.037900
428.850800
445.684700
467.567300
447.867700
436.797000
446.098100
450.516300
461.455600
465.738300
439.469700
455.120700
483.671400
405.594100
451.085900
497.021600
437.101600
484.607000
475.696700
473.229500
383.872500
439.390700
440.198600
464.588800
472.737900
510.414200
446.182100
409.892100
455.856800
470.649700
462.094600
488.868800
468.407500
467.529200
490.095000
454.929000
449.903600
449.500600
441.730200
442.619500
467.065400
454.479500
519.353500
501.706000
472.646600
453.958400
476.986200
473.540200
449.105900
440.505200
463.795700
484.671100
436.581800
434.183900
453.458600
456.759200
470.491400
478.898400
466.993700
483.593200
448.201600
488.942700
480.704400
437.439300
465.540300
431.964600
457.538100
381.340100
475.046200
449.943200
475.443400
437.127300
480.145200
497.119400
401.360800
442.667000
463.746300
449.261700
461.128000
454.392900
435.083800
416.115700
424.137300
468.599700
465.577500
435.413100
442.803600
441.686500
455.218400
450.351000
499.190500
467.756100
490.352200
449.342000
415.027100
443.075000
488.333700
480.710400
440.076700
410.560000
423.833500
417.905200
436.078500
435.579800
435.583400
438.031300
418.672000
405.239200
418.744600
491.724100
480.779700
456.087400
441.984400
465.008300
485.318800
433.898500
487.389500
444.032200
493.639000
423.062000
476.341900
491.534700
507.910400
474.812100
409.920600
527.865800
454.171900
510.642700
459.241600
539.230500
414.988100
496.278700
484.182400
508.204100
508.987600
518.410100
478.065100
387.940300
476.259200
467.184100
476.593300
454.326600
509.950400
475.656300
491.400000
499.018400
462.053800
392.345700
447.348000
453.906800
483.881300
496.507200
525.122000
488.348500
466.728000
502.798800
492.890700
494.012900
496.957800
477.659900
516.783000
471.648000
506.769100
517.540100
477.648300
462.435800
465.184700
421.042900
442.765800
505.843000
482.673700
428.023000
458.114800
431.315700
509.881800
474.400200
463.732400
431.321700
472.982300
436.367000
454.943700
482.065000
486.136300
466.007300
451.613800
508.726900
491.375100
497.116200
422.164500
454.390000
493.172900
446.501500
483.520500
457.631500
484.288600
444.004300
462.181300
433.611100
459.191700
501.351000
482.539700
463.170400
479.012800
469.305100
509.000100
432.650400
509.386000
476.527500
465.396600
454.302600
427.794000
438.141300
439.910100
496.859500
487.707700
470.124600
441.456000
435.896200
491.793200
478.796300
478.497100
457.526700
413.481900
457.883100
504.294500
495.304400
470.150800
484.308300
485.172600
446.295000
477.004300
457.981500
483.482400
471.358700
447.565800
446.659800
442.879800
471.035500
490.599700
470.133000
403.862200
484.552700
511.213700
481.849200
473.105600
459.482400
510.750800
431.856700
