1081.623800
1190.437600
1259.804000
1207.680100
1203.367500
1147.612900
1131.727700
1110.118600
1167.920800
1068.408000
1167.448900
1198.325500
1144.856300
1154.293000
1145.384800
1206.461000
1151.636400
1224.236800
1267.604400
1148.722700
1123.500100
1206.795500
1178.562700
1164.335500
1122.601200
1123.407200
1140.375600
1135.443100
1042.223400
1096.446300
1165.271900
1179.010200
1186.965600
1179.523500
1155.840000
1251.607600
1158.881900
1051.157800
1215.980000
1180.632400
1108.761700
1272.326300
1189.556300
1175.208800
1208.209000
1221.693500
1158.382200
1140.016500
1090.311200
1106.977500
1072.390000
1135.761800
1089.384700
1286.282900
1193.611800
1187.807800
1115.340900
1226.015600
1260.677900
1065.170200
1186.232800
1134.875300
1195.457200
1144.281500
1247.239300
1201.890100
1231.801500
1217.685900
1168.079500
1078.865500
1147.858100
1224.608400
1159.613000
1194.987500
1264.982700
1170.754800
1148.952600
1278.796100
1287.501900
1177.454300
1269.988900
1072.543000
1160.813800
1174.976100
1213.392900
1173.862600
1132.743600
1105.625000
1124.458200
1140.373500
1193.516700
1231.950400
1252.150400
1248.347100
1190.098200
1228.731600
1180.370300
1090.587600
1164.541800
1098.186000
1103.568300
1105.623800
1197.542300
1131.966800
1216.534700
1264.801300
1127.505800
1242.277400
1133.094900
1159.152300
1101.903200
1210.596500
1125.518500
1211.848100
1241.079600
1147.102000
1154.074200
1152.676900
1313.037200
1198.580500
1189.990900
1165.981900
1051.478000
1133.554400
1183.746100
1180.401200
1159.346200
1215.997000
1111.267100
1188.056400
1237.309300
1165.463900
1288.276700
1158.505000
1197.622800
1101.795300
1149.403100
1223.830100
1155.027000
1214.239400
1237.562000
1247.223200
1106.057400
1194.369900
1181.021600
1112.552100
1246.766500
1205.712600
1299.794100
1131.166600
1138.995400
1090.433800
1265.630000
1159.812300
1142.565800
1215.949800
1145.092400
1124.496100
1184.051900
1171.035600
1153.068700
1090.680900
1121.299700
1150.699200
1158.449300
1143.701300
1242.850100
1301.928000
1127.991500
1189.942900
1164.691000
1191.510200
1214.675300
1226.880700
1225.221800
1140.487600
1156.095700
1236.525200
1213.098100
1180.241000
1199.503700
1112.331700
1215.109900
1272.505900
1224.230900
1145.695600
1236.463000
1191.815700
1188.396900
1210.952500
1226.154300
1227.429600
1141.386300
1110.285600
1179.896400
1041.142700
1164.653800
1120.081500
1134.676600
1138.104000
1146.242400
1071.050500
1132.232400
1153.765700
1173.626200
1150.727200
1165.479800
1126.133100
1132.735900
1210.953900
1060.257400
1208.454100
1093.064400
1179.289200
1142.927100
1181.678900
1086.325800
1105.666400
1157.246700
1192.460000
1149.937500
1171.168300
1188.792300
1171.773400
1195.906700
1127.685700
1246.988100
1272.359800
1095.904000
1057.978700
1071.611000
1162.531200
1167.199500
1153.308200
1126.545700
1228.386000
1263.128800
1143.614300
1211.999900
1225.757400
1193.470900
1192.593900
1208.163500
1158.342000
1090.416900
1152.284600
1102.244400
1174.826900
1143.319800
1082.765200
1179.088900
1141.604400
1166.189200
1111.944900
1148.407700
1190.776700
1073.497800
1016.290500
1154.071700
1079.375400
1116.903600
1170.403000
1127.563100
1138.680700
1091.985600
1116.030700
989.479900
1103.667400
1150.041200
1120.392900
1065.407500
1137.837400
1124.414100
1114.271800
1107.878100
1104.470500
1213.928400
1019.226500
1158.281100
1120.292300
1130.403200
1252.205800
1137.101300
1170.201900
1123.249700
1076.171400
1125.101600
1112.781100
1154.680800
1201.289500
1187.729400
1136.537700
1127.047200
1109.814400
1138.270100
1142.165500
1177.062300
1238.420500
1156.186500
1133.815400
1222.786300
1075.178300
1084.313700
1232.019100
1219.618700
1083.426400
979.459300
1084.202700
1068.728600
1064.713100
1034.300300
1064.857600
1100.660800
1143.767900
1151.750400
1121.587300
1133.263900
1083.942900
1033.905300
1128.114300
1199.114400
1160.749100
1086.504900
1025.512400
1163.165800
1175.204500
1114.265600
1284.879100
1136.101300
1128.741300
1107.995700
1248.103800
1099.823900
1149.883800
1186.958500
1175.147600
1095.855400
1150.001000
1210.169600
1111.634100
1215.477400
1085.746700
1201.055300
1231.411400
1222.700000
1193.931600
1188.686300
1067.446900
1066.515600
1096.025000
1181.962400
1074.411100
1072.563300
1139.995900
1142.675300
1183.589600
1166.789300
1048.500400
1045.824600
1027.360100
1091.534300
1099.416200
1054.865100
1068.832300
1170.765100
1217.110400
1214.084400
1125.862600
1110.889400
1079.303900
1168.161400
1049.447800
1053.562500
1088.595100
1118.014800
1082.737100
1027.973800
1222.403500
1202.124400
1288.210700
1303.284700
1033.765300
1075.219500
1115.586000
1101.980400
1086.148200
1120.912000
1168.585500
1236.405200
1040.741900
1102.738100
1115.762600
1188.332900
1204.874900
1049.946200
1196.526300
1279.095500
1108.130400
1040.976700
1195.764800
1281.996600
1079.275800
1096.266700
1219.949500
1036.903400
1158.751400
1182.385400
1134.773600
1204.653600
1075.562800
1085.560500
1029.648000
1116.483200
1027.236700
1062.319600
1159.917500
1230.684000
1050.941800
1038.651900
1131.176000
1083.889300
1083.481400
1173.460100
1090.684100
1103.271800
1091.387700
1101.405900
1239.887500
1168.097500
1106.292800
1162.675600
1081.714000
1206.575500
1040.797400
1052.671300
1035.980500
1212.390000
1184.289100
1082.848600
1037.776000
999.170400
1210.732200
1129.436200
1238.466700
1083.749200
1200.098900
1153.064700
1063.880900
1033.062300
1026.200200
1173.720600
1280.591100
1201.423200
1175.138800
1122.900500
1234.556400
1039.678600
1203.157600
1130.994700
1057.352400
1117.602700
1116.628900
1179.615400
1081.904300
1166.985000
1191.991000
1047.322900
1175.649300
1144.782400
1156.240200
1158.875300
1099.085600
1182.437300
997.874900
1182.121400
1171.375400
1129.352500
1047.748000
1139.041000
1155.407400
1058.556900
1080.491300
1057.996600
1157.594900
1032.010900
1099.091700
1107.358700
1188.207500
1080.376000
1187.416000
1118.472600
1074.990600
1053.310900
1092.314400
1171.308600
995.609400
1222.672800
1040.414100
1116.479400
1186.721800
