794.563700
737.156800
776.381600
748.832000
807.834600
845.043000
782.946200
728.073800
774.397200
734.993600
780.448900
735.727000
763.451800
764.900900
748.646300
784.895900
790.737000
761.898800
750.664600
818.503800
758.338300
734.742300
769.340900
731.948700
778.615000
700.064200
745.737200
817.429800
736.336800
752.528800
788.681100
752.872100
804.810900
757.685100
721.720200
761.909000
727.724300
785.732300
776.817600
805.958000
822.838200
791.104000
750.344700
754.026100
702.719300
765.657700
809.395100
762.772400
769.959500
761.112000
774.443100
755.770600
785.773800
750.251700
706.868500
753.591200
792.665600
776.117500
714.274800
716.519600
781.416900
720.797300
725.117000
714.211800
758.770000
713.036400
740.672900
805.676400
847.887900
798.236300
762.150000
764.006700
697.159000
816.834500
792.558100
713.229000
711.414500
726.064600
762.427100
718.894600
745.568200
726.770000
717.907300
679.469300
683.874800
702.926600
785.621600
752.461300
779.103500
754.952800
654.045300
700.485800
729.040700
718.677500
743.299200
739.252400
759.589200
771.530500
711.718200
779.451700
766.759400
753.410800
771.562100
724.893100
780.078900
785.644900
802.792700
698.669500
759.577000
760.904800
714.747000
705.329100
711.078800
774.289400
795.934900
724.334800
765.612600
708.151200
692.047200
709.787500
799.992000
759.612900
724.656500
793.588700
716.698000
743.020300
703.315600
778.316900
753.170600
760.470400
754.179100
787.719100
780.386300
714.576100
721.385800
807.591200
792.406100
675.865500
706.865900
775.067600
858.399700
823.059900
730.028400
766.089200
737.322500
805.213800
678.125000
715.651300
714.687100
704.800300
771.175100
767.868300
735.964400
736.202200
709.721100
729.098300
749.193600
771.503700
703.221900
745.236400
705.491900
730.921100
798.008700
725.492300
721.784600
800.620500
758.960700
772.339400
724.368700
759.056900
701.754100
779.698800
802.221200
795.018500
673.321600
718.292300
785.740700
736.665000
656.981100
652.796300
814.303500
712.148500
746.766900
775.579300
639.017400
640.068400
722.812300
735.631200
671.256700
709.390100
648.675100
711.438500
761.457700
712.020200
696.007300
692.272000
628.714800
665.402200
703.529400
709.065000
711.169200
702.380200
695.009500
689.687500
653.476400
678.005100
732.720700
696.158200
765.466900
771.899300
751.210100
722.211600
697.882100
768.573200
750.821900
787.664200
777.632300
741.233500
702.793200
712.992600
697.394500
658.351100
695.502500
734.338000
666.442400
738.397600
689.209800
704.786700
738.595100
697.397000
712.922600
706.209000
788.726800
726.549500
650.896400
713.751800
704.959100
776.650400
674.062000
721.737600
800.683200
722.061600
732.778600
779.152200
698.512500
694.532400
693.761200
681.944500
724.621600
698.412800
747.937100
786.546500
686.605300
614.847100
759.221600
733.855700
757.195200
737.859900
718.264500
690.362800
695.554800
704.992800
737.969500
691.232400
734.854700
730.635000
718.203700
746.327700
759.510000
742.749300
741.765000
766.975100
781.849800
707.743800
811.250100
736.822000
760.643600
705.806500
803.381800
809.280300
643.162800
793.035800
644.064100
671.286900
675.492200
669.162400
785.498800
712.883000
741.225500
702.046500
776.824500
720.945700
728.067500
687.731100
722.687600
706.350700
712.430600
767.578600
760.638800
704.846100
759.301900
755.578400
788.252200
737.190800
645.563600
700.896400
720.349500
747.307200
755.066000
760.280200
775.366400
730.777500
743.987200
651.831100
734.164100
680.797700
719.890900
869.815400
732.519900
767.467000
714.356600
719.337100
695.781500
787.607200
708.983100
766.340900
743.670000
687.219200
699.742800
738.633500
710.584600
735.133900
702.172000
751.666700
768.414100
757.885300
708.910700
642.825900
698.671600
749.103600
712.252500
701.276400
781.509800
809.054000
777.606700
730.630600
674.976900
583.082500
625.355100
807.088100
791.681400
723.440500
684.170100
765.593800
695.468300
713.345900
685.575500
744.768800
645.398000
747.832900
777.699800
675.457500
754.332900
721.651300
723.398100
735.692000
695.322500
715.221600
720.120200
710.072900
685.794000
665.989900
718.969600
773.242900
678.994300
639.021000
683.529100
704.558100
720.293200
775.750100
773.019900
757.363700
736.348200
660.135800
753.990800
635.666600
716.285500
769.251800
774.629900
777.166500
772.576700
759.572700
798.388300
678.520000
704.083300
733.640300
830.537700
662.161800
760.076300
769.349000
758.220100
744.098500
735.265900
758.728700
749.914000
804.383700
736.351700
710.114000
717.672500
723.302900
711.050900
750.852300
711.768100
726.791800
716.564300
751.995200
702.778700
734.192300
746.169000
776.240200
731.059100
718.575400
731.972000
763.272600
704.093600
689.469600
762.839000
738.535600
755.589900
742.404500
697.899200
707.663800
703.802100
797.730200
781.316800
812.188100
703.146100
707.431500
804.693400
745.050200
676.632500
755.953600
818.481200
811.519000
715.427900
783.496800
792.778500
784.199400
729.055200
684.968200
733.036900
755.804100
671.525500
707.738500
680.447100
638.480400
768.164400
753.957900
761.389100
708.980200
733.213100
669.006800
754.057800
757.853500
828.622800
774.696700
763.909100
726.584300
752.607700
749.612500
713.656300
736.483500
702.410000
766.721600
791.647000
798.598500
808.077000
732.847500
739.836700
746.189500
723.406300
802.238200
680.638600
768.029600
743.934300
690.164300
704.551700
708.129300
764.282100
804.129300
765.679300
731.380300
744.796600
821.900000
714.865900
783.725200
731.631100
684.007500
729.574600
696.615900
