0.040879,1.483254,0.504823
0.017836,1.505471,0.460913
-0.002228,1.601462,0.466219
0.009418,1.576346,0.291188
0.036575,1.559195,0.208991
0.151761,1.480442,0.080238
0.212392,1.608217,0.157799
0.226886,1.660481,0.248991
0.389650,1.621529,0.031715
0.301688,1.500248,-0.012799
0.370711,1.424384,0.036674
0.400806,1.557622,0.104935
0.450473,1.702947,0.083614
0.454923,1.607640,-0.246639
0.376500,1.656593,-0.255761
0.278778,1.653506,-0.195267
0.228632,1.744571,-0.120937
0.093391,1.617369,-0.382449
0.198387,1.517846,-0.434549
0.177432,1.486034,-0.406331
0.172681,1.517794,-0.498620
0.209449,1.537823,-0.421405
0.191547,1.597037,-0.514999
0.208221,1.546575,-0.423573
0.325125,1.620353,-0.227408
0.314832,1.634198,-0.184123
0.305975,1.605044,-0.134973
0.254563,1.553161,-0.126931
0.164599,1.544419,-0.078143
-0.025332,1.708282,-0.033151
0.008639,1.609969,-0.036867
0.174327,1.439272,0.022293
0.261625,1.321467,0.043173
0.180188,1.301735,0.115233
0.155161,1.494176,0.312689
0.326335,1.596357,0.516913
0.367959,1.641236,0.639490
0.290385,1.492990,0.583412
0.333988,1.435683,0.586449
0.492746,1.296041,0.446646
0.374610,1.055606,0.611438
0.387434,1.066644,0.735344
0.487616,1.197167,0.763005
0.514063,1.368731,0.739019
0.519695,1.489846,0.752788
0.491709,1.572661,0.594193
0.617011,1.652175,0.465994
0.681773,1.720572,0.418163
0.658104,1.561890,0.484155
0.727387,1.599334,0.419357
0.774007,1.616952,0.385780
0.793355,1.620252,0.436950
0.843996,1.653261,0.398551
0.877957,1.657657,0.199471
0.922435,1.647403,0.126539
0.875637,1.672526,0.154407
0.819377,1.859041,0.115249
0.846326,1.790036,0.166977
0.847685,1.811367,0.258975
0.924900,1.754071,0.280149
0.887599,1.628065,0.175346
0.871072,1.646296,0.005034
0.843331,1.997502,-0.123104
0.796228,2.248151,-0.217142
0.762996,2.390299,-0.253676
0.818702,2.498034,-0.280889
0.652759,2.741882,-0.181282
0.601581,2.779093,-0.224813
0.419992,2.644274,-0.316655
0.439389,2.715937,-0.334485
0.356345,2.700174,-0.307250
0.211398,2.699113,-0.196285
0.181976,2.700745,-0.139673
0.194816,2.587615,-0.196487
0.241567,2.399061,-0.343582
0.228165,2.313713,-0.427323
0.113342,2.243836,-0.616525
0.165282,2.238121,-0.555926
0.161833,2.128699,-0.481113
0.235641,2.088194,-0.606317
0.200412,2.131248,-0.501213
0.130851,2.181788,-0.396648
0.228245,2.211547,-0.403727
0.218854,2.155943,-0.561144
0.278738,2.131787,-0.650809
0.442132,2.278174,-0.480568
0.398160,2.353651,-0.510387
0.472427,2.449136,-0.545105
0.488662,2.394366,-0.553175
0.365020,2.324249,-0.548936
0.301517,2.274438,-0.509301
0.250690,2.053685,-0.500071
0.284694,1.934422,-0.581934
0.062141,1.569338,-0.309849
0.268567,1.553027,-0.269817
0.281184,1.550192,-0.186237
0.371242,1.459611,-0.031761
0.213404,1.548088,-0.230322
0.245115,1.646250,-0.411526
0.319361,1.771421,-0.516039
0.442091,1.767886,-0.486548
0.556234,1.696671,-0.390543
0.604675,1.699031,-0.360990
0.536852,1.747868,-0.290496
0.567491,1.817396,-0.359819
0.424707,1.892304,-0.432949
0.376393,1.901472,-0.408986
0.354892,1.698526,-0.504130
0.417195,1.612015,-0.535309
0.398655,1.716076,-0.509667
0.340316,1.732409,-0.542897
0.352357,1.741199,-0.551250
0.300597,1.970220,-0.340235
0.196094,2.156901,-0.372375
0.241233,2.384979,-0.496317
0.319848,2.413426,-0.423194
0.419398,2.419538,-0.414609
0.606636,2.454881,-0.341155
0.756226,2.402277,-0.370024
0.725131,2.411661,-0.361894
0.595407,2.568339,-0.449497
0.620503,2.630999,-0.327664
0.499982,2.589725,-0.286260
0.288951,2.491273,-0.353765
0.283606,2.334613,-0.364721
0.267802,2.422402,-0.426044
0.241978,2.398103,-0.404057
0.210190,2.470878,-0.347701
0.298057,2.379143,-0.360736
0.339626,2.288949,-0.339045
0.433623,2.109779,-0.390214
0.447943,2.046369,-0.437823
0.382425,1.932574,-0.422296
0.288936,1.922389,-0.412205
0.299397,1.862542,-0.451754
-0.001003,1.996905,-0.305982
-0.192024,1.997717,-0.342317
-0.191547,1.966017,-0.343177
-0.391307,2.065009,-0.454785
-0.521225,2.058217,-0.546730
-0.581978,2.077226,-0.634233
-0.511169,2.237182,-0.601969
-0.468110,2.280218,-0.565150
-0.354012,2.299369,-0.517599
-0.201912,2.294356,-0.355368
-0.254793,2.383438,-0.233641
-0.247372,2.079975,-0.309044
-0.354601,2.044430,-0.397098
-0.391104,2.106506,-0.380288
-0.383752,2.135277,-0.322890
-0.347420,2.214696,-0.192847
-0.311687,2.210252,-0.133612
-0.283624,2.387684,-0.310182
-0.228328,2.262013,-0.220554
-0.210690,2.125512,-0.274520
-0.131301,2.092983,-0.531628
-0.032022,2.044582,-0.637860
-0.001419,2.050378,-0.776848
-0.037777,2.217711,-0.709467
-0.124430,2.227457,-0.613090
-0.036919,2.273960,-0.598330
-0.049753,2.321897,-0.514610
0.042961,2.421811,-0.529356
0.105669,2.368473,-0.490076
0.203576,2.322051,-0.517108
0.121529,2.303063,-0.527794
0.041484,2.370146,-0.448205
-0.016722,2.436275,-0.246673
-0.071487,2.431215,-0.254739
-0.077103,2.428528,-0.272956
-0.053351,2.117246,-0.026776
-0.123863,2.191931,-0.007101
-0.149695,2.237396,0.011212
0.035605,2.123170,-0.032238
0.006374,2.126964,-0.002656
0.014989,2.035416,-0.111941
0.086025,1.872697,-0.241213
0.170196,1.742459,-0.326173
0.280256,1.679742,-0.554361
0.293663,1.738421,-0.608621
0.207956,1.834673,-0.853777
0.159475,1.836476,-0.836660
0.274055,1.860496,-0.860662
0.264400,2.004759,-0.755899
0.292458,2.122046,-0.755272
0.305315,2.149498,-0.783347
0.275741,2.164361,-0.866432
0.089076,2.110743,-0.917807
0.075657,2.044057,-0.962709
0.058825,1.975480,-0.907300
0.043780,1.948939,-0.867123
0.092645,1.972568,-0.802194
0.045295,1.883275,-0.784888
0.038310,1.882927,-0.729494
-0.019026,1.960255,-0.655783
0.029831,1.948363,-0.724258
-0.000329,2.026962,-0.397301
0.071650,1.948970,-0.499541
0.184004,1.921577,-0.402313
0.161327,2.012051,-0.359490
0.243469,1.960129,-0.393868
0.055288,2.174750,-0.247073
-0.137188,2.315622,-0.227187
-0.156243,2.247357,-0.209915
-0.161353,2.320437,-0.059294
-0.142226,2.310355,-0.149137
0.009090,2.300170,-0.173782
0.083682,2.337742,-0.214034
0.032326,2.517689,-0.093389
-0.011065,2.655083,-0.084901
0.008841,2.705311,-0.056638
-0.035534,2.829778,-0.123836
0.042901,2.922805,-0.136059
0.128881,3.072704,-0.126211
0.109864,3.252412,-0.016146
0.102768,3.371971,0.267576
0.097600,3.446470,0.175620
0.096130,3.478499,0.150826
0.091957,3.420964,0.164050
0.166448,3.734496,0.199427
0.207395,3.886339,0.160826
0.323858,4.119092,0.188281
0.347529,4.134911,0.282415
0.334232,4.142196,0.249117
0.178318,4.250170,0.314734
0.349246,4.346985,0.327842
0.192291,4.200231,0.370874
0.212792,4.191358,0.167274
0.186237,4.023809,0.137461
0.051445,3.855022,0.152421
0.063828,3.797997,0.153652
0.123671,3.638244,0.181242
0.064076,3.634838,0.295004
0.162863,3.563423,0.414034
0.110960,3.551968,0.271689
0.106203,3.446515,0.189334
0.055237,3.364770,0.039439
0.200345,3.399257,-0.002222
0.226032,3.360499,0.046683
0.300042,3.403784,0.075900
0.496695,3.500104,0.104934
0.609809,3.528711,0.097803
0.622668,3.577763,0.083725
0.454571,3.375741,-0.017536
0.264077,3.239164,-0.084213
0.346485,3.422465,-0.165245
0.386469,3.478097,-0.261651
0.584999,3.385402,-0.179664
0.607936,3.345693,-0.181753
0.666363,3.272153,-0.227541
0.745063,3.235357,-0.294024
0.718155,3.007569,-0.295299
0.788862,3.064538,-0.379977
0.910099,2.988075,-0.145941
0.962677,3.049567,-0.115294
0.981293,3.089111,-0.113892
0.729667,3.201950,0.012235
0.749352,3.301721,-0.034973
0.769934,3.134383,-0.028227
0.829930,3.129984,-0.051575
0.670802,3.128742,-0.055808
0.702186,3.116640,-0.140739
0.813035,3.109641,-0.147139
0.768830,3.095760,-0.036685
0.724902,3.121401,0.071637
0.625151,3.144599,0.072793
0.649579,3.134237,-0.108783
0.678732,3.162068,-0.197787
0.573225,3.035681,-0.139826
0.441029,3.034346,-0.279149
0.356818,3.089134,-0.308219
0.327467,3.111137,-0.214765
0.309375,3.145959,-0.063088
0.328877,3.197356,-0.074032
0.425761,3.205294,-0.031563
0.404237,3.093125,-0.073585
0.257387,3.207491,-0.087417
0.280465,3.271853,-0.082008
0.327773,3.248468,0.083903
0.323847,3.206658,0.172613
0.385059,3.084375,0.232601
0.347290,3.206845,0.302723
0.340843,3.207415,0.200440
0.269840,3.220586,0.281412
0.259161,3.224664,0.299208
0.223516,3.230692,0.336186
0.287779,3.126916,0.499417
0.256772,2.947292,0.572580
0.250174,3.213305,0.528454
0.272286,3.601149,0.369553
0.410046,3.582952,0.500052
0.587568,3.681420,0.557317
0.644238,3.633890,0.598359
0.723489,3.610119,0.626657
0.719872,3.572033,0.592329
0.744153,3.658027,0.720830
0.767868,3.528447,0.612709
0.807868,3.508448,0.539088
0.536287,3.548264,0.594465
0.584544,3.624727,0.529945
0.608954,3.594321,0.541488
0.655147,3.593635,0.563354
0.734260,3.573669,0.355269
0.721925,3.685509,0.297174
0.656872,3.659920,0.285049
0.820471,3.861631,0.094435
0.872768,4.084481,-0.148658
0.836716,4.138706,-0.191810
0.961942,4.235097,-0.280417
0.790304,4.157386,-0.175087
0.732145,4.225592,-0.097317
0.663485,4.070822,0.084887
0.601879,4.028979,-0.007669
0.564827,3.929256,-0.055074
0.592257,4.048490,0.078306
0.608110,4.127203,0.204374
0.676141,4.165650,0.192662
0.726606,4.074481,0.156863
0.660481,4.273885,0.101255
0.476312,4.250031,0.070015
0.396906,4.153219,-0.017851
0.487265,4.158873,-0.048816
0.499261,4.279476,-0.059654
0.450200,4.285499,-0.041598
0.333135,4.255794,-0.005901
0.388293,4.210388,0.101025
0.383055,4.192733,0.095422
0.257821,4.408456,0.143806
0.132257,4.559424,0.279613
0.117114,4.713996,0.577670
0.177074,4.599344,0.336210
0.035146,4.560816,0.367002
0.034953,4.558306,0.289355
-0.013520,4.683463,0.282371
-0.008906,4.630141,0.259686
-0.028229,4.666945,0.227748
-0.061036,4.679296,0.213426
-0.046583,4.628637,0.198892
-0.098744,4.945058,0.204465
-0.112998,5.041051,0.202616
-0.118167,4.981402,0.090396
-0.107234,4.916726,0.106233
0.099909,4.894076,0.098101
0.156238,4.859874,0.105846
0.033313,4.954411,0.067732
0.041675,4.983696,0.064007
0.032302,5.047402,0.011550
0.060201,4.916050,0.072171
0.114603,4.855818,0.053115
0.234943,4.784857,-0.035440
0.416290,4.598647,-0.035395
0.565330,4.331562,0.126862
0.695984,4.307844,-0.014316
0.592342,4.203102,-0.032537
0.642802,4.209757,0.025652
0.811837,4.065877,0.063085
0.919081,3.943633,0.187800
0.972007,3.919118,0.249477
0.953685,4.014487,0.126916
1.100030,3.979220,0.146961
1.183203,3.860286,0.190070
1.099472,3.783324,0.126761
1.018538,3.793055,0.183984
0.906738,3.825902,0.293349
0.765257,3.736790,0.383693
0.649230,3.711434,0.394199
0.739171,3.711130,0.246797
0.769721,3.718232,0.190967
0.760472,3.827565,0.135340
0.783214,3.845796,0.053496
0.769469,3.807974,-0.026192
0.686597,3.841264,-0.045325
0.698729,3.882698,-0.107021
0.837687,3.846805,0.037999
0.945136,3.822572,0.083690
0.941099,3.927747,-0.064733
1.046752,3.853043,-0.260118
0.831902,3.926522,-0.309317
0.623097,3.979953,-0.369671
0.691749,3.917124,-0.460394
0.726156,4.189269,-0.497230
0.676695,4.062970,-0.737990
0.702617,4.021920,-0.592187
0.652306,3.962672,-0.476674
0.608290,3.962933,-0.351312
0.565101,3.807263,-0.171251
0.593768,3.770666,-0.201630
0.530438,3.785158,-0.054506
0.498601,3.760306,0.104321
0.532666,3.817566,0.124362
0.360552,3.717013,0.114430
0.476307,3.666595,0.080696
0.511234,3.665015,0.096424
0.301672,3.548852,0.090419
0.231868,3.501896,0.079218
0.191865,3.608637,0.068754
0.166200,3.646977,0.050015
0.251155,3.798594,-0.009371
0.206580,3.875061,-0.071131
0.271583,3.850342,-0.066620
0.306681,3.880717,-0.104493
0.252031,3.967222,-0.161072
0.396516,3.825161,-0.208104
0.361708,3.763014,-0.228569
0.353758,3.844682,-0.284505
0.462363,3.834526,-0.221104
0.498666,3.848464,-0.167828
0.688313,3.789734,-0.357016
0.911448,3.702754,-0.606171
0.977005,3.672122,-0.670553
0.946560,3.580202,-0.512445
0.922995,3.540688,-0.466913
0.842132,3.536703,-0.522301
0.821801,3.490141,-0.559384
0.890370,3.461954,-0.529924
0.866249,3.418575,-0.809967
0.774782,3.314485,-0.822943
0.752903,3.357216,-0.815208
0.713054,3.468439,-0.812131
0.714771,3.475549,-0.788202
0.769172,3.422130,-0.863536
0.765518,3.447792,-1.000589
0.730975,3.552272,-0.876804
0.674471,3.432627,-0.927302
0.684154,3.691343,-0.889839
0.563419,3.832925,-0.777617
0.433572,3.737020,-0.797308
0.355001,3.693398,-0.789737
0.292166,3.400205,-0.832874
0.178155,3.191660,-0.856117
0.289398,2.714473,-1.062310
0.270003,2.473548,-1.145912
0.245883,2.315936,-1.221814
0.213834,2.237985,-1.180625
0.124188,2.328784,-1.479592
0.140278,2.368254,-1.538754
0.361836,1.967433,-1.341553
0.424478,2.059008,-1.447588
0.466689,2.069533,-1.516157
0.356670,2.047328,-1.528128
0.312542,2.035358,-1.530374
0.196384,2.232011,-1.512518
0.206024,2.099177,-1.456417
0.235456,2.077493,-1.450312
0.206927,2.064981,-1.438421
0.133621,2.005064,-1.478358
0.131948,2.041103,-1.535164
0.168223,2.038147,-1.588913
0.148601,2.077750,-1.895781
0.165786,2.042449,-1.921754
0.162715,2.120165,-1.838228
0.258986,2.173537,-1.858532
0.332151,2.171227,-1.914648
0.274587,2.093277,-1.844514
0.436244,1.896348,-1.763885
0.474193,1.861748,-1.716096
0.449100,2.011755,-1.621682
0.509052,2.085100,-1.568506
0.596637,2.236711,-1.514965
0.695825,2.360720,-1.593449
0.823116,2.521824,-1.575202
0.777839,2.464330,-1.642755
0.729584,2.511397,-1.508937
0.640964,2.542917,-1.456216
0.539276,2.741306,-1.407139
0.461812,2.698649,-1.418754
0.327952,2.785326,-1.465719
0.381254,2.772007,-1.396325
0.431570,2.716172,-1.456794
0.365824,2.643608,-1.359302
0.302350,2.630145,-1.402464
0.286280,2.758126,-1.589002
0.237890,3.019730,-1.790085
0.180519,3.133084,-1.949185
0.098589,3.140742,-1.917881
0.079775,3.389364,-1.815412
0.025016,3.445616,-1.918170
-0.119281,3.432575,-2.089369
-0.173114,3.424485,-2.171316
-0.044086,3.392735,-1.972947
0.077027,3.253317,-2.029273
0.252419,3.164754,-2.018315
0.118772,3.136155,-2.079491
0.011953,3.087419,-2.160117
-0.012477,3.048569,-2.164868
0.002006,2.869834,-2.041411
0.187137,2.878550,-2.088170
0.082489,2.827464,-2.061864
-0.084893,2.807159,-1.993087
-0.058993,2.757399,-1.827217
-0.109164,2.775869,-1.762024
-0.088752,2.890200,-1.833202
-0.152410,2.656772,-2.090159
-0.025300,2.683176,-2.054289
-0.044968,2.606185,-2.043250
-0.031541,2.547858,-2.035678
0.110446,2.585795,-2.042827
0.103537,2.591164,-2.030376
-0.126797,2.698434,-2.049857
-0.013398,2.816740,-2.065118
