1048.541500
1124.352300
1103.371700
1196.195200
1112.604900
1135.656900
1130.075700
1078.387900
1167.647900
1161.580700
1204.882300
1158.422200
1061.431500
1092.766900
1184.280400
1136.761600
1186.211800
1180.855900
1189.920900
1108.349100
1118.458800
1131.845900
1130.943100
1169.375100
1167.418000
1158.391500
1169.510800
1177.526300
1161.779300
1186.179400
1168.269800
1200.198400
1088.071200
1143.891700
1207.138300
1193.088600
1243.912100
1185.053100
1207.431600
1200.361900
1195.359300
1137.207500
1149.082500
1143.143900
1222.038500
1168.836100
1113.828800
1110.748100
1138.059800
1179.010400
1103.344400
1114.892000
1108.014100
1117.762700
1127.545200
1102.500000
1138.752700
1163.477200
1148.411300
1121.147500
1066.750200
1107.506100
1146.361800
1153.587900
1158.466600
1098.112600
1200.287900
1087.168400
1215.598400
1183.860600
1116.922300
1130.312800
1249.950100
1170.850200
1149.236700
1113.655800
1191.012100
1225.702200
1210.475400
1178.980800
1165.609400
1165.343100
1263.513300
1093.570400
1112.001600
1149.334900
1139.582600
1086.115200
1100.290000
1049.903100
1122.081200
1141.217300
1144.103900
1142.673500
1126.447000
1198.020600
1155.054400
1097.577100
1123.658400
1148.950700
1098.535300
1200.401000
1126.578100
1017.570500
1130.447700
1185.887700
1222.953900
1098.594700
1105.446200
1113.004900
1127.020800
1097.795700
1103.886500
1157.209200
1122.173000
1156.468000
1093.438000
1155.474700
1153.675800
1105.245800
1109.479400
1131.318900
1190.127000
1227.686600
1060.171500
1137.283500
1171.623000
1172.559300
1204.455300
1103.187300
1190.282200
1205.127400
1195.359700
1163.799500
1174.735400
1179.473000
1167.433700
1107.553000
1174.427300
1135.733200
1199.074300
1159.492300
1185.402500
1114.410600
1079.063200
1081.775600
1185.515300
1196.487800
1157.925600
1142.704200
1163.462000
1079.587800
1086.934200
1241.037000
1019.893400
1190.603500
1251.068000
1153.242000
1105.203700
1118.157000
1072.472100
1199.419600
1128.750500
1147.615800
1095.534200
1143.760200
950.380100
1108.426400
1106.355900
1094.013800
1125.651700
1251.312000
1143.816800
1127.406000
1118.815900
1100.402200
1046.571800
1115.532800
1188.968900
1166.865400
1104.644800
1140.746600
1225.842300
1149.777000
1165.448600
1162.646300
1135.048800
1110.359100
1213.388100
1222.591900
1184.164400
1124.186700
1205.947700
1185.042900
1151.572600
1085.147300
1108.703400
1159.629100
1068.285700
1163.005800
1226.064000
1144.785000
1164.514300
1228.602200
1207.417400
1204.712100
1149.941100
1172.443800
1138.473600
1064.382100
1172.766400
1130.431000
1138.478000
1228.791800
1185.565300
1192.705300
1187.931800
1230.587900
1210.951400
1146.784100
1140.166700
1149.029800
1132.990000
1253.596900
1193.949100
1137.671400
1215.947600
1100.316000
1249.679600
1156.121300
1130.813800
1128.099600
1167.881400
1174.827400
1076.427300
1122.792000
1053.197400
1218.232300
1199.559200
1123.978000
1189.602600
1184.590400
1184.100200
1269.828200
1092.938800
1137.823800
1189.397500
1143.681300
1076.830400
1130.552300
1198.717900
1157.255500
1170.357700
1080.047200
1114.399900
1145.188200
1139.284700
1119.042700
1148.388500
1147.578400
1146.334600
1152.152000
1136.044300
1149.894000
1183.035100
1023.611200
1116.041600
1232.492700
1091.324000
1187.206800
1181.583200
1190.592900
959.810500
1126.629900
1098.007100
1158.141700
1201.853000
1229.944200
1133.644700
1067.189900
1134.579000
1172.576800
1148.971000
1211.909600
1165.906900
1184.319900
1209.185500
1147.091700
1116.246800
1136.836400
1148.816600
1114.172700
1182.784000
1138.762900
1289.197500
1262.673200
1195.609600
1177.716800
1234.637100
1191.845300
1149.558000
1131.434900
1176.010700
1189.479200
1106.055800
1097.875500
1129.928600
1157.108100
1172.814300
1203.476300
1150.233500
1207.574800
1151.332200
1243.963300
1173.109800
1134.282700
1140.465500
1105.850300
1175.004800
968.205100
1190.073300
1118.940500
1199.882700
1127.635700
1253.879800
1274.860300
1031.410600
1131.853400
1181.752800
1187.257400
1237.060300
1176.442900
1208.448200
1096.113100
1152.612600
1164.308600
1186.825100
1103.550300
1111.133200
1107.650600
1163.011200
1146.987800
1253.314600
1202.840400
1250.463200
1177.160500
1064.508500
1123.354400
1217.219500
1290.923800
1127.800800
1068.521700
1114.474000
1101.656200
1139.003400
1122.835800
1109.695500
1134.068800
1130.369200
1015.660600
1049.329700
1226.410100
1201.002500
1163.507600
1114.067600
1166.985700
1176.657500
1093.414100
1210.328900
1116.460000
1221.747200
1084.629000
1188.880100
1214.179100
1269.181000
1212.421200
1048.146300
1300.430500
1157.670000
1272.920600
1214.376000
1349.417700
1045.037800
1242.445800
1251.826700
1276.384600
1284.437100
1266.356300
1211.989900
981.094000
1181.035300
1154.732300
1174.325400
1121.068300
1252.157800
1171.160700
1237.604800
1244.482600
1164.960500
956.431600
1096.940400
1122.877100
1200.329000
1240.720400
1264.213400
1155.827100
1145.937700
1237.970900
1198.035900
1217.038200
1243.425200
1196.817900
1296.413700
1196.180100
1295.389800
1315.267200
1125.025300
1190.761500
1177.880400
1062.190500
1101.774800
1236.843100
1205.639300
1057.352700
1109.098500
1048.553200
1279.011400
1191.838300
1181.184500
1087.788600
1195.197300
1101.876900
1150.015500
1195.866800
1228.792700
1184.535100
1150.000500
1251.748500
1243.751700
1297.403700
1063.218600
1164.856500
1221.818100
1122.257400
1211.178600
1156.501500
1197.271500
1112.639100
1148.102000
1075.014000
1179.425900
1271.601700
1206.393700
1205.940300
1171.913300
1186.623000
1292.602500
1082.888500
1252.952100
1187.132000
1166.445100
1158.530900
1068.928400
1090.863600
1074.233000
1224.634600
1177.566700
1145.964800
1094.845000
1073.414800
1211.775000
1165.666000
1166.361300
1156.599600
1009.536500
1099.385700
1254.368100
1231.477500
1166.576300
1165.279000
1210.862000
1116.373700
1201.289500
1125.826900
1200.567000
1155.611100
1098.920200
1171.421300
1120.578500
1121.258800
1195.095500
1155.781400
956.847600
1170.186300
1239.213800
1167.255600
1140.092900
1126.665100
1286.835000
1034.871800
