718.826500
694.343100
770.077100
673.435900
658.791800
708.764600
702.084300
703.455700
712.977200
627.657600
727.294900
703.092100
691.006300
692.228000
705.027800
682.367900
671.148000
708.131700
666.676300
617.488400
671.560900
665.974400
668.680100
710.912300
682.656100
667.146000
660.117200
681.127300
681.199000
697.441200
720.189100
732.919200
753.571000
752.208800
653.858900
710.136900
726.912400
740.297200
716.149200
733.175600
762.630600
731.176500
673.117500
703.055200
737.864400
728.753000
707.157200
635.347600
633.341600
626.536300
746.046400
719.194100
697.856700
749.435000
728.540800
699.749500
706.366800
707.726700
678.914200
703.120600
672.247100
716.717600
618.586400
707.189800
683.753600
642.137300
754.223700
717.661000
677.877000
717.732100
716.019900
699.395700
688.018200
676.249400
757.389400
702.595700
663.426100
677.312700
682.982300
653.697200
719.620200
716.566000
651.142600
651.007000
659.524800
735.255000
711.407800
714.068300
715.888500
777.605900
781.383500
675.177500
743.633700
667.786400
688.791000
738.913400
691.850800
724.209600
678.227900
744.086500
770.825000
676.798900
680.956300
724.144800
691.989400
746.507600
669.294300
631.194000
650.910600
651.241500
657.047300
671.241000
678.571000
671.835800
639.714300
736.574800
752.255000
735.177800
670.997500
716.702600
689.272500
712.472400
757.460100
665.917800
658.174700
658.408400
689.108500
659.406000
671.582500
676.787700
742.979500
738.645000
702.885100
665.809500
716.322200
715.834100
708.657800
690.998400
690.222400
726.595300
703.042500
688.891300
679.572300
684.403900
686.808400
680.466000
670.368700
723.507200
710.456700
729.121500
680.435800
694.313100
721.867300
751.400300
730.720600
636.777400
688.290900
733.131400
730.421900
717.289200
751.746000
698.973600
706.891300
718.443400
753.035100
700.203500
735.536600
704.175800
676.565300
736.937700
741.040100
719.863900
765.638900
727.391300
738.270400
694.186700
732.290700
699.825200
621.742700
728.858900
677.273000
689.937300
726.132300
739.823800
707.323200
672.782600
665.823300
664.051000
710.616700
646.139000
761.345900
755.646400
782.029000
750.165800
740.477200
791.911900
636.964700
740.824100
662.522400
674.194300
768.147300
684.943300
697.000200
724.457400
712.106400
738.628200
677.910300
728.100100
755.186300
743.490500
775.345200
782.365600
782.387500
703.528400
744.817200
755.376200
696.254000
710.655500
714.899700
717.028700
700.494700
735.075200
772.461500
693.008500
761.436200
719.954900
666.085100
705.750500
732.354700
722.971600
743.748700
727.740900
700.708900
756.174000
705.320600
678.685300
719.942300
649.662300
674.797500
631.651000
709.926400
660.569700
694.398200
757.784100
748.990700
602.171600
693.520600
681.918200
752.892000
677.447500
707.557300
654.990500
722.010400
729.099200
719.995800
743.408600
693.961900
717.629700
724.636500
679.074400
668.054400
709.837200
682.997700
743.152400
699.924700
715.242900
713.272600
699.489700
668.832700
767.933700
742.624700
615.893600
622.740700
637.631100
621.290700
772.215200
699.497900
724.774200
650.469100
708.373100
674.631200
681.706900
747.723500
716.405800
674.741600
708.306200
658.058200
744.309700
760.952800
669.630800
693.522900
696.429400
724.146200
657.844200
702.753800
666.793300
666.947800
697.562200
739.702700
722.395100
720.493500
703.991100
713.507800
702.115200
648.371700
658.499700
714.832700
705.433000
635.027400
660.448200
719.918100
639.026200
741.275900
684.404200
680.918000
643.742200
696.332500
716.961900
637.939600
729.567700
735.072300
719.422400
690.163500
700.799000
640.060500
654.733500
708.007000
715.463100
632.363700
706.291500
609.188000
704.478200
729.467500
699.195600
706.115000
672.574600
647.298700
675.748600
674.352100
728.032500
735.114800
744.865500
709.208100
719.865800
587.422000
650.113700
709.279000
738.255700
705.812900
672.165600
696.332700
657.173800
732.965800
691.310200
708.963700
700.451400
702.382800
646.325100
654.090700
644.455800
648.559000
626.935500
609.454500
629.252300
679.294200
671.866000
598.192100
642.698700
709.371100
618.948700
659.011300
629.381800
619.307500
740.354200
729.941600
682.930900
706.077400
722.992700
600.784200
690.688700
708.224700
723.632000
688.099800
642.064600
665.028300
637.665800
608.082900
711.591100
695.291500
711.358000
717.932900
636.406500
640.897500
645.637500
577.729500
670.265700
653.511200
697.071400
660.454400
625.816000
628.363900
630.994400
641.905300
719.072300
725.408300
647.528300
699.747000
707.295400
725.681200
709.795000
673.465700
702.109800
693.062700
632.454800
637.930400
623.654600
607.655200
648.080100
723.067000
725.310200
724.000800
689.523500
616.576600
615.619900
684.060700
732.818100
706.295900
657.533400
682.481600
696.044100
702.342400
632.265800
690.511600
700.758500
659.847500
700.204800
691.552200
619.799100
623.684200
719.582900
691.876600
733.005800
650.354300
681.361200
666.557100
681.574400
668.673000
684.136900
688.041800
707.958200
739.111900
639.247200
694.763600
734.730300
661.959500
694.163200
626.785500
663.517500
692.162200
601.842200
713.966000
640.852600
581.274900
686.954300
646.626300
730.176900
625.684400
686.071500
671.490600
665.937900
690.648200
762.738700
694.380300
681.905100
684.682900
599.807900
590.911700
573.191700
597.516000
595.707000
676.281300
693.279800
658.704700
684.910400
666.847800
717.958000
667.000900
648.415800
668.082300
613.961900
684.738500
568.098300
697.439500
699.330000
670.498800
729.954700
737.052300
656.317900
660.380000
686.188400
