1199.236200
1134.528300
1136.485900
1115.050400
1163.179200
1241.677900
1188.298100
1097.742700
1140.592600
1103.471900
1187.097500
1091.604200
1149.076600
1121.060400
1112.304100
1149.599900
1177.685100
1124.111800
1146.883100
1235.350800
1117.327100
1073.381200
1156.921300
1074.056800
1177.721600
1028.883800
1095.041900
1241.178100
1106.349300
1146.832100
1194.053000
1106.609000
1194.181200
1148.831300
1083.196400
1161.900200
1103.303800
1198.747400
1175.997800
1225.446300
1266.843200
1203.885700
1115.452600
1173.765100
1084.238200
1155.851100
1206.229800
1175.305100
1171.748200
1155.991900
1157.352500
1144.710900
1217.583800
1148.093600
1080.807900
1119.523600
1211.191400
1187.357300
1093.834100
1065.980300
1153.570900
1098.915500
1108.833400
1070.447400
1157.883900
1091.195100
1112.529500
1214.157700
1271.623600
1211.694600
1144.030900
1139.245500
1054.946400
1244.299500
1148.759600
1047.275800
1061.266600
1056.490000
1158.329300
1087.833800
1125.354100
1096.177600
1097.349800
1067.752800
1062.864300
1089.198000
1196.152000
1120.676600
1168.371200
1162.664800
998.763100
1053.052200
1098.892800
1072.355800
1100.704000
1089.628300
1123.760800
1165.345800
1060.182400
1142.532900
1150.119300
1116.393900
1168.802800
1103.638500
1201.224700
1197.265500
1224.685300
1065.686600
1167.889300
1144.991400
1075.619700
1051.234300
1113.780000
1154.039000
1177.119300
1134.960600
1162.020700
1084.214300
1061.979600
1101.794000
1234.999900
1141.634500
1093.396400
1202.856400
1109.754700
1148.955300
1099.512200
1180.718800
1140.151900
1193.818400
1137.709500
1165.796500
1164.647500
1107.095300
1099.149400
1231.753000
1219.228700
1041.986400
1099.627500
1195.207600
1237.318900
1281.942500
1174.968200
1190.524300
1144.623900
1245.395700
1075.904100
1088.971300
1086.237200
1092.213000
1203.395500
1198.132000
1183.496700
1166.565300
1118.552600
1153.828800
1159.570100
1222.729700
1104.007100
1175.364300
1077.459500
1116.509500
1219.923500
1124.421800
1157.777600
1209.463300
1190.721000
1204.333000
1124.541200
1155.680300
1053.851500
1221.511000
1221.722600
1180.940900
1083.724300
1130.234800
1241.093700
1149.065100
1050.328700
1041.977500
1263.275200
1131.650900
1165.065300
1191.134500
1019.246200
1009.329500
1128.077900
1135.915400
1036.771500
1062.358200
1031.126300
1133.761300
1178.332900
1118.219800
1115.895700
1101.634700
1002.747900
1051.505800
1121.670700
1090.725500
1111.474700
1070.973100
1084.215500
1037.893000
1034.816300
1056.709500
1124.634400
1083.313500
1213.614200
1184.915600
1196.169800
1091.176000
1062.447200
1220.400700
1175.272500
1211.503500
1205.256600
1181.233700
1088.337300
1079.531700
1078.426600
1038.179200
1078.279100
1106.746400
1066.844600
1171.121200
1052.110600
1051.990000
1093.706500
1025.442500
1053.278000
1135.203300
1200.547800
1097.502300
1003.613900
1060.921800
1042.564700
1158.345200
1029.816300
1105.810600
1167.226000
1152.686000
1143.056000
1237.284500
1102.508100
1088.689800
1090.933900
1080.435600
1155.531100
1072.356100
1171.811300
1197.425100
1073.813600
990.417200
1180.649700
1150.160300
1188.363100
1127.245400
1106.940200
1068.663700
1092.726200
1102.276900
1196.867200
1076.772600
1147.521100
1155.519200
1158.846100
1248.153100
1205.423300
1184.014800
1142.552300
1236.557100
1169.489700
1074.009000
1233.412000
1190.604000
1187.929000
1068.399000
1233.747100
1272.001600
982.312000
1268.006900
1019.612100
1055.049800
1058.373400
1024.821500
1216.319900
1077.188500
1160.445500
1070.564400
1229.419700
1074.591200
1136.584000
1098.227200
1102.917500
1084.286000
1087.648800
1213.325200
1166.063200
1041.727600
1183.535700
1188.922900
1260.378600
1206.281400
971.307400
1118.237300
1184.344600
1251.671400
1170.289100
1198.262500
1224.810000
1198.704400
1127.198200
1045.951100
1132.230100
1066.190600
1097.362600
1290.893900
1154.498200
1219.821500
1073.260800
1123.314300
1102.462700
1210.923900
1099.969100
1192.072600
1141.368800
1083.647500
1092.704300
1187.445300
1135.357700
1144.208400
1109.918600
1149.344800
1189.087600
1179.200400
1096.695100
1036.472700
1063.005600
1142.292700
1073.872400
1078.038200
1232.610100
1219.038700
1254.794600
1211.889600
1047.190000
930.693700
966.824000
1270.461500
1317.241200
1140.897900
1067.622500
1211.842400
1094.758000
1101.996500
1060.684300
1137.400500
1020.436000
1199.111300
1267.599600
1068.151000
1174.178500
1138.557000
1197.628000
1205.734800
1107.204700
1121.421600
1143.448400
1127.059600
1064.018700
1071.778500
1124.845000
1219.845100
1030.556100
960.598600
1028.214600
1165.513400
1137.006200
1136.591500
1202.759900
1142.800100
1079.220800
1001.119200
1188.684600
1012.497700
1129.749900
1192.826900
1175.967400
1202.111300
1169.380200
1143.358700
1218.193600
1047.748800
1043.776700
1115.013800
1260.691900
1026.025200
1174.574500
1191.080700
1166.268700
1113.660200
1104.200500
1142.888100
1170.406200
1206.646900
1101.336700
1075.285300
1105.421300
1090.133700
1047.567300
1116.819800
1149.177800
1131.987500
1089.814800
1146.549100
1066.556800
1111.429200
1124.733000
1152.963600
1147.956500
1102.850100
1104.659300
1186.427700
1074.958100
1092.128800
1180.878700
1081.176300
1122.252300
1137.233100
1054.320100
1061.501000
1076.293000
1187.400600
1176.213900
1225.302600
1066.494800
1063.943900
1223.584500
1137.966400
1059.158200
1166.541100
1258.724700
1196.260800
1113.726300
1195.899300
1206.195200
1194.605600
1126.389400
1040.673200
1099.365700
1140.792800
1017.152800
1091.259400
1049.744300
1004.255200
1214.052700
1130.252800
1161.208600
1099.706600
1098.240000
1028.305300
1141.560700
1126.931600
1254.302900
1210.203100
1170.987500
1090.495300
1079.067800
1124.834800
1040.572800
1149.362800
1032.050400
1141.106000
1187.339800
1236.082400
1189.804700
1073.878400
1094.772600
1135.949300
1120.005700
1223.269700
1059.038500
1181.338700
1154.516400
1094.157900
1103.178100
1096.832900
1214.478200
1245.981700
1159.124800
1075.381500
1138.020200
1265.409200
1112.578300
1173.495400
1115.500800
1034.682500
1130.351800
1044.549700
