735.534400
781.844000
854.824200
809.941000
795.107700
754.104200
735.433600
733.495500
779.237800
694.593200
781.974500
797.253800
746.792900
760.502800
762.130400
809.429400
785.102000
817.956700
834.920400
769.739200
754.307700
800.520100
775.154200
772.786100
732.581200
750.839300
761.326000
767.095900
696.646800
742.802000
786.562400
785.951900
823.575800
805.702500
782.785900
834.884800
780.492500
737.701900
832.357000
788.837000
753.664300
861.062100
798.699700
785.785300
806.303100
824.855500
787.567600
791.588900
752.580800
788.144300
761.340500
788.183800
754.388200
853.358600
810.188400
816.766500
783.653200
821.000600
858.891400
750.001300
822.142100
761.878900
808.865200
799.685300
863.076900
819.772300
832.060000
840.995000
816.114700
739.327000
785.044300
832.379900
780.632100
815.710400
832.217200
787.975100
780.393300
877.114700
879.749800
815.011000
869.370100
707.939500
771.403000
784.529700
828.337200
786.790100
775.810900
767.009300
763.247800
771.527400
812.606600
826.132300
844.391400
832.559800
799.086700
809.471000
779.628800
731.685400
805.667400
742.881700
734.730900
750.522400
801.587300
771.808600
806.175300
844.418500
752.244000
832.029300
766.532400
784.734200
745.567100
805.608500
734.931300
812.111500
867.905500
800.629300
758.645200
771.752000
894.015600
810.448100
816.622900
788.661200
721.604500
776.878000
794.773900
793.210700
787.900800
816.718100
749.185700
782.723300
811.519800
759.161800
844.125600
775.195200
822.766000
750.448300
776.373200
845.423500
774.655200
823.793900
812.835100
814.768100
728.054400
801.027900
781.840900
748.755700
801.193900
811.461700
854.449600
783.113400
752.803100
725.630600
827.992700
760.754500
753.597300
770.420100
745.827300
724.653600
783.218200
747.276000
750.652900
724.578800
748.798900
767.462300
768.722000
751.679000
824.303600
832.817700
740.934500
774.982100
770.868100
782.158500
787.056500
798.141300
799.085600
751.363500
751.693400
811.393300
815.232100
780.544800
793.166600
734.925000
811.369900
834.787500
787.532600
770.093000
807.875700
788.329600
786.789100
807.380300
822.573500
818.244500
764.444000
747.124900
792.474500
704.008700
781.854300
746.040700
752.184400
766.920300
738.323700
738.221600
746.572500
798.726800
830.920100
770.667100
753.160100
733.701100
742.533900
791.159200
700.691400
759.691300
715.188000
762.080200
754.978500
773.463600
700.388300
720.041700
794.507400
777.221400
747.103000
781.803500
792.257000
821.154800
784.161600
738.576500
822.858400
818.887900
705.492700
704.559800
705.726800
764.677500
754.891000
751.224700
730.375200
800.984200
808.163800
752.163600
786.007500
813.667100
782.329700
755.297900
774.115700
751.752200
716.110600
764.304300
756.725500
1862.325600
902.361600
742.294700
926.615200
884.989300
789.049500
747.545000
748.899500
789.888300
719.542800
756.416000
770.766600
774.182000
754.271900
755.777400
767.360600
758.871300
754.629700
815.367000
656.766100
740.303100
749.560700
767.736700
727.378100
781.382000
764.056800
743.383600
749.195700
764.986600
799.955500
744.536500
763.782200
758.120300
754.868500
832.721600
776.756700
804.612400
798.355700
771.582100
764.281700
769.203900
803.371700
802.962200
797.655500
746.757800
760.505300
739.965700
768.968700
719.237600
792.045000
868.567600
792.431500
829.652700
839.567600
739.581700
725.922600
732.189700
810.158800
731.678100
734.591100
757.002100
741.424800
797.706700
770.102900
714.762300
742.148000
741.743200
752.423200
749.310000
763.258900
728.545400
724.043100
818.948000
763.763400
763.703600
766.247500
773.712300
786.408400
783.480100
771.451600
726.234200
797.519600
752.325400
771.821300
747.817100
764.503800
753.822000
781.878600
798.265300
759.413700
805.807900
826.120100
737.257200
846.594500
719.189700
838.139300
836.871500
829.579900
797.651900
795.223300
707.541600
708.941200
735.636000
786.364900
746.487600
709.755800
775.030100
793.542900
794.144700
778.504500
691.003700
713.623100
678.912700
739.132900
760.835700
751.146100
738.380300
817.722700
817.086600
831.445100
771.808400
782.504800
743.695500
811.939200
721.687800
711.457700
768.235800
756.551400
739.328200
690.096500
821.374100
821.516500
865.398500
869.900800
685.584400
701.403600
728.723800
759.823400
735.772700
743.749900
790.989200
843.698200
681.308400
759.275700
775.840200
806.562800
802.405600
678.188500
811.733200
857.239400
758.945400
683.991100
803.431500
869.024600
739.115600
781.181600
850.623900
723.471000
773.250200
793.615900
759.062700
845.858400
747.180700
757.174100
704.476300
759.859200
698.066200
707.436700
800.335900
816.903900
718.241200
713.010300
781.787400
745.538400
736.458400
783.693700
721.774400
763.457400
798.061500
734.214800
843.626600
818.504200
779.304600
784.282200
763.235200
818.594600
710.855000
728.254200
681.924300
815.678600
824.206000
748.155900
702.988100
656.573100
818.676400
763.828200
816.322200
745.017900
813.133100
772.006800
744.633200
694.547000
706.947100
782.858800
892.207300
818.388100
796.599500
775.372600
848.931300
705.009900
838.917500
771.114000
728.174400
739.289600
759.630800
779.811000
738.708800
813.231500
811.383600
712.210200
805.527900
773.819300
792.824100
801.122900
755.491800
801.672400
657.247500
790.472600
802.785600
761.716200
725.742500
776.696200
803.812800
726.361300
742.971800
733.144600
825.530300
707.098900
745.779700
761.982500
817.354800
765.662100
823.910100
756.210000
720.395200
734.966700
754.994700
804.530700
671.751000
849.052800
738.598700
781.218300
834.330900
