1462.763300
1379.230300
1535.474300
1339.605800
1337.977300
1423.348100
1400.552700
1412.454000
1408.007900
1211.411400
1462.679100
1397.744800
1385.967300
1385.995400
1396.654300
1378.057700
1344.659800
1433.141900
1348.917500
1225.158800
1328.404500
1350.891500
1331.952000
1396.727700
1376.365800
1323.210500
1308.829200
1359.661600
1378.499100
1403.299000
1474.905900
1492.645800
1503.402900
1469.491800
1253.897400
1438.732500
1450.495600
1495.061800
1455.181900
1430.482300
1479.843900
1421.963900
1292.214400
1369.770100
1460.883900
1406.874200
1422.524500
1238.535600
1230.612500
1227.584500
1496.792200
1456.655500
1427.479800
1503.962300
1478.645900
1412.867300
1420.947500
1417.035100
1344.022500
1409.637400
1338.514600
1454.961400
1270.348000
1374.967600
1394.274100
1281.284900
1406.971700
1398.624900
1343.086600
1418.123200
1468.827500
1427.360000
1371.758300
1392.709900
1564.146000
1407.979600
1330.764700
1357.170800
1419.846200
1362.860800
1477.645600
1450.201500
1302.816900
1360.204800
1382.577800
1526.486000
1507.536900
1511.936900
1503.544300
1562.658100
1547.287300
1422.187200
1500.109100
1341.672600
1424.823500
1503.162100
1454.430700
1508.710700
1385.655600
1532.266500
1627.364400
1368.913900
1418.919700
1514.231700
1437.997300
1508.692100
1444.580500
1327.236600
1317.853300
1322.824600
1355.740100
1446.085100
1412.780700
1366.981400
1324.119700
1498.621500
1486.970700
1449.250700
1357.579300
1478.814100
1400.153900
1504.406100
1591.604000
1321.136100
1317.406500
1349.394300
1407.643000
1349.009200
1361.532900
1388.143300
1508.508600
1494.037700
1430.168000
1397.909400
1467.731900
1490.051100
1460.664900
1426.774800
1405.044400
1459.785100
1434.194400
1359.731600
1362.054500
1410.317400
1368.024200
1422.662200
1392.256800
1386.320500
1422.263400
1502.622900
1398.570900
1433.521000
1504.691100
1531.895500
1496.708100
1305.187800
1405.404800
1473.838400
1500.892800
1407.133400
1530.627400
1421.684300
1452.586600
1473.643500
1498.560100
1407.157600
1496.594800
1448.642600
1396.062900
1539.432200
1541.148100
1484.392200
1573.983400
1473.748800
1559.850700
1449.662200
1478.022000
1458.180300
1299.338400
1489.874200
1413.861500
1425.624200
1508.854300
1561.426200
1457.195900
1375.534200
1362.982700
1378.103900
1458.440300
1286.153800
1520.893000
1514.292700
1588.822500
1532.748400
1535.066100
1581.531200
1280.369200
1495.572000
1358.488500
1358.832900
1547.808300
1394.432100
1402.728800
1435.007300
1440.304200
1516.177300
1383.092400
1445.118900
1588.457700
1529.546900
1544.747500
1586.047300
1564.719700
1418.953900
1509.732300
1547.609400
1438.353400
1407.956700
1474.388400
1451.420300
1433.152100
1545.707000
1557.314500
1391.454700
1563.090600
1473.315100
1382.422500
1469.259300
1544.573000
1512.758200
1560.098700
1483.398700
1460.448700
1560.050200
1464.009700
1386.810400
1471.532600
1326.896600
1363.550700
1334.871500
1456.580100
1385.945000
1450.045600
1563.366500
1521.943900
1294.152300
1481.368100
1358.840000
1569.054300
1446.519700
1412.236300
1361.023300
1474.574400
1520.774600
1484.340700
1530.459300
1400.569000
1474.853100
1453.519300
1406.820700
1369.124900
1445.474400
1413.454900
1531.626900
1462.459200
1462.899100
1463.665600
1460.146800
1333.158200
1567.699200
1505.459400
1268.804700
1256.870700
1253.236300
1303.991800
1586.840800
1403.898100
1476.206800
1336.850000
1446.879100
1388.416400
1406.066300
1518.212000
1485.058800
1402.206800
1449.489700
1409.665700
1555.728500
1567.664500
1431.038700
1440.331100
1425.272700
1460.932200
1331.837100
1453.372300
1384.347200
1360.787700
1460.417800
1501.389500
1478.412000
1525.861000
1446.895200
1477.836700
1431.998500
1381.103800
1394.009700
1434.021700
1425.786300
1319.479200
1381.546300
1522.907000
1309.061000
1579.125000
1427.818400
1407.406000
1335.160200
1468.934900
1447.587700
1314.870000
1550.857600
1505.689600
1445.898100
1449.182000
1455.859500
1353.316000
1411.812800
1465.646200
1506.306600
1307.537100
1430.299200
1286.179000
1476.407700
1536.369700
1480.644400
1537.080300
1411.642300
1361.791500
1417.075200
1392.183200
1549.502700
1547.083700
1526.183400
1509.286900
1470.194200
1305.985800
1342.108200
1499.097400
1563.407400
1486.312100
1436.387900
1481.420100
1413.447700
1514.805100
1497.319100
1520.584100
1505.192800
1495.718800
1419.075600
1371.012400
1376.974000
1398.263100
1364.374200
1310.793100
1316.435000
1416.378200
1414.999400
1251.090200
1385.791200
1473.531600
1303.859200
1365.542800
1346.043200
1349.527300
1551.101200
1525.574000
1459.104500
1469.839800
1503.729900
1297.479500
1487.312500
1454.680800
1495.264400
1479.570900
1417.357700
1438.805500
1344.132100
1342.063200
1456.329700
1458.765700
1444.342500
1499.877100
1350.157500
1345.670400
1374.989700
1244.583800
1390.975600
1389.819000
1471.954100
1418.024900
1333.239900
1370.793600
1361.110500
1368.992600
1511.751700
1505.253400
1363.441900
1449.965800
1465.154100
1510.315600
1473.427600
1403.859700
1464.649800
1462.612500
1350.778700
1376.502800
1333.598000
1322.496200
1388.860300
1558.017300
1547.475600
1518.520800
1491.390300
1287.337800
1327.930200
1421.870300
1580.086000
1470.362200
1407.607600
1397.841900
1428.806300
1450.876800
1321.153000
1433.299400
1452.369300
1423.534200
1466.318000
1411.559700
1300.132900
1300.664200
1477.659400
1390.289900
1461.372700
1366.115800
1394.703800
1427.150100
1436.066400
1438.883900
1412.734400
1450.585000
1487.140800
1547.575500
1332.945200
1455.470500
1512.777000
1387.256600
1467.628500
1314.872800
1392.295100
1448.034500
1244.066500
1497.700900
1323.946200
1219.221500
1403.933500
1415.510100
1553.216700
1347.499400
1432.781100
1399.794600
1423.086200
1424.403800
1592.196100
1501.041900
1455.015500
1439.742500
1279.277800
1289.695100
1227.346500
1288.914500
1301.939700
1417.673800
1445.783200
1375.036200
1472.498200
1422.740700
1523.398000
1400.317800
1373.508700
1396.003400
1357.070600
1416.551700
1229.890200
1432.511900
1429.579500
1434.452500
1505.675200
1521.991400
1419.876500
1412.764900
1435.222600
