439.592400
410.919300
491.731200
410.301100
418.687300
434.654500
426.490100
416.966000
424.105800
367.630400
443.738200
407.113000
409.745900
409.785100
414.976400
404.871800
397.668900
427.695600
400.359500
366.618800
394.966200
407.218400
414.071100
438.245500
409.843100
394.780100
391.302000
412.259800
420.309700
412.016400
437.491700
450.322700
458.416400
458.032800
384.069400
439.932400
444.765800
446.050900
438.032900
442.843900
453.157100
439.482600
409.039500
421.940800
441.726400
435.472600
430.137600
392.640900
392.268300
384.882200
450.943100
436.820600
435.656000
448.145000
450.628400
425.293000
434.364400
430.158200
406.467800
419.368100
400.767600
443.982600
383.899700
418.654500
415.586600
373.351600
432.850400
420.869200
401.588400
430.470800
437.271700
423.961900
406.902200
417.857600
462.162900
431.071200
404.077500
421.755600
409.171400
402.210500
433.244600
439.341600
383.497500
392.047400
403.755500
451.167100
455.198500
426.506600
436.929800
459.961500
461.724600
405.731400
433.996800
401.236800
416.200500
456.441100
427.674600
449.470300
422.110300
466.498000
461.873100
398.636200
411.331200
465.787500
420.081800
458.873800
426.103200
380.068300
390.806800
392.604000
407.922300
423.754000
402.752200
406.946000
390.417200
436.934000
433.083700
428.842400
398.981000
443.520600
414.982600
436.409100
464.025300
402.679300
403.024500
403.927800
424.953300
410.120200
407.966700
430.213000
453.060500
456.441000
425.125000
402.866400
452.777900
442.750600
436.813600
424.833400
422.583900
438.765600
427.043700
404.280400
405.562800
407.430600
404.653900
418.440000
410.990300
408.464500
444.736600
444.551700
407.067500
421.564000
436.425900
444.710100
435.509900
391.392000
420.300300
442.881500
440.393500
419.067100
457.764100
420.263300
436.413000
426.772900
444.135500
411.496800
444.947500
432.681900
417.761200
455.804600
448.839100
427.092700
480.338100
433.797900
444.217700
420.482900
443.427900
420.912200
376.388700
437.470300
411.074500
419.336100
436.072700
462.645600
431.377200
404.743500
410.873600
427.442100
429.924200
396.928700
450.459700
444.001100
471.610000
449.028300
446.609100
470.646900
383.651300
451.442100
397.460800
403.432400
469.323600
411.945000
415.895700
426.751400
424.394400
447.030700
415.736600
440.379200
462.192900
467.968600
469.090000
464.801700
468.763000
419.397600
451.942700
453.948700
425.699300
431.708700
426.892000
416.384400
419.094500
449.068300
455.845100
415.739100
462.888000
430.170000
408.265300
434.404700
446.322400
437.095400
448.615500
435.127300
429.296600
458.641800
420.439000
407.468900
447.226200
407.303300
415.862600
399.655100
439.135600
414.650900
426.249000
446.990400
449.762100
379.395200
424.053600
409.323800
452.862300
409.647800
403.372800
394.870500
419.265200
445.500800
445.389000
446.754400
419.324000
425.438800
430.139100
412.393300
404.454400
422.009200
405.635500
437.327800
423.784000
432.989000
435.095000
418.030900
388.725800
456.802000
437.106800
373.023300
374.722600
376.950700
365.561400
479.194400
418.657800
445.267100
397.286900
425.278900
405.187000
441.506900
459.136400
439.478700
396.635000
430.684400
397.443100
455.707200
469.781500
417.182400
430.641900
424.473600
438.477300
394.392700
433.884900
420.200100
408.622600
436.047500
443.863900
471.551600
455.729400
427.385900
426.384200
425.315800
413.586300
404.243100
418.577900
431.589700
392.074800
405.720100
461.062400
396.402400
455.967100
426.169400
424.680100
397.421700
435.768500
438.337800
390.143200
459.260500
450.391300
441.818600
426.115100
438.042500
399.551600
407.215300
448.030200
444.831400
391.607200
437.768000
384.455900
443.026600
456.812800
446.929600
454.982300
425.346800
411.132400
416.743100
431.282000
463.720200
457.287900
463.396800
454.490800
441.361800
374.527900
394.985600
449.755900
460.515900
440.997500
431.640800
439.917200
423.482800
444.597700
448.906400
449.552800
445.629400
448.463100
422.647800
425.769100
423.856900
429.158700
412.868600
401.605100
400.649600
434.974900
429.522600
376.479000
412.658000
442.456600
396.674200
413.045100
418.433000
410.209900
457.930900
459.954600
442.076200
448.241300
458.036600
387.023300
449.808700
436.920300
442.630500
432.267600
418.706300
424.372400
409.202700
391.973900
442.490900
424.749200
439.975900
463.725900
412.217800
393.834700
410.666400
381.635600
430.976600
430.043400
436.038800
424.207100
403.576900
404.995700
411.658700
404.667700
451.347400
456.726600
417.500700
441.450500
440.884500
463.903700
443.429300
433.154400
433.555100
445.437200
421.303800
416.642600
409.016600
399.232800
414.562000
476.134600
469.631600
461.222900
448.208700
401.458200
398.015500
429.575600
465.314500
430.439500
419.766500
414.208000
433.421100
435.140400
412.454100
428.381600
438.153900
474.115900
445.774300
434.099600
399.325500
399.761500
443.153600
428.917500
447.675200
418.733800
426.861900
446.310000
435.131000
433.973000
433.826500
430.676300
441.518400
459.403900
404.172700
431.128800
441.050300
421.593400
450.373500
406.956900
413.904800
433.469400
383.275400
443.443300
395.749600
369.085000
433.826400
411.211900
454.123400
396.412200
427.050700
415.505600
431.487200
428.203300
458.069700
433.553700
438.096000
431.386800
384.176200
389.850100
373.366600
439.983000
425.325800
447.072100
428.904500
407.723100
439.542100
425.990000
468.717600
428.387000
415.863900
422.157200
400.803600
425.724100
364.641100
422.572500
424.128900
418.741800
451.337800
447.655400
416.501300
414.707600
465.960100
