0.041809,1.484236,0.503867
0.130663,1.470064,0.606628
0.314391,1.453834,0.496725
0.299906,1.433533,0.497999
0.203298,1.566024,0.641570
0.077727,1.465646,0.731333
0.007009,1.423767,0.747128
0.067564,1.446905,0.884501
0.098372,1.469602,0.898004
0.118983,1.477829,1.020328
0.130686,1.483806,1.073802
0.154808,1.399699,0.938808
0.200689,1.366472,0.927494
0.181819,1.360882,0.914750
0.156902,1.450279,0.751689
0.120507,1.660364,0.557875
0.084383,1.579822,0.375621
0.070678,1.563130,0.415531
0.100199,1.560267,0.460929
0.162289,1.616488,0.376001
0.222986,1.620075,0.384975
0.182792,1.632160,0.343698
0.228916,1.674562,0.395276
0.294149,1.731666,0.475913
0.284731,1.739297,0.483116
0.263305,1.785490,0.240995
0.525451,1.902476,0.021912
0.496640,1.971543,-0.033334
0.482728,1.891811,-0.049255
0.465603,1.873666,-0.080683
0.459649,1.856925,-0.047633
0.474199,1.853590,-0.088516
0.217528,1.890866,-0.320739
0.117908,1.894933,-0.410118
0.124563,1.909036,-0.433286
0.008301,1.936310,-0.424198
0.209973,1.899448,-0.339712
0.240250,1.834880,-0.252599
0.269104,1.808828,-0.222012
0.099401,1.759380,-0.177951
0.143432,1.736240,-0.178726
0.140730,1.685047,-0.224341
0.195133,1.743371,-0.338958
0.165827,1.712891,-0.331575
0.273373,1.719669,-0.413939
0.222652,1.787015,-0.406331
0.279433,1.864127,-0.547352
0.255479,1.949747,-0.568890
0.190702,1.946061,-0.563223
0.082632,2.105543,-0.495996
-0.076503,2.295998,-0.446204
-0.120922,2.360445,-0.447876
-0.074111,2.330096,-0.489493
-0.071807,2.371455,-0.529567
-0.023887,2.468124,-0.454502
0.037907,2.490051,-0.423225
-0.082826,2.696374,-0.619074
0.055019,2.794844,-0.690385
0.071989,2.847035,-0.705964
0.106412,2.832695,-0.691969
0.387874,2.819026,-0.708415
0.524910,2.823087,-0.727614
0.300887,2.736107,-0.741211
0.086034,2.667981,-0.749636
0.140639,2.547342,-0.660858
0.104093,2.482126,-0.601438
0.109343,2.449420,-0.549268
-0.031296,2.575948,-0.626069
-0.034465,2.588590,-0.593448
0.034032,2.553241,-0.583111
-0.051107,2.549624,-0.370220
-0.070421,2.534191,-0.341861
-0.065954,2.542559,-0.333168
-0.145351,2.507418,-0.324703
-0.350655,2.346162,0.089281
-0.183932,2.482937,-0.214863
-0.202457,2.469735,-0.241327
-0.257388,2.658493,-0.569752
-0.240383,2.666646,-0.594839
-0.202986,2.677744,-0.646692
-0.157061,2.685428,-0.634745
-0.002582,2.666077,-0.745262
-0.008415,2.693377,-0.764721
0.014750,2.641481,-0.618268
0.117021,2.593997,-0.523960
0.231746,2.669124,-0.457749
0.362193,2.776381,-0.596036
0.427350,2.816606,-0.635188
0.435128,2.844682,-0.667133
0.637501,2.815426,-0.773552
0.634763,2.872228,-0.756331
0.754635,2.795945,-0.836226
0.672753,2.699525,-0.796971
0.551841,2.549018,-0.697400
0.611264,2.501337,-0.671298
0.610293,2.398057,-0.596267
0.539986,2.385825,-0.676734
0.538898,2.395371,-0.718564
0.467352,2.341537,-0.694657
0.373306,2.347631,-0.659202
0.310808,2.386954,-0.712980
0.352996,2.319796,-0.709868
0.361357,2.205578,-0.709960
0.280878,2.295929,-0.690333
0.245571,2.288843,-0.667102
0.254829,2.287680,-0.674595
0.252911,2.347937,-0.722470
0.127198,2.210326,-0.585494
0.211974,2.291313,-0.578934
0.193485,2.312936,-0.625825
0.129077,2.336191,-0.677603
0.213096,2.438535,-0.544372
0.206045,2.568074,-0.590988
0.249172,2.667338,-0.668908
0.283070,2.770276,-0.708757
0.340141,2.701757,-0.622055
0.507667,2.700119,-0.664897
0.552082,2.633909,-0.616319
0.482620,2.615015,-0.574593
0.409861,2.623418,-0.591146
0.362680,2.563601,-0.498290
0.377370,2.519729,-0.450267
0.437544,2.476828,-0.443538
0.498659,2.565972,-0.557801
0.325279,2.441090,-0.450173
0.056168,2.338841,-0.351731
-0.008794,2.335930,-0.500199
-0.022005,2.340764,-0.531687
0.079348,2.270916,-0.506047
0.152269,2.298711,-0.404970
0.229492,2.214152,-0.253567
0.213008,2.236316,-0.280718
0.156933,2.194793,-0.410913
0.142392,2.142088,-0.309409
0.076254,2.088480,-0.352636
-0.004637,2.242040,-0.208511
0.030116,2.328225,-0.168010
-0.048648,2.327367,-0.161344
-0.317791,2.317806,-0.294644
-0.285319,2.391797,-0.331901
-0.269278,2.416756,-0.366894
-0.296048,2.198442,-0.295033
-0.320761,1.922751,-0.251127
-0.275801,1.747373,-0.160664
-0.280069,1.747585,-0.086160
-0.236569,1.724858,-0.119025
-0.252589,1.791150,-0.156180
-0.210343,1.823339,-0.055411
-0.071832,1.863644,-0.145771
0.062026,2.036964,-0.256671
0.065120,2.013766,-0.187542
0.143211,1.970027,-0.195352
0.227388,1.932905,-0.170160
0.305716,2.025469,-0.040121
0.434132,2.082007,0.024544
0.229487,2.043282,-0.026837
0.139279,2.015729,-0.012783
0.093602,2.016706,0.037212
-0.128688,2.191668,0.061131
-0.043178,2.195720,0.094030
-0.026337,2.170950,0.136575
0.117246,2.149195,0.022439
0.306979,2.220209,-0.094079
0.370002,2.284962,-0.193188
0.325274,2.328294,-0.238290
0.177095,2.116531,-0.298448
0.119854,2.026020,-0.374272
0.103169,2.113214,-0.400259
0.208280,2.177418,-0.443950
0.352309,2.169819,-0.420034
0.436525,2.108374,-0.458555
0.524146,2.116566,-0.463785
0.709206,2.085102,-0.467323
0.913225,2.079582,-0.490869
0.901001,2.036312,-0.520869
0.730541,1.863341,-0.571896
0.667653,1.798356,-0.635338
0.787687,1.809276,-0.670987
0.838871,1.745426,-0.700702
0.837954,1.739713,-0.703461
0.914695,1.857264,-0.666146
0.879602,1.814624,-0.668172
1.020677,1.748398,-0.641370
0.950033,1.762939,-0.664040
0.980964,1.727413,-0.619958
1.060217,1.774017,-0.612351
0.959912,1.781627,-0.728239
0.981121,1.820449,-0.872985
1.072554,1.782771,-0.888766
1.182982,1.692536,-0.890258
1.280425,1.617885,-0.856582
1.641164,1.347750,-0.823494
1.601558,1.276307,-0.865164
1.595809,1.241648,-0.980949
1.623839,1.259563,-0.855955
1.702718,1.333805,-0.751052
1.757735,1.356053,-0.830345
1.804568,1.394632,-0.784430
1.797415,1.448212,-0.784827
1.805497,1.581175,-0.867919
1.727043,1.505837,-0.857245
1.633290,1.394231,-1.000129
1.588646,1.258542,-1.039510
1.544024,1.153300,-0.856051
1.528896,1.071371,-0.664297
1.555696,0.930945,-0.613689
1.540527,1.043118,-0.893179
1.651430,1.001089,-0.836485
1.484536,0.951521,-0.977268
1.442913,1.017996,-1.036959
1.480349,1.065240,-1.134146
1.540944,1.012034,-1.068147
1.577467,0.999246,-1.020556
1.622459,0.990623,-1.014247
1.612160,0.999237,-1.052146
1.401870,0.856046,-1.114493
1.442510,0.839720,-1.111411
1.438426,0.875126,-1.154284
1.473821,0.993020,-1.230134
1.525101,1.065408,-1.218500
1.641019,0.987855,-1.143337
1.655652,0.959382,-1.209736
1.686489,0.922868,-1.257071
1.756472,0.802090,-1.245386
1.656776,0.734983,-1.381980
1.566735,0.620665,-1.558435
1.406529,0.651343,-1.515415
1.356140,0.694097,-1.480148
1.468598,0.743350,-1.731734
1.527380,0.748624,-1.741263
1.476393,0.774825,-1.770389
1.341725,0.915024,-1.662936
1.373301,0.866954,-1.632710
1.329694,0.856706,-1.735672
1.234161,0.780905,-1.584555
1.249460,0.839309,-1.595288
0.966075,0.931701,-1.644565
1.135621,1.006290,-1.696617
1.291273,1.065315,-1.686985
1.362196,1.115358,-1.682179
1.261178,1.020927,-1.633536
1.202673,0.810651,-1.668702
1.295508,0.801690,-1.629983
1.413352,0.877811,-1.727584
1.536889,0.959432,-1.690511
1.620979,0.856893,-1.607919
1.613979,0.874361,-1.456843
1.673961,0.849862,-1.327723
1.477010,0.811679,-1.331489
1.443884,0.803158,-1.211519
1.344990,0.845878,-1.219443
1.266963,0.843831,-1.223484
1.194772,0.870588,-1.260391
1.019177,0.943199,-1.361544
1.116466,0.883300,-1.281462
1.216673,0.926970,-1.291157
1.261218,0.817499,-1.418786
1.293483,0.801367,-1.421650
1.376196,0.845207,-1.379899
1.378635,0.822330,-1.415729
1.361544,0.769887,-1.416260
1.328292,0.765518,-1.311841
1.284675,0.750031,-1.280642
1.223020,0.653101,-1.369989
1.142912,0.620380,-1.382883
1.061191,0.532240,-1.269965
1.174839,0.529767,-1.260583
1.126015,0.549784,-1.198164
1.169935,0.530362,-1.229912
1.132152,0.609032,-1.123000
1.126509,0.585487,-1.117655
1.163272,0.501937,-1.103731
1.271559,0.523388,-1.070387
1.275567,0.528459,-1.029481
1.253414,0.657885,-0.891036
1.299320,0.661219,-0.844057
1.368166,0.689566,-0.767776
1.373965,0.715626,-0.892890
1.314546,0.743077,-0.978976
1.227216,0.817177,-0.947719
1.267035,0.763667,-0.944954
1.320261,0.722682,-0.921931
1.479233,0.708652,-0.958071
1.476859,0.705726,-0.979200
1.476357,0.677018,-0.998674
1.621553,0.856982,-0.910846
1.570429,0.797797,-1.047030
1.592775,0.768513,-1.084733
1.590756,0.727197,-1.092284
1.595654,0.705789,-1.039544
1.656555,0.674691,-1.048003
1.488833,0.524127,-0.893430
1.440785,0.441444,-0.829947
1.365566,0.508622,-0.915000
1.358901,0.518864,-0.911057
1.250623,0.682033,-0.959525
1.229483,0.810359,-0.940405
1.164691,0.899020,-0.963262
1.303285,0.736808,-0.862499
1.360948,0.695625,-0.867188
1.365349,0.776265,-1.034526
1.376378,0.765534,-1.094353
1.306392,0.716120,-1.036311
1.391962,0.824363,-1.036788
1.450378,0.882338,-1.033166
1.287539,0.791817,-0.955626
1.369427,0.725223,-0.997939
1.397690,0.696927,-0.953328
1.342017,0.683650,-0.887458
1.287903,0.596608,-0.844373
1.311482,0.444185,-0.950513
1.253624,0.562523,-0.956140
1.207380,0.609250,-0.936746
1.002716,0.682853,-0.904144
0.955408,0.682859,-1.003102
0.951961,0.709842,-0.970515
0.922067,0.606866,-0.970240
1.002325,0.520236,-0.882649
1.065096,0.480756,-0.825353
1.069271,0.313764,-0.661895
1.025609,0.232045,-0.540023
0.978572,0.214515,-0.506266
0.973372,0.215959,-0.510980
0.827109,0.215328,-0.625778
0.852158,0.109104,-0.623861
0.823096,0.141795,-0.719361
0.753801,0.095976,-0.713676
0.759938,-0.043014,-0.694333
0.726803,-0.074801,-0.689797
0.737048,0.052882,-0.762297
0.681443,0.106214,-0.809327
0.600840,0.154148,-0.760238
0.467007,0.123910,-0.808900
0.390139,0.100789,-0.854896
0.308872,0.092409,-0.863467
0.310128,0.090645,-0.853597
0.352808,0.045328,-0.907551
0.346261,0.017428,-0.868652
0.382400,0.012783,-0.935176
0.408147,0.011348,-0.909852
0.378402,-0.048622,-0.920051
0.390563,0.032897,-1.151157
0.452505,-0.123522,-1.187602
0.521444,-0.071706,-1.116205
0.381663,0.011436,-1.286909
0.360820,0.010766,-1.429464
0.298796,0.025732,-1.489579
0.318917,-0.114299,-1.357783
0.331183,-0.128165,-1.341550
0.480080,0.021372,-1.409223
0.623903,0.129992,-1.448344
0.695727,0.091982,-1.565317
0.684267,0.109720,-1.562322
0.660342,0.098377,-1.616134
0.680868,-0.017448,-1.805088
0.880486,0.166537,-1.577146
1.110334,0.350094,-1.332666
1.455782,0.571153,-1.069802
1.458487,0.620469,-1.180372
1.478842,0.587374,-1.201321
1.638659,0.484610,-1.126880
1.591596,0.410725,-1.057117
1.764686,0.534002,-0.940551
1.680550,0.486506,-0.874765
1.598955,0.494447,-0.862097
1.542499,0.507009,-0.738064
1.534536,0.537425,-0.666840
1.661044,0.574018,-0.696541
1.642557,0.447500,-0.846900
1.505479,0.447786,-0.813812
1.412622,0.517637,-0.793977
1.412139,0.542584,-0.814352
1.362873,0.484551,-0.806748
1.382666,0.504093,-0.773041
1.339793,0.519219,-0.862095
1.267334,0.604708,-0.914382
1.264786,0.552974,-0.927868
1.291554,0.529741,-0.937457
1.416762,0.499369,-0.870701
1.432734,0.502376,-0.900700
1.468703,0.461841,-0.734370
1.488634,0.444302,-0.644015
1.455780,0.355504,-0.635580
1.522171,0.285104,-0.632732
1.538406,0.195357,-0.666409
1.399382,-0.195538,-0.666567
1.364954,-0.117353,-0.735336
1.321843,-0.106365,-0.786943
1.359867,-0.212307,-0.734642
1.427817,-0.224024,-0.754721
1.476994,-0.241449,-0.884767
1.472214,-0.220553,-0.871630
1.514389,-0.206314,-0.872998
1.384547,-0.248338,-1.144030
1.373025,-0.276983,-1.216332
1.327848,-0.267869,-1.271260
1.384594,-0.259785,-1.200301
1.214607,-0.341903,-1.542765
1.181390,-0.318623,-1.596481
1.173845,-0.350519,-1.548370
1.264148,-0.418248,-1.502876
1.311182,-0.400061,-1.492090
1.515126,-0.408923,-1.137513
1.436937,-0.493825,-1.179581
1.403629,-0.519545,-1.187747
1.479108,-0.751086,-1.273004
1.565813,-0.796750,-1.265812
1.626609,-0.846035,-1.280732
1.719202,-0.936815,-1.348086
1.675380,-0.945569,-1.338125
1.641074,-0.842993,-1.175354
1.509109,-0.756960,-1.083840
1.462424,-0.700679,-1.056583
1.365111,-0.559730,-0.994796
1.365167,-0.553096,-0.983037
1.292886,-0.543366,-0.950612
1.408839,-0.677449,-1.033854
1.407378,-0.659999,-0.913040
1.544800,-0.918360,-1.132101
1.580079,-0.991407,-1.143775
1.676213,-0.920748,-1.163821
1.669405,-0.753503,-1.193682
1.632200,-0.678730,-1.246593
1.682332,-0.700376,-1.322935
1.669464,-0.629961,-1.452322
1.801715,-0.730407,-1.549108
1.822085,-0.717433,-1.615533
1.723580,-0.871878,-1.744308
1.632903,-0.974957,-1.824749
1.550391,-1.028666,-1.856949
1.568825,-1.042094,-1.818987
1.547925,-1.036013,-1.883399
1.471669,-1.058465,-1.784364
1.451823,-1.050311,-1.801303
1.497792,-1.022525,-1.777550
1.471527,-0.902867,-1.733901
1.554288,-0.851279,-1.714626
1.692920,-0.752176,-1.667599
1.654105,-0.706475,-1.589347
1.669025,-0.755260,-1.524469
1.684462,-0.719001,-1.423013
1.775153,-0.936102,-1.537532
1.774635,-0.968135,-1.582217
1.798951,-1.002386,-1.606824
1.827303,-0.966925,-1.713003
1.756241,-1.011389,-1.646439
1.811743,-0.950881,-1.748826
1.829148,-0.988076,-1.685826
1.731174,-0.922607,-1.580981
1.636106,-0.867663,-1.603263
1.487301,-0.788681,-1.539966
1.455887,-0.800665,-1.529600
1.555352,-0.806810,-1.511528
1.571238,-0.878067,-1.541478
1.500128,-0.871598,-1.499063
1.573379,-0.708242,-1.497662
1.912176,-0.637670,-1.497336
1.935701,-0.596691,-1.473931
2.229950,-0.672464,-1.390641
2.208641,-0.709074,-1.389267
2.094636,-0.688886,-1.605572
2.060348,-0.546099,-1.844692
2.054348,-0.582343,-1.806184
1.984295,-0.542240,-1.811654
1.766303,-0.586734,-1.966914
1.803507,-0.649551,-1.870235
1.861556,-0.722225,-1.801067
1.828786,-0.716310,-1.743699
1.779303,-0.730959,-1.739768
1.699808,-0.734273,-1.651462
1.722151,-0.765168,-1.636726
1.791808,-0.829192,-1.672344
1.770866,-0.776731,-1.653832
1.877438,-0.785034,-1.696621
1.857345,-0.844626,-1.635246
1.915663,-0.811971,-1.595998
2.060025,-0.736921,-1.568440
2.062775,-0.694556,-1.600371
2.067890,-0.722761,-1.576905
2.080388,-0.771092,-1.594325
2.046791,-0.689228,-1.617607
1.976292,-0.603512,-1.642496
2.012944,-0.667903,-1.614844
2.009031,-0.688526,-1.542158
2.032492,-0.697716,-1.452567
2.112269,-0.749388,-1.264587
2.074752,-0.761569,-1.162298
2.052775,-0.786641,-1.130527
2.085273,-0.765302,-1.021212
2.150156,-0.747838,-0.983910
2.204685,-0.789898,-0.992892
2.261737,-0.747353,-1.013287
2.284104,-0.739805,-1.026510
2.239750,-0.786822,-1.084750
2.240758,-0.908016,-1.168539
2.226872,-0.906796,-1.329753
2.217427,-0.851660,-1.254883
2.208048,-0.854159,-1.333938
2.191881,-0.834743,-1.387778
2.222862,-0.776538,-1.334561
