77.076500
75.541000
74.925900
74.300400
80.359500
82.198700
79.527000
76.728700
86.664800
77.614200
79.650800
74.928600
75.084700
75.952400
75.442300
77.914100
80.212500
75.518500
77.175400
86.694400
80.809400
71.845600
80.555800
75.631700
81.819500
73.077600
74.649800
82.975600
77.423800
79.537100
82.482700
73.460800
78.814600
77.629300
72.462300
77.236700
73.004600
81.849200
77.518700
80.585500
84.389800
81.549100
76.948100
81.181200
73.508800
78.661900
82.733800
80.342600
78.723900
77.173600
78.541700
77.688200
80.918500
77.289400
72.795200
75.651000
79.919600
79.209500
74.083700
72.775900
76.234900
74.294700
74.444100
74.134400
78.211500
73.080500
74.958200
80.680900
86.736600
87.048300
79.794300
79.355600
72.646700
81.945400
77.171100
71.589400
73.684300
72.862500
78.910000
71.069900
75.736700
72.319800
73.749000
69.560600
68.645200
73.324900
103.567100
73.329000
76.353000
76.016000
69.879200
71.583500
74.531000
74.146500
75.223000
75.885500
74.737800
76.375100
71.130700
82.752700
78.300800
77.899100
82.600800
71.349900
79.473000
80.062000
81.010300
73.112700
78.933100
78.461100
73.758700
71.531100
73.257600
78.776300
79.656800
75.168600
78.577700
71.268700
71.666000
72.979000
84.048600
76.222100
76.355800
82.874500
73.365700
75.784800
71.601900
75.488400
76.440100
77.233300
76.125000
76.835500
77.048400
73.514300
69.876800
81.739600
81.091100
67.980700
70.278300
78.176800
83.646200
84.544100
74.248000
79.133800
74.686300
83.462100
68.592200
68.609700
71.411500
72.331800
78.265100
78.297400
75.554200
76.832400
73.016400
75.326400
75.793900
80.367200
73.055000
77.888800
70.519700
74.133500
81.715300
75.370400
75.327600
80.005600
79.405600
80.476000
73.961500
76.693800
69.017800
81.241900
80.685500
79.966000
71.082700
76.669000
83.913600
76.815100
68.631600
66.592700
84.052100
75.266600
79.695500
80.266900
66.857500
67.048200
75.840600
74.127300
67.646000
70.344600
67.378700
72.301300
80.990000
70.767500
71.806600
73.645300
67.741300
69.893400
74.392200
73.569400
76.491700
74.655000
75.997100
71.956000
70.799700
72.226200
77.824700
73.797900
78.777200
78.355200
79.293700
74.282400
70.159600
80.781900
78.136200
81.679900
81.799300
78.589300
74.131200
74.914500
72.638600
70.784800
74.616800
76.034400
72.593700
80.487800
70.525700
74.106800
72.825600
72.466000
77.714600
75.199000
80.080400
75.790300
71.457300
78.803100
73.720200
79.793300
71.844700
78.019100
80.151100
79.768100
77.771800
86.299600
71.756100
74.293500
71.453500
69.839800
79.452700
68.726700
71.352900
80.403700
72.409200
70.941400
78.863800
80.311100
81.495800
73.678100
74.370800
72.866800
73.706500
73.197600
74.195300
72.407800
78.009400
78.378700
78.649100
80.103300
80.097100
78.258200
77.159800
80.952500
80.642700
70.328800
82.654900
80.617700
78.795200
71.621300
85.701600
85.233100
68.733400
85.941200
67.171800
71.169800
70.078200
70.785900
84.382700
75.952200
82.124300
73.625500
85.730200
76.226400
73.825600
73.111900
75.271100
73.417500
73.791000
82.608100
76.865600
72.681700
79.941500
80.340300
85.729200
81.802300
67.342000
76.854700
79.415200
82.629300
80.612400
81.135800
81.678000
78.831200
75.523600
70.387700
75.180800
71.410900
74.394600
87.241000
77.086000
81.299900
73.888000
75.734700
98.701200
82.078500
74.917600
81.860900
78.780700
74.036800
74.604800
76.690400
72.665800
78.334500
74.202200
79.713600
80.670900
80.397000
72.085700
69.010200
70.767400
78.032600
72.481200
72.307700
84.928000
79.919500
81.374800
82.491200
73.760100
65.766400
66.570500
88.683100
89.240700
81.295900
76.384900
85.284200
74.479300
74.587100
71.979300
78.573700
68.904400
83.332800
85.950700
77.670100
78.981300
77.157200
85.801700
84.763000
76.790200
79.493000
78.457000
79.586800
75.486400
75.986600
76.480600
80.587000
72.595500
65.114700
71.340200
74.384900
75.776400
79.293000
80.898300
78.123100
74.737700
69.643900
80.473400
71.818800
79.353100
83.659800
80.475100
81.158900
77.453000
78.238400
82.077000
72.113700
72.090100
74.465100
85.586100
69.558100
81.042700
81.398400
79.386800
77.522900
77.765200
79.755600
81.670900
82.795900
77.582000
72.753000
76.372400
75.136600
73.357700
78.808300
77.832400
75.844100
75.411300
79.943600
71.865800
77.573200
79.847700
83.712800
75.368500
77.244500
76.570700
82.174700
75.535200
76.359900
81.673300
76.629600
77.246300
79.021300
72.447400
72.667400
74.243200
82.665300
80.308000
82.845600
74.446200
87.117400
84.147300
79.254000
69.720300
80.072300
82.243500
80.193100
77.314100
83.789900
83.757900
82.795900
75.548900
70.637400
76.067800
76.308000
65.959100
72.658200
69.242500
66.395300
83.626000
77.895900
77.712300
72.031700
73.054700
68.251900
76.195900
77.279500
87.197100
81.594500
78.004200
71.242800
73.077800
74.145400
69.505500
71.747000
68.314300
75.176100
79.921800
83.002000
80.004800
72.147900
70.608600
70.167600
71.892700
80.368700
68.683100
77.406000
75.626400
69.321800
69.379600
69.023400
81.417100
84.570800
79.827300
71.891000
74.135300
84.084800
69.818900
77.585200
76.228100
68.724000
75.908700
66.996600
