1068.926600
1070.722900
1137.198700
1006.949600
1011.842300
1075.654100
1048.066100
1041.330400
1053.909600
898.752000
1089.347200
1029.933800
1019.158800
1032.953900
1030.892900
1026.941100
1036.167900
1055.937700
983.073500
933.919600
1015.093500
1006.603900
1020.961900
1093.919500
1054.405800
1018.909400
998.465200
1018.925500
1029.369000
1037.261900
1106.878900
1094.081200
1117.030800
1119.618400
973.194400
1082.675300
1085.602300
1105.692800
1074.576100
1121.607000
1107.558600
1072.882000
977.075100
1027.718700
1090.530600
1087.576700
1066.686000
961.659900
961.236900
950.611400
1125.158100
1100.185700
1052.830400
1146.866700
1097.487600
1064.194300
1050.648700
1051.585700
1017.434200
1052.414600
1017.938600
1052.290700
922.660800
1054.898600
1035.707800
945.161700
1072.427800
1059.851600
1015.176300
1068.466800
1093.131400
1066.808900
1012.550400
1052.851200
1144.731900
1073.914800
1007.452200
1020.069600
1032.115600
1010.072400
1111.604900
1104.238400
978.960000
1015.904200
1022.214900
1130.739000
1098.132300
1118.023100
1113.429800
1162.786100
1139.966600
1044.194500
1104.001800
1027.514000
1048.321900
1100.159100
1073.072000
1128.814400
1060.601100
1163.907600
1164.476900
1043.045300
1073.519800
1112.409500
1072.253800
1169.973800
1079.445300
1013.990800
1004.857400
1005.152500
1049.473500
1067.390400
1050.105800
1036.667300
1016.362900
1133.745700
1103.671200
1104.331400
1025.662600
1116.798000
1051.017600
1105.280000
1177.217300
1022.458800
1024.945300
1026.340000
1064.712000
1025.427100
1020.307400
1053.141600
1111.208900
1130.425600
1068.741500
1013.206500
1120.986800
1095.126900
1069.402700
1081.984600
1073.149200
1094.572800
1075.108600
1045.913000
1029.331400
1037.781700
1007.637100
1034.088500
1021.286400
1029.679000
1071.221100
1124.778100
1003.604200
1044.858000
1120.956400
1100.410200
1072.943500
939.543400
1027.078000
1069.755900
1092.297300
1058.546600
1137.104700
1028.267500
1051.074900
1053.289300
1101.366800
1016.297400
1107.361400
1065.399200
1009.125500
1118.350000
1118.092500
1071.238300
1148.260500
1085.830400
1109.908900
1064.438000
1086.741000
1050.776400
970.753100
1094.694100
1032.508500
1033.313900
1104.826700
1122.034800
1056.069300
1038.029700
1043.840700
1059.031000
1064.968900
972.982200
1124.288400
1107.508800
1156.187500
1132.602600
1151.585800
1190.463000
970.801700
1095.528500
985.933300
999.933100
1150.142100
1031.101400
1042.710800
1071.871900
1094.047100
1127.454400
1033.612200
1086.336300
1141.171000
1172.185000
1146.110700
1175.053000
1177.492700
1101.142800
1137.822600
1159.006300
1055.435300
1107.470700
1087.309400
1071.935200
1075.055000
1173.774700
1209.280000
1051.395600
1162.427100
1100.940000
1064.023600
1125.928500
1144.988000
1138.822500
1164.405000
1135.291400
1070.217300
1151.647300
1086.105400
1028.531400
1122.135600
1012.907300
1032.929600
1016.697700
1099.008000
1045.589600
1067.370600
1126.328500
1144.794100
964.675900
1089.573300
991.001100
1140.618400
1049.637700
1046.354400
1000.663400
1055.097500
1104.046500
1120.405000
1096.104000
1013.889500
1073.381400
1069.964300
1036.675000
1028.299500
1052.483300
1027.129300
1106.291200
1066.298100
1065.900400
1065.755300
1055.930000
962.023500
1175.806900
1100.182900
928.349400
933.647900
938.671800
929.736200
1216.244000
1017.087800
1108.953400
978.134800
1070.627700
1006.515600
1056.182100
1128.692300
1073.479700
1037.587500
1109.330700
1018.202400
1172.813900
1177.103600
1024.667200
1063.733000
1029.283800
1066.345800
991.094800
1062.812200
1005.143000
1016.132800
1058.995600
1117.952300
1087.843300
1110.476300
1082.590200
1100.775100
1046.852400
1028.799800
1013.753600
1046.534700
1085.067300
993.737400
1034.901400
1124.328700
980.022100
1139.837400
1039.097300
1044.260200
975.751500
1055.949100
1070.656400
967.430900
1161.206900
1098.785400
1069.210100
1052.217800
1065.184700
1002.575200
1052.063200
1091.376200
1116.786200
995.049600
1063.677600
970.336100
1110.216700
1123.831300
1107.678000
1158.440300
1035.115900
1047.085200
1060.934500
1030.480300
1146.289700
1161.933300
1120.165200
1161.946800
1104.799100
942.576600
1046.717800
1140.655200
1164.584800
1110.540700
1068.192200
1085.763900
1067.472200
1107.695500
1098.316100
1163.864800
1145.458900
1129.132500
1060.698300
1029.894100
1028.616700
1060.788600
1021.027200
975.247900
1003.894200
1071.012800
1059.237800
964.006100
1054.824400
1120.612600
974.089300
1032.464900
1040.988300
1016.648800
1160.673500
1151.073300
1072.008600
1061.299600
1127.392200
952.587900
1067.157200
1092.364800
1076.802000
1064.131200
999.305700
1059.776800
1006.546400
956.138600
1055.201500
1035.184400
1104.651500
1112.851000
995.519300
992.323100
988.209000
950.071200
1050.277500
1021.295800
1047.416400
1033.570600
1005.371000
986.210800
985.368700
1035.981900
1137.707600
1098.354100
1039.889700
1049.804400
1060.181500
1099.557500
1052.670400
1020.305000
1091.243300
1085.698000
1026.704500
1003.624800
991.537500
992.038300
1013.177000
1122.305800
1120.140200
1060.158800
1061.831000
969.254300
980.313200
1054.972700
1109.109300
1059.480600
970.674200
1027.687000
1064.068000
1080.306400
978.416500
997.679900
1009.829900
1019.115800
1087.027400
988.384300
941.114400
940.633400
1059.900200
1000.430800
1098.721600
963.946200
989.269900
998.430000
1042.779200
1003.679900
1020.825500
1042.570000
1037.780500
1121.361000
1029.796300
984.744600
1086.894200
948.383300
1046.671400
988.805700
959.856800
1009.777100
938.571000
1054.690800
1002.244600
912.052500
1006.272400
965.496700
1077.383000
957.471100
978.696800
945.613800
1015.219700
1002.523300
1108.964000
1028.974400
1062.348200
1025.933600
947.347900
949.092600
895.794300
965.476300
986.636400
1044.982200
1040.820700
986.372600
1071.847100
1024.400300
1137.203700
996.412600
1004.428300
1012.023500
948.933700
983.639600
896.801500
1003.388200
1032.780500
1002.009100
1091.154200
1084.940800
1048.687600
1028.314000
1046.248700
