71.361700
78.982500
76.068800
69.676400
75.380900
76.780300
76.205600
78.810100
77.213900
78.121600
70.289300
79.364600
76.339000
76.268100
78.177600
77.229700
78.098000
75.251800
75.892600
79.416500
73.999900
74.162300
79.452200
75.720800
73.622500
79.715700
74.015800
82.522800
77.982800
72.857100
70.025500
72.447000
78.099100
77.449300
79.552400
77.122700
73.221000
74.653600
78.410000
75.110000
71.389500
67.841500
76.462200
80.294000
77.602300
71.192300
72.714700
68.558800
71.540800
73.225200
71.085700
71.463200
74.451800
72.461700
75.525400
76.934900
73.764000
77.345200
77.524400
80.514600
70.230800
78.481400
76.058500
76.087700
70.884500
91.175000
70.629400
74.026900
78.469100
75.006400
67.134400
73.935700
73.918000
74.341200
75.299300
74.339000
67.490200
74.023000
84.830100
74.632600
73.934800
73.081500
77.763800
75.403900
82.056600
77.594200
75.408700
77.958600
82.751700
76.770100
81.982700
75.231400
77.594900
74.369000
76.974700
80.367900
80.057300
72.271600
72.871400
71.237100
74.298600
69.697500
67.295700
73.825800
78.267600
69.901100
73.712300
71.701300
75.285200
82.786900
74.005800
72.736300
79.912300
82.176500
79.448100
78.757000
83.238400
74.350700
78.169800
72.957800
80.122700
75.521300
78.753500
78.653300
77.146600
79.336300
79.417600
72.073600
72.852900
75.604600
69.840100
73.512400
81.696000
75.400600
77.908100
77.033200
77.622600
75.812700
74.588900
74.134000
74.422600
78.348300
71.311000
71.460800
79.434900
72.629800
78.055100
72.397000
68.269900
97.066000
76.870400
71.108300
77.847500
77.328200
76.280300
74.492000
68.088200
72.176400
80.197300
72.424600
72.808000
73.459300
73.766200
74.813300
72.397700
77.833300
79.245200
74.106900
78.781800
75.140700
76.817500
79.655800
75.094700
73.795400
77.156700
69.587900
73.821400
69.327000
75.365600
78.095900
83.197800
78.702400
75.257500
74.894700
72.166800
77.176800
77.632800
78.997700
70.254000
77.923700
76.633900
67.288300
72.046100
71.650300
71.738300
66.267900
66.822100
72.149500
66.522600
66.476700
63.500100
68.985700
77.523800
74.693100
64.544700
74.644600
66.866500
68.752800
84.106100
66.596100
73.735800
64.862700
74.025700
72.552700
77.136500
68.812600
73.972500
61.424800
74.191700
72.730100
69.683800
66.434800
66.362300
75.213200
75.697000
67.250200
68.780200
68.492700
69.816300
74.909900
74.673700
67.283200
73.546500
59.215700
67.049200
64.696200
69.690400
74.987300
71.556600
70.796100
66.491400
73.962300
77.611200
77.817400
64.830500
71.766300
70.706700
69.580600
60.317600
61.545100
74.775200
68.281700
68.651000
66.542500
76.723900
80.723500
75.725100
66.493900
75.731300
73.432200
74.412000
67.013000
79.459000
68.234900
67.536100
78.615100
74.986400
74.743000
73.407000
72.666000
79.228900
76.066700
74.995900
70.543000
69.540600
74.341500
68.845400
64.158100
62.622600
63.154700
71.100600
71.815400
68.211400
68.644000
72.219900
64.575200
71.012100
62.859400
74.431300
65.450800
75.501800
71.596800
59.014600
71.983300
79.032300
87.940600
77.263200
75.121300
79.332400
73.532400
74.783900
69.071500
64.592700
73.907100
74.230200
65.956600
75.869700
73.770600
67.760400
75.661500
75.672300
64.510800
74.234600
65.074300
74.658900
69.947400
71.636300
70.042200
66.596000
63.823800
71.399200
67.743800
69.932400
65.757300
71.149900
66.015100
67.474000
71.749300
75.307500
68.374300
62.485200
67.813800
69.265500
72.031000
73.100000
63.398200
73.730500
74.361400
67.678700
61.208600
62.371200
67.037100
63.671500
67.310700
64.399500
66.290600
56.315000
62.306300
69.980800
64.864400
69.310600
65.849400
68.490800
67.505000
65.639700
72.292500
72.454200
73.400100
65.351500
66.847200
75.317800
69.147700
68.435600
70.919100
72.915600
64.059900
63.967400
74.404000
77.440500
75.877100
75.013600
72.405700
71.096600
73.427600
72.960900
73.294800
71.839000
69.848300
69.011200
71.422800
64.707100
75.328600
61.790200
77.469700
66.223500
69.291100
73.483700
71.236500
69.132600
69.536600
64.470900
71.425300
74.406100
65.701900
73.036300
63.762700
74.827900
73.571000
67.757700
68.421800
67.546600
75.363700
75.291400
61.499800
71.257700
73.486200
70.473600
66.656900
66.594700
69.475300
69.878500
65.355600
69.605900
74.349600
67.036400
76.258400
69.588500
70.621800
71.227200
72.115300
67.541700
68.520300
67.152700
65.117200
70.164500
69.697500
77.340800
69.335800
65.455000
67.811300
74.819200
77.044900
72.053000
67.175500
68.008400
94.752000
74.371500
80.088200
72.927400
80.648200
69.003600
71.706800
68.256800
68.277600
71.558100
67.473700
65.425000
73.945700
64.999700
74.860700
73.244100
78.967800
75.744800
69.129700
75.460100
70.207800
70.679900
68.697500
68.989800
73.109400
71.770300
73.585600
73.616900
62.783400
64.490900
75.198700
74.283900
70.352700
65.911100
76.261600
71.289000
68.818400
66.987300
66.423800
78.406500
68.195200
76.831900
77.450400
74.023600
69.860800
68.583000
73.805400
63.047300
73.906800
68.368300
64.309900
69.242700
68.989500
70.151300
69.966700
67.784000
76.763600
70.152100
73.676800
69.009700
71.962000
72.596800
72.124900
67.824200
70.326200
