74.236600
79.563200
94.756100
105.142600
84.480400
80.405300
83.908200
80.374500
85.934900
74.335600
81.975600
85.861600
74.863100
78.361700
78.173500
83.932200
87.366500
88.238500
98.175400
78.212000
81.193800
84.713200
82.123900
82.118800
83.744800
86.488600
80.028100
79.466100
73.959600
75.573700
80.497700
81.182100
82.971400
81.799300
79.370900
85.163800
81.002100
75.113200
83.972300
80.571900
76.293200
86.519700
79.334200
79.953300
81.013500
84.428900
80.049700
75.998100
73.683900
78.066800
73.757100
78.586100
74.141800
86.959500
83.070700
81.898100
75.898200
83.802000
85.083000
74.335800
82.504300
77.151300
83.368000
78.289300
86.393500
82.044300
82.457700
83.770800
81.027900
70.232500
77.949200
78.921000
78.228400
81.069900
85.237700
78.152800
76.517000
89.073400
86.167000
93.624000
84.319700
69.751400
74.473500
77.804800
78.506600
75.456500
76.491200
75.738800
77.320600
78.085500
79.789000
81.368800
81.045200
84.495400
76.546300
79.029200
77.778400
70.742500
79.134000
73.940800
73.997700
74.673600
78.081100
74.758000
81.758600
84.882600
72.387400
84.502700
73.090600
77.484100
73.767800
79.714300
72.681400
81.650600
80.645600
77.222200
72.974500
70.476800
83.577500
78.870700
93.977900
78.308400
71.455600
76.044200
77.650600
78.453000
77.441300
80.636200
75.067000
76.976200
81.149200
78.547100
82.554200
76.020200
79.460800
73.838600
78.378100
76.737600
75.753700
79.513600
81.043600
82.710200
68.067200
76.536100
74.090600
74.559100
81.095600
79.958800
83.336600
74.116600
74.205100
70.133600
85.237900
73.641800
75.466500
75.074000
74.969100
74.296600
80.338700
74.287300
74.322100
89.379100
76.227500
74.782100
76.248400
74.151900
82.967200
84.928200
72.226800
77.322600
78.369700
78.781600
79.101100
80.080700
81.077900
77.030700
75.527300
82.540700
82.144100
79.806400
79.564600
73.618200
89.845400
87.456600
80.849500
77.031400
83.742800
80.128500
81.659700
82.669700
82.854400
83.485600
75.943900
73.588500
74.801900
68.479500
78.229300
73.324600
76.417900
77.592800
76.016200
72.785000
75.029200
80.533700
82.354900
76.876400
76.096100
74.105400
77.892900
81.248000
72.241100
75.528500
73.943300
80.134700
73.638300
77.374300
67.277900
71.547000
78.118000
79.574700
80.074300
79.746800
82.215100
80.272300
81.435000
76.684100
84.554900
87.099600
71.526100
73.108500
74.533200
78.547000
80.487800
79.903500
76.675200
85.150200
83.019100
78.707800
81.919100
83.325000
81.358500
80.194700
82.214600
79.480500
75.431300
76.748200
77.834200
92.429600
79.341000
70.308900
80.642000
78.367600
81.073100
76.165700
77.441300
83.179400
76.249500
78.578100
76.683100
79.530900
77.006600
81.129500
75.778600
76.401700
76.361600
78.077100
68.817500
75.170900
76.724200
81.157000
71.686100
78.501900
75.799600
77.026600
77.544300
77.939000
84.026200
75.551400
81.483900
75.380900
75.661100
86.644900
76.573000
83.243800
78.675200
90.448000
74.226000
76.162500
79.457700
81.321900
82.823200
74.291600
76.739800
74.430000
77.320900
72.360900
80.035400
86.613900
79.597100
80.794200
84.777400
74.654500
75.608700
74.289000
83.782300
74.100600
67.627100
78.050700
73.765600
80.133900
70.509000
70.461700
72.893900
75.959500
77.545600
71.658700
77.657900
72.441800
72.662700
80.505800
79.201200
76.566100
74.485800
76.734200
79.833900
79.710400
73.349900
72.564200
77.706800
74.796200
78.409500
70.632600
73.977800
76.490400
74.799600
79.458900
75.291700
76.962700
82.577000
73.333500
82.394300
71.576300
84.252400
84.031900
79.153500
76.140200
78.359700
65.612200
67.077500
71.978500
76.407700
70.839500
68.340800
75.181600
76.008400
80.768200
76.705900
67.372500
67.915200
66.148500
74.179100
70.649100
68.100200
69.837900
81.899200
78.290100
84.335200
76.162400
76.648800
75.260500
82.304600
70.798400
70.923100
76.534000
72.592300
71.207200
66.066400
80.567100
78.688100
87.543900
87.561200
68.647300
70.972500
71.396600
73.618600
73.844600
74.247900
78.789000
84.703800
68.431800
77.388200
80.361300
82.760600
82.343900
78.830800
83.417000
88.849200
74.297300
67.912200
76.539600
85.964400
72.369700
77.235000
82.220800
71.314400
74.349700
75.949000
74.883900
80.293900
76.237600
76.114300
68.542400
76.512500
69.088400
73.406800
77.817300
84.024500
76.150900
68.561600
78.600700
73.200300
73.752000
75.552400
74.196900
74.271000
71.549100
72.341100
83.441000
78.583100
76.351900
78.570600
74.406000
80.766500
69.977400
73.218400
70.273000
103.579000
91.571900
74.737900
76.335400
68.972900
85.305800
76.391000
81.477300
74.573000
80.905500
72.959800
68.564700
66.919900
68.820300
78.110100
82.428900
79.593500
78.971300
75.706900
82.406800
70.763700
80.315800
74.642700
72.015900
74.006700
71.789500
78.987700
69.812800
76.041100
78.636400
69.887700
79.176400
75.478400
77.980300
76.536100
70.520800
80.079200
62.849400
78.667200
81.381200
75.139300
68.739100
74.675100
78.344300
75.828000
70.331100
72.088700
82.238200
69.651900
74.125800
70.574500
81.028700
74.316100
80.506300
74.938300
67.259900
70.858300
73.572700
81.096800
65.465600
87.037100
70.948600
78.341800
78.091200
