427.266100
449.566100
438.929000
408.990000
440.953600
442.781500
438.860600
449.192200
416.703100
422.377700
401.238400
430.919900
424.268300
442.459200
446.996200
462.516700
454.321000
443.418700
434.466700
444.604400
426.786100
414.916200
465.959900
426.251100
424.867900
468.182500
436.810800
473.010200
433.852400
414.586200
421.921200
432.584500
457.828600
463.692600
467.240300
448.969900
441.317400
441.654400
481.955900
450.196600
440.206500
411.571000
474.164200
483.846900
473.427500
434.028500
432.940600
413.944200
419.804100
441.142100
425.927800
434.741000
442.618000
428.256200
441.635000
453.023300
434.064000
447.062000
468.873400
471.294700
424.018800
457.424600
453.685100
441.950700
416.277400
478.498200
428.337000
439.413900
472.061800
454.171500
388.805600
435.020100
444.510100
450.316700
457.516200
438.208800
391.251600
427.162700
489.183600
426.565300
444.676300
446.389100
479.329700
443.862200
476.130100
457.242100
453.980300
472.468200
493.738600
442.718600
474.905900
457.103000
476.420800
430.515100
446.739200
479.148700
470.770300
436.582700
438.309000
414.293800
442.950500
413.892300
405.622600
437.793400
466.409900
422.118900
443.086100
439.949900
443.440900
505.247800
432.367100
453.382700
476.865800
485.774100
469.881400
467.370500
479.989500
463.722000
457.947800
444.662600
484.967700
448.045100
466.834000
460.361400
454.867900
474.015000
473.653100
436.799800
427.016200
448.343200
425.135100
456.755900
495.787400
447.157800
493.084400
450.158900
468.243700
474.095700
465.404100
443.802600
448.905300
468.212900
436.601300
427.141300
479.133800
449.583800
465.480100
441.540400
411.385300
454.465600
461.463000
432.336300
469.633300
478.492700
468.132000
454.708700
421.635400
432.492500
480.155800
433.728300
445.473300
435.878100
442.104300
451.883900
442.696300
456.034600
471.744100
452.170000
466.821900
456.506500
469.273100
491.153300
465.876100
465.044700
450.559800
436.221300
446.185900
430.176000
447.981000
467.257600
458.524000
440.610300
448.564200
467.931400
425.596500
451.406400
449.459400
448.363100
411.330700
453.775300
454.759000
419.328400
437.447100
440.061000
474.375000
441.839900
423.782100
439.657900
397.137000
414.799100
396.756200
415.197600
457.347500
463.344800
384.287600
459.963400
416.226400
422.732800
478.250300
423.618900
445.201100
398.958500
448.320100
444.237500
449.726000
441.770300
455.308100
413.035900
472.585300
456.738800
430.679800
413.933400
411.145500
443.789200
462.342300
422.314500
424.112700
436.240000
432.852100
464.840700
459.358000
437.042500
456.874500
410.346700
427.100400
397.427600
421.663100
457.715600
432.829100
432.774500
421.185600
440.814300
472.744700
454.920200
409.901000
468.504400
420.027500
424.583500
386.194200
395.898300
462.668700
423.228300
422.814400
417.387900
484.196500
486.866600
466.568300
416.242700
409.532000
447.735100
457.086300
414.313100
480.354400
419.503000
418.599900
477.403300
485.749100
485.537200
462.203200
482.762600
481.101000
468.279100
463.551500
445.925400
429.617600
476.686200
440.820400
414.047200
445.722900
403.738700
445.859700
451.374200
429.790800
433.721700
445.954600
409.154500
495.419100
446.856600
438.308600
428.877100
456.599600
464.204600
417.414500
439.811700
445.536100
450.442300
473.466700
428.008000
502.993400
488.217700
444.513100
476.479800
410.339100
467.249900
461.481400
441.184300
470.325600
508.178000
420.029700
464.283100
473.248200
391.107000
457.460200
427.487200
447.024200
443.473100
461.216300
429.590300
401.391500
402.671900
444.701000
439.585000
435.837300
439.389700
440.027800
412.277400
407.659200
433.849400
421.275100
420.749200
400.803800
420.399600
441.838700
461.944500
480.529200
406.391700
463.242500
462.821800
445.324300
404.148300
397.035700
420.707700
400.696600
423.524700
424.340300
435.807600
366.264900
399.577700
461.011300
451.215500
459.945100
435.472300
441.067800
431.571600
396.268600
440.842200
470.140700
455.865800
434.089900
419.129000
449.067900
442.569100
418.490000
435.014500
444.958300
437.656000
407.886600
477.957600
480.343100
477.858600
450.837800
469.991100
455.042500
458.257500
460.615800
463.318400
450.993200
443.301100
440.808000
458.575000
397.906400
457.102200
389.013600
457.249800
416.977200
438.392100
454.676500
442.663700
436.470600
445.977300
407.156600
418.985200
465.552500
403.867000
472.666400
394.179900
450.410000
449.455200
415.039900
410.229300
401.105500
465.940500
489.352700
376.916100
435.598800
459.477800
436.500400
405.510500
411.964000
417.655000
427.467000
398.893600
426.469400
466.808500
407.172700
467.670600
435.017800
430.259900
440.104900
450.232500
414.559800
434.143500
436.364300
413.986300
430.417100
433.577300
451.508600
419.468300
410.780900
440.748600
440.341500
465.593100
445.525200
424.888200
427.569000
407.299600
439.397100
479.620400
446.602600
476.717500
423.100400
462.898600
407.630900
414.960900
439.357300
416.588100
421.112900
459.333800
405.418400
452.901900
451.522800
487.361800
473.620500
407.251100
449.831700
415.471600
411.708700
428.467400
435.606900
461.519000
455.331100
439.175800
456.647800
380.661200
377.754900
453.551800
445.884700
415.739800
401.307800
439.036200
428.769100
403.889500
400.145700
391.589300
474.445500
419.227700
468.210700
476.536100
442.246000
435.096500
400.655800
442.998400
367.669800
452.312600
400.982300
398.333400
425.461900
418.432700
435.451900
414.640000
410.503700
454.791000
443.164600
444.443900
425.113100
424.858900
434.892300
424.787400
400.199100
420.115200
