1428.673900
1586.997400
1673.562600
1595.993000
1584.539900
1474.968400
1457.672400
1443.603300
1541.958000
1355.042000
1577.457800
1610.359900
1503.247800
1526.975700
1513.087300
1587.926600
1528.188500
1634.500000
1711.289700
1513.728600
1485.542400
1577.934600
1529.210200
1535.689400
1495.881500
1492.701000
1485.257200
1481.759500
1397.894000
1438.059300
1559.784800
1578.505500
1625.718100
1587.138500
1543.325800
1660.668600
1576.899600
1429.608800
1652.308000
1604.082700
1483.877000
1678.332500
1568.743100
1612.122600
1600.784000
1644.268300
1538.117300
1536.862500
1511.792500
1526.338300
1503.854200
1561.374000
1495.149400
1702.344500
1606.886800
1606.078800
1563.467400
1594.217500
1677.285600
1440.356200
1627.820600
1514.498100
1627.484400
1563.419700
1700.190100
1634.867200
1643.793800
1630.879500
1602.926800
1509.102500
1517.406000
1632.931000
1556.420300
1636.800900
1692.217300
1589.284900
1543.101200
1758.544500
1730.302500
1638.887000
1772.153300
1449.241700
1545.645700
1573.831200
1613.975400
1538.381200
1526.224200
1519.555300
1547.366600
1531.175100
1599.135600
1691.277100
1646.283600
1662.860300
1611.344700
1599.698900
1563.255600
1453.957700
1597.294400
1487.912600
1532.189900
1486.598500
1589.612900
1548.068800
1681.967700
1732.929300
1502.086100
1712.901400
1504.825500
1534.923200
1485.848000
1583.607200
1472.113000
1650.314500
1634.044700
1558.563900
1548.527100
1552.546400
1743.749000
1625.743600
1603.628100
1547.289600
1417.965000
1522.500400
1562.169300
1562.175700
1568.091700
1618.226400
1476.607500
1549.341700
1621.373300
1518.400000
1698.878300
1503.633300
1565.922600
1455.827500
1546.379100
1629.668800
1499.182800
1626.961500
1625.391900
1598.144900
1440.360200
1552.477800
1549.909500
1461.660600
1609.658500
1563.973600
1686.431800
1488.766200
1441.727600
1406.044100
1692.421000
1516.899900
1493.723300
1547.142800
1477.452100
1450.963100
1560.794700
1532.550200
1471.766500
1406.918900
1449.634900
1478.398100
1493.359400
1476.410300
1596.533900
1679.059400
1489.606700
1520.022500
1510.686300
1570.923400
1586.552300
1586.528500
1600.742700
1519.977700
1458.043600
1587.611400
1579.684500
1546.129900
1550.504800
1440.221300
1585.238900
1675.439000
1640.477100
1496.654500
1621.428200
1583.187100
1605.101700
1608.781800
1637.923600
1653.883500
1468.497800
1438.030100
1579.949900
1386.744700
1584.955500
1467.511000
1552.923800
1495.397900
1494.736500
1489.449200
1468.559700
1558.806600
1653.115100
1522.906500
1494.253800
1483.196800
1509.480900
1569.068100
1387.943500
1548.880400
1447.016100
1544.067100
1514.099600
1554.044300
1431.613900
1465.022000
1600.205000
1544.124700
1552.394300
1594.809500
1584.184300
1633.349200
1597.618800
1489.474600
1627.331500
1655.938800
1381.027000
1406.457800
1398.297200
1534.279200
1511.964000
1505.246500
1481.596500
1595.542700
1605.631500
1505.341500
1574.757000
1614.539000
1550.733700
1536.336700
1554.716700
1517.769000
1448.711500
1513.314900
1441.355800
1526.163000
1500.903100
1469.542400
1586.735500
1639.801800
1558.180200
1468.876900
1508.961900
1571.510400
1404.659600
1515.037400
1501.265800
1523.415200
1486.495900
1509.753000
1481.981000
1460.745100
1507.600700
1662.769800
1332.260700
1491.224500
1485.648000
1530.225800
1440.750700
1541.983800
1465.137000
1456.740900
1481.807200
1483.635000
1586.923300
1474.999900
1530.013100
1511.661700
1499.330700
1657.469200
1554.575700
1607.151200
1543.822900
1485.031300
1495.283700
1492.459600
1573.157900
1593.686900
1607.485300
1488.789200
1503.759500
1464.740500
1524.202900
1439.753100
1548.642500
1704.401400
1548.498400
1587.547100
1651.995400
1461.395100
1451.216100
1418.971100
1602.426500
1429.927800
1436.129600
1502.215800
1486.530700
1550.462000
1500.299800
1450.293800
1448.186100
1481.027300
1484.796900
1455.321800
1520.271100
1453.809200
1433.444900
1601.267400
1546.384700
1510.099500
1502.891600
1528.191100
1566.840900
1584.101800
1479.557500
1431.375300
1541.677800
1468.708800
1552.194400
1441.426000
1465.279100
1496.365500
1538.454300
1594.757300
1484.309400
1572.402000
1621.683000
1465.229400
1648.778200
1416.485800
1638.908000
1641.147800
1618.186900
1569.337700
1611.887000
1391.519400
1399.867700
1450.218700
1559.572700
1420.682500
1409.931100
1567.573000
1571.424000
1567.803900
1532.390700
1377.305400
1407.214800
1352.165200
1490.069700
1491.856800
1452.783100
1467.386000
1589.929300
1644.213600
1663.127300
1539.740700
1524.304200
1465.996200
1630.564000
1440.514800
1392.498000
1525.670100
1508.098300
1442.269800
1378.068000
1653.368500
1591.734400
1728.473600
1732.467700
1327.534400
1393.712500
1432.962500
1524.548000
1435.998100
1458.141200
1571.202900
1652.307000
1346.450700
1523.808500
1557.963100
1605.480700
1587.341900
1366.030000
1668.993700
1707.916800
1494.682200
1341.576900
1608.938400
1742.004500
1430.836800
1486.115600
1679.789000
1405.216200
1472.660400
1540.705600
1449.321200
1653.711700
1448.404700
1475.229900
1368.143000
1472.127100
1382.854500
1398.574800
1555.092500
1651.811000
1432.466000
1385.508800
1522.581000
1464.595400
1440.844200
1549.929100
1437.517500
1487.149900
1437.890800
1479.318900
1692.027000
1562.926100
1533.856800
1533.878300
1491.003800
1588.429400
1393.381000
1411.445000
1350.484700
1573.016600
1699.259400
1471.849500
1406.234700
1304.384800
1653.819200
1478.512300
1607.286300
1454.086900
1567.437000
1519.433600
1451.578800
1347.974200
1363.832800
1539.460700
1767.865500
1606.851000
1566.012300
1512.980100
1679.368700
1381.664800
1648.829400
1467.559300
1389.020700
1447.629100
1456.537400
1530.826700
1412.056500
1572.985600
1587.434800
1411.453800
1529.950400
1492.636400
1534.172500
1592.151900
1496.739200
1552.575500
1294.756700
1534.516600
1547.818600
1438.192400
1406.752600
1483.841000
1598.933000
1413.845900
1422.581300
1420.147500
1621.309300
1381.093300
1477.717000
1468.149600
1597.480100
1473.255000
1618.883100
1498.231800
1382.540800
1439.611100
1439.210700
1578.548400
1282.698200
1620.406200
1397.935900
1527.678800
1585.862000
