0.042140,1.485365,0.503045
-0.001609,1.476729,0.459431
0.083830,1.464610,0.441314
0.013243,1.481735,0.516387
-0.044787,1.460951,0.453570
0.010843,1.666217,0.484092
0.055008,1.877454,0.501924
0.130498,2.016687,0.518015
-0.154803,1.731310,0.378781
-0.236155,1.702856,0.316866
-0.214708,1.726236,0.323063
-0.152003,1.784085,0.318925
-0.054984,1.887482,0.371891
0.002572,1.920273,0.378162
-0.010138,1.964186,0.399686
-0.084560,1.930117,0.369049
-0.210151,1.949496,0.248114
-0.178044,1.942623,0.207686
-0.206683,1.925060,0.096938
-0.209156,1.911816,0.099320
-0.182527,1.950570,0.116231
-0.126574,1.977358,0.102398
-0.183887,2.028010,0.109729
-0.148795,2.013247,0.023279
-0.087705,1.981786,-0.049532
-0.131527,1.973373,-0.139036
-0.049864,1.994437,-0.083617
-0.119925,2.015716,-0.125808
-0.159212,2.084177,-0.130669
-0.176700,2.178658,-0.073511
-0.170244,2.235114,-0.006268
-0.119426,2.287153,0.090606
-0.117769,2.316130,0.082101
-0.139905,2.275371,0.108310
-0.155141,2.243238,0.071040
-0.201418,2.291918,0.182241
-0.235298,2.206971,0.099092
-0.261317,2.411864,0.296734
-0.293393,2.529423,0.343901
-0.284494,2.361729,0.315125
-0.089987,2.595400,0.729831
-0.080915,2.510429,0.808852
-0.054329,2.482661,0.864945
-0.070319,2.563000,0.894553
-0.059814,2.511789,0.917255
-0.043320,2.562178,0.858665
-0.033990,2.615907,0.847777
0.021893,2.606073,0.844688
0.167475,2.633675,0.787179
0.237895,2.671430,0.759916
0.431185,2.714942,0.621081
0.434299,2.693259,0.516870
0.330919,2.677682,0.473184
0.550018,2.729089,0.407079
0.777784,2.844834,0.408808
0.920146,2.702292,0.351067
0.948946,2.635831,0.313523
0.969391,2.648592,0.117101
0.970417,2.697860,0.066313
0.900525,2.712127,0.150290
0.795876,2.732045,0.210864
0.819711,2.684171,0.183527
0.886537,2.651123,0.193419
0.937439,2.644856,0.192720
1.060836,2.603452,0.158299
0.937642,2.593013,0.153362
0.920080,2.609118,0.154973
0.764319,2.517263,0.262752
0.743572,2.477776,0.202555
0.751553,2.452546,0.177804
0.811722,2.437711,0.188355
0.876814,2.415166,0.212988
0.989178,2.391252,0.315069
0.993874,2.358334,0.328629
1.043368,2.297623,0.436710
1.021489,2.288243,0.386515
1.132264,2.367632,0.415415
1.094225,2.396653,0.394166
1.097855,2.372990,0.540619
1.033156,2.412591,0.430471
0.983083,2.497990,0.303618
0.991300,2.587485,0.317405
1.044211,2.625885,0.348299
1.114261,2.589999,0.392281
1.203590,2.563895,0.385138
1.314007,2.525841,0.378503
1.285818,2.661404,0.519860
1.232419,2.638341,0.520462
1.366462,2.607969,0.500714
1.405872,2.576325,0.533638
1.372917,2.543540,0.680826
1.338846,2.354287,0.872922
1.339246,2.549227,0.835868
1.370778,2.718529,0.801673
1.369463,2.679503,0.767720
1.359400,2.675874,0.768107
1.423126,2.583105,0.820214
1.379363,2.522799,0.853857
1.409999,2.654711,0.889345
1.458056,2.425254,0.720835
1.492623,2.393966,0.683401
1.553469,2.401627,0.649090
1.515158,2.377581,0.621011
1.590439,2.338755,0.600826
1.506346,2.219285,0.600866
1.474909,2.225453,0.626699
1.493696,2.238513,0.597196
1.581617,2.221051,0.617909
1.580471,2.311343,0.564617
1.554680,2.317342,0.602037
1.419397,2.200133,0.623346
1.377818,2.151572,0.578463
1.366878,2.170147,0.611828
1.412083,2.160920,0.729908
1.289761,2.232985,0.692282
1.428323,2.324671,0.545261
1.467034,2.296157,0.529211
1.599051,2.399035,0.492161
1.658446,2.424421,0.436138
1.672983,2.463451,0.453344
1.698480,2.507607,0.495665
1.703820,2.516135,0.470240
1.703856,2.655810,0.582080
1.669328,2.647827,0.614496
1.644893,2.727000,0.602869
1.674787,2.781359,0.592246
1.643909,2.922799,0.670528
1.658939,2.939694,0.670462
1.630666,2.925595,0.550803
1.612503,2.967164,0.452260
1.561388,2.989992,0.381218
1.625861,3.026344,0.414170
1.586724,2.994516,0.447175
1.557108,2.972790,0.491298
1.620660,2.802676,0.474893
1.462011,2.742310,0.371772
1.462416,2.732435,0.351464
1.430086,2.743658,0.401881
1.419444,2.774848,0.401649
1.450616,2.684730,0.382002
1.536562,2.768268,0.325018
1.541299,2.741029,0.315087
1.562589,2.760318,0.338648
1.495366,2.799534,0.389191
1.468821,2.834914,0.364603
1.354841,2.826140,0.339924
1.305339,2.845495,0.342616
1.252957,2.817766,0.270827
1.321903,2.752876,0.275699
1.454385,2.715335,0.306931
1.553100,2.666527,0.321971
1.672177,2.578608,0.324586
1.860861,2.484814,0.353684
1.763089,2.490435,0.365388
1.771224,2.496946,0.356187
1.715057,2.495529,0.341434
1.639393,2.618212,0.356069
1.684965,2.673931,0.346156
1.582721,2.672411,0.182546
1.501893,2.657274,0.188716
1.468877,2.656593,0.219302
1.377008,2.668206,0.268420
1.550617,2.624428,0.269476
1.711302,2.594608,0.259575
1.767506,2.610085,0.297189
1.779189,2.661165,0.248563
1.805618,2.674126,0.278710
1.785993,2.648232,0.301624
1.734794,2.759204,0.309452
1.761380,2.729729,0.354678
1.832829,2.700303,0.406102
1.862629,2.708099,0.360934
1.892947,2.647605,0.372448
1.909106,2.739719,0.383172
1.837964,2.665669,0.373613
1.696410,2.586640,0.359954
1.565147,2.467621,0.365402
1.515672,2.477303,0.471945
1.538746,2.488108,0.398362
1.542308,2.541200,0.419267
1.527571,2.548219,0.439787
1.484150,2.570834,0.408323
1.306068,2.505531,0.356541
1.335596,2.536613,0.330702
1.252199,2.549576,0.316498
1.178469,2.561058,0.347642
1.272218,2.496187,0.290716
1.310463,2.470762,0.273092
1.266362,2.458167,0.228698
1.391581,2.437465,0.260160
1.418999,2.400411,0.250983
1.443296,2.468246,0.208816
1.443571,2.386721,0.217724
1.321186,2.501433,0.170590
1.309489,2.744069,0.224636
1.407948,2.786927,0.237054
1.482789,2.854525,0.167151
1.361297,2.882768,0.215044
1.232426,2.893088,0.354349
1.251138,2.935859,0.351814
1.223687,2.949661,0.349417
1.263745,2.912961,0.379822
1.249405,2.862496,0.362131
1.274735,2.955177,0.341698
1.274778,2.912579,0.398927
1.335081,2.914703,0.408965
1.401512,3.041186,0.342923
1.405662,3.089649,0.356101
1.439862,3.099395,0.356276
1.436022,3.125019,0.316981
1.547859,3.134939,0.449516
1.547927,3.159774,0.486278
1.595756,3.084277,0.483243
1.545910,3.062927,0.485562
1.538652,3.113671,0.458262
1.574969,3.008305,0.261350
1.576421,3.007188,0.294206
1.612036,3.174889,0.456069
1.618916,3.251081,0.502221
1.629036,3.274562,0.312713
1.529254,3.249091,0.238430
1.594977,3.240376,0.203749
1.573190,3.275475,0.201028
1.633425,3.204967,0.096066
1.505529,3.140420,0.010472
1.548919,3.103683,0.036938
1.592867,3.138960,0.025615
1.691258,3.171455,-0.017514
1.766623,3.259108,0.014475
1.836103,3.289378,0.000798
1.953243,3.218604,-0.036540
1.986332,3.210010,-0.100709
1.971483,3.308467,-0.060448
1.844197,3.294041,-0.075639
1.880389,3.368969,-0.098932
2.016439,3.537261,0.015011
1.955538,3.520207,0.053144
1.951716,3.554242,0.055122
1.953652,3.560460,-0.020136
1.960331,3.629058,-0.044094
2.040472,3.657515,0.055833
2.053139,3.307430,-0.103597
2.027767,3.222028,-0.151628
2.086435,3.057939,-0.129310
2.094111,3.003978,-0.162729
2.226630,2.995188,-0.136223
2.263771,3.010887,-0.131288
2.254263,3.060093,-0.248096
2.239391,3.081717,-0.278981
2.305375,2.995273,-0.294958
2.295350,2.955116,-0.381751
2.322497,2.918930,-0.424553
2.288924,2.951945,-0.495463
2.315509,3.066696,-0.545895
2.178987,3.165037,-0.641991
2.291364,3.075678,-0.563425
2.364650,2.988755,-0.553781
2.334882,2.997612,-0.612320
2.503628,3.032298,-0.763397
2.524246,3.068185,-0.718953
2.534907,3.100181,-0.683503
2.520207,3.105378,-0.649100
2.517714,3.078691,-0.779242
2.525111,3.154480,-0.733887
2.594104,3.170672,-0.799828
2.614133,3.210921,-0.724219
2.526993,3.326126,-0.620393
2.514707,3.308377,-0.637193
2.489591,3.248177,-0.644705
2.493110,3.188510,-0.567505
2.558863,3.139636,-0.581075
2.619996,3.074436,-0.611513
2.694545,3.042494,-0.582947
2.684283,3.035685,-0.592861
2.818684,3.088993,-0.554397
2.875629,3.153784,-0.577246
2.780989,3.171424,-0.514772
2.704415,3.183760,-0.593912
2.668912,3.209792,-0.700803
2.619822,3.224077,-0.676284
2.538483,3.211022,-0.736229
2.462985,3.245986,-0.839951
2.529755,3.182400,-0.763886
2.576780,3.153312,-0.714890
2.596568,3.142952,-0.700843
2.571000,3.132582,-0.684395
2.694560,3.210355,-0.579194
2.730051,3.262246,-0.552285
2.786649,3.298301,-0.558985
2.883085,3.269024,-0.538726
2.920018,3.293807,-0.534697
2.980294,3.232929,-0.554591
3.114866,3.276144,-0.560823
3.241389,3.349143,-0.693704
3.384434,3.394634,-0.787178
3.353981,3.414245,-0.853847
3.195397,3.315283,-0.739972
3.121885,3.222633,-0.667085
3.094080,3.137725,-0.561064
3.064816,3.093593,-0.533173
2.852525,3.008333,-0.550719
2.828378,2.993378,-0.573314
2.844359,3.011199,-0.539188
2.824286,3.038343,-0.528838
2.786788,2.964330,-0.551939
2.763571,2.824795,-0.531458
2.816755,2.786888,-0.471713
2.806619,2.836226,-0.545709
2.820516,2.818539,-0.585664
2.835489,2.838254,-0.549943
2.856739,2.768467,-0.588630
2.890172,2.696222,-0.636425
2.907532,2.580532,-0.594530
2.897312,2.533203,-0.550384
2.909277,2.579083,-0.641442
2.773113,2.623638,-0.618655
2.599758,2.673010,-0.583804
2.736701,2.626839,-0.484476
2.847934,2.499579,-0.457658
2.614364,2.581941,-0.564471
2.527357,2.543791,-0.575448
2.455387,2.563625,-0.664696
2.494720,2.498382,-0.716658
2.485706,2.513697,-0.661273
2.345986,2.499537,-0.693339
2.273565,2.385299,-0.773043
2.275526,2.397028,-0.757325
2.404246,2.212980,-0.761127
2.240550,2.207060,-0.819551
2.269801,2.214672,-0.853298
2.223678,2.188355,-0.803316
2.256474,2.194093,-0.819639
2.303200,2.198138,-0.830711
2.305747,2.238097,-0.830641
2.342284,2.217502,-0.920409
2.183271,2.191609,-1.107850
2.173244,2.152790,-1.142247
2.198022,2.119084,-1.119400
2.319286,2.145940,-1.055443
2.225561,2.147183,-1.052553
2.251797,2.158429,-1.060268
2.046066,2.051923,-1.124226
1.902489,2.050138,-1.266564
1.971430,2.012240,-1.258687
1.949078,2.091570,-1.249774
1.851109,2.020586,-1.262085
1.809519,2.023122,-1.236894
1.768258,1.942421,-1.160508
1.736933,1.927792,-1.158433
1.684916,1.991873,-1.160338
1.705902,1.972097,-1.150324
1.698632,1.975801,-1.171884
1.762730,2.010329,-1.202804
1.701786,1.932850,-1.231817
1.613763,1.884998,-1.271833
1.655485,1.895075,-1.412176
1.699970,1.890875,-1.171053
1.692686,1.817807,-1.018325
1.676858,1.824703,-1.061170
1.748484,1.926842,-1.165675
1.795189,1.939709,-1.151640
1.873248,1.988429,-1.180689
1.918037,1.895261,-1.289319
1.940692,1.834674,-1.313902
1.971152,1.821022,-1.275314
2.111912,1.738246,-1.195520
2.133654,1.897099,-1.244505
2.191097,1.427572,-1.331069
2.158587,1.352161,-1.367044
2.102128,1.430484,-1.401195
2.105368,1.477484,-1.303030
2.209209,1.546021,-1.224851
2.208965,1.584376,-1.217680
2.358683,1.551914,-1.220043
2.389129,1.558790,-1.194004
2.448218,1.475630,-1.147108
2.518121,1.530485,-1.265034
2.414389,1.455647,-1.094877
2.392370,1.484701,-0.997850
2.412358,1.524141,-0.937531
2.371498,1.644346,-0.996304
2.364889,1.710556,-0.962561
2.311565,1.638465,-1.090856
2.261720,1.597379,-1.084227
2.256593,1.621446,-1.161617
2.268236,1.672422,-1.144259
2.306420,1.579391,-1.156132
2.329955,1.651380,-1.227324
2.266958,1.634829,-1.153160
2.292635,1.654658,-1.137596
2.382628,1.712906,-1.122373
2.358490,1.882285,-1.092452
2.385026,2.034106,-1.066759
2.365789,2.142251,-1.069104
2.398082,1.962897,-1.128114
2.372360,2.108022,-1.144258
2.356732,2.125300,-1.165029
2.432133,2.047885,-1.095046
2.335210,2.177105,-1.107188
2.588748,2.229215,-1.216237
2.734288,2.052984,-1.230314
2.765948,2.023704,-1.194378
2.806705,1.996858,-1.200792
2.890249,2.036864,-1.240627
2.710183,2.072410,-1.269950
2.687362,2.028104,-1.292091
2.631757,1.972011,-1.283383
2.594170,1.889000,-1.270246
2.571125,1.784359,-1.161675
2.517364,1.706560,-1.031198
2.485554,1.780894,-0.946806
2.485868,1.782958,-0.973437
2.528173,1.867619,-0.924690
2.504616,1.901587,-0.901481
2.539763,1.915349,-0.987573
2.588850,1.809853,-1.145501
2.605552,1.818089,-1.240560
2.603187,1.861134,-1.134292
2.683015,1.803229,-1.282188
2.664001,1.716515,-1.288177
2.599132,1.695634,-1.314460
2.605174,1.684966,-1.309844
2.546575,1.641339,-1.251908
2.440455,1.650137,-1.154830
2.409147,1.665424,-1.176231
2.429066,1.578132,-1.170175
2.450419,1.541512,-1.174465
2.539135,1.628496,-1.143853
2.531567,1.721169,-1.159054
2.490487,1.846298,-1.155756
2.476969,1.862314,-1.128316
2.427410,1.808685,-1.089454
2.400529,1.873708,-1.147971
2.469667,1.885435,-1.167550
2.467093,1.826851,-1.106366
2.566812,1.854984,-1.303644
2.680387,1.805270,-1.280797
2.606527,1.808766,-1.500708
2.676979,1.803961,-1.544654
2.717601,1.544091,-1.455869
2.676743,1.542609,-1.425009
2.636897,1.593735,-1.418468
2.653444,1.607594,-1.422238
2.692705,1.679183,-1.438208
2.692909,1.742035,-1.475386
2.628877,1.874676,-1.642097
2.705431,1.809805,-1.567368
2.754618,1.891989,-1.593516
2.761886,1.937098,-1.683175
2.711936,2.047318,-1.674139
2.673273,2.136608,-1.641709
2.553733,1.897130,-1.741112
2.522510,1.849370,-1.768922
2.530691,1.816807,-1.761592
2.446425,1.759796,-1.803192
2.479828,1.727385,-1.735051
2.362509,1.754334,-1.719588
2.345538,1.807563,-1.835073
2.310569,1.816725,-1.797299
2.282155,1.826668,-1.826293
2.328893,1.890822,-1.857917
2.204739,1.846359,-1.820395
2.422737,1.730007,-1.758574
2.136066,1.602102,-1.697222
2.226425,1.588351,-1.699396
2.243730,1.601592,-1.712188
2.201180,1.699517,-1.717120
2.095973,1.727076,-1.769557
2.078411,1.769053,-1.835889
2.099990,1.720575,-1.815813
2.129291,1.730648,-1.841566
1.979752,1.733418,-1.820903
1.981597,1.669417,-1.785368
1.948672,1.813530,-1.756672
1.777446,1.785824,-1.736452
1.666412,1.843225,-1.749102
1.702494,1.942019,-1.898220
1.724563,1.798278,-1.887322
1.770791,1.859883,-1.858397
1.796418,1.977089,-1.805260
1.860050,1.947017,-1.754318
2.051398,1.794671,-1.712649
2.129638,1.796543,-1.626061
2.165481,1.774807,-1.557415
2.127612,1.731613,-1.522365
2.105895,1.773855,-1.424176
2.148767,1.734345,-1.339893
2.205950,1.662788,-1.443347
2.311987,1.584696,-1.646208
2.399615,1.496282,-1.956091
2.482252,1.507274,-1.988155
2.417592,1.617436,-1.511422
2.386939,1.396522,-1.872642
2.337502,1.396805,-1.988532
2.260181,1.375197,-2.011287
2.115728,1.340036,-2.035407
2.069665,1.312620,-2.041459
2.226377,1.271800,-2.117101
2.158303,1.191402,-2.027456
2.057708,1.182134,-1.962017
