1438.090800
1365.220400
1528.616900
1363.572500
1349.094200
1452.489800
1428.333200
1403.319800
1423.690000
1234.379300
1485.352200
1403.666200
1386.694100
1386.860400
1412.340200
1358.657500
1346.873300
1440.036700
1346.173100
1242.573600
1368.942600
1421.776000
1366.331600
1416.390000
1357.994700
1338.873000
1287.226600
1391.836800
1381.645200
1406.049800
1454.826500
1481.019200
1510.848600
1482.792200
1280.787200
1441.759900
1446.811300
1473.162400
1434.540400
1472.287600
1486.817000
1433.791600
1325.934000
1375.888200
1469.113000
1452.524000
1456.409700
1295.366500
1329.618200
1278.259400
1538.356000
1475.761500
1434.273400
1525.195900
1455.568700
1397.580300
1443.155300
1436.475600
1362.794100
1430.849600
1343.075400
1464.901000
1237.271500
1374.028500
1373.666300
1260.809500
1462.728300
1435.679700
1336.281200
1423.632200
1458.717500
1450.768000
1373.250400
1362.617300
1543.697800
1424.827400
1312.275500
1360.118900
1369.646100
1313.258300
1471.408200
1461.688800
1296.379700
1312.084000
1321.315000
1519.157300
1453.219400
1432.360100
1462.425200
1560.781300
1516.912000
1356.236400
1485.870400
1339.209100
1383.157900
1488.605100
1444.120800
1473.995000
1362.148200
1499.529800
1550.402000
1342.720400
1373.427400
1533.634800
1402.150600
1497.755200
1407.373300
1272.038300
1279.784400
1320.721200
1369.045900
1403.911700
1383.040600
1358.016500
1273.889100
1480.462000
1452.916400
1449.539800
1344.029900
1445.267600
1405.015100
1481.082700
1581.175400
1300.037300
1321.303400
1362.952100
1455.293700
1343.881700
1409.423400
1408.497200
1543.761200
1528.086500
1441.541500
1371.099600
1510.866300
1490.285200
1455.274700
1418.021600
1454.852900
1489.023200
1481.500600
1368.803000
1400.349800
1395.401100
1374.352900
1410.551300
1406.258200
1386.620800
1446.362000
1460.086500
1369.136500
1448.572600
1509.418800
1518.512300
1479.800800
1283.762900
1402.520500
1470.673800
1470.321800
1426.421000
1585.863100
1451.794600
1443.657800
1471.377800
1518.225300
1370.749400
1521.044700
1433.331800
1380.091800
1530.044800
1547.524700
1458.080000
1571.118900
1469.456900
1479.828600
1411.952300
1459.814400
1417.510000
1240.574200
1464.503300
1440.364000
1386.021700
1454.557000
1547.709900
1448.929200
1406.912000
1380.204700
1410.020600
1453.554700
1292.175000
1522.949300
1527.340200
1547.239400
1517.099700
1532.778700
1588.285200
1299.774700
1519.224500
1328.608300
1366.665300
1565.163100
1410.807600
1385.992500
1416.578400
1463.392000
1524.689300
1403.105200
1439.460500
1603.685400
1514.054400
1561.131700
1586.224100
1580.768400
1419.839500
1512.915200
1542.036100
1417.473300
1422.105400
1443.146000
1440.902900
1417.900700
1566.799200
1592.983000
1378.452100
1555.195000
1470.126800
1412.935000
1463.841200
1517.815000
1485.087300
1532.416600
1479.897800
1432.475200
1541.694400
1443.103800
1391.474800
1497.202300
1347.452900
1389.727800
1335.556400
1436.057600
1377.861700
1408.991300
1495.247200
1508.371000
1233.084300
1441.192600
1302.807000
1520.906500
1380.624700
1362.448200
1319.250400
1375.963400
1500.106700
1470.929000
1492.100100
1367.500600
1422.010900
1415.611600
1365.460800
1319.964000
1430.535600
1370.027100
1453.273700
1458.589500
1434.198200
1413.725900
1425.192800
1297.552100
1592.430900
1505.305000
1226.751300
1234.048500
1225.072100
1207.308900
1624.054200
1383.203500
1493.434700
1329.322700
1440.029400
1367.872400
1371.017300
1516.832500
1444.046800
1382.719500
1448.939300
1342.630600
1562.796300
1579.211600
1363.578000
1404.623700
1376.199100
1451.226400
1294.338300
1409.968500
1331.019300
1332.629200
1418.752100
1481.209600
1431.642500
1500.436900
1422.015200
1429.694200
1383.378300
1363.526900
1335.726500
1405.229000
1419.383500
1245.370400
1306.182100
1491.311500
1235.860000
1461.713100
1388.689900
1362.203500
1275.991200
1401.197400
1391.334100
1261.017000
1559.892000
1461.471100
1454.339000
1426.878500
1417.225300
1311.185600
1369.855400
1420.325700
1481.233900
1296.477100
1445.986300
1263.519000
1455.996200
1472.725600
1462.599900
1534.765900
1368.076500
1329.090000
1384.640400
1358.588800
1541.082700
1509.388700
1472.119400
1500.500800
1453.291100
1207.555900
1324.195000
1454.338300
1535.533200
1407.920400
1404.792300
1421.321500
1353.800700
1458.236900
1462.515900
1496.984700
1498.266300
1459.744400
1357.950800
1340.292300
1349.678700
1357.653100
1345.978600
1288.522000
1323.408100
1399.454600
1387.131600
1223.307200
1332.899900
1480.197500
1244.713000
1362.662400
1346.906300
1300.454300
1534.515700
1520.893900
1426.279900
1435.238800
1492.912700
1275.452000
1434.328500
1455.522300
1451.001000
1450.590900
1338.250100
1403.867400
1319.938100
1256.670600
1417.910600
1427.164800
1461.497800
1487.402500
1300.107400
1291.953400
1346.324300
1234.450600
1361.046900
1374.360200
1439.233100
1372.929800
1320.045900
1307.382500
1297.908400
1348.042700
1493.484500
1507.327600
1346.699800
1397.965800
1441.198200
1478.952400
1432.327500
1394.378600
1455.725700
1442.715400
1340.881200
1325.781300
1351.198500
1307.291600
1332.755100
1518.605200
1523.347100
1474.431300
1445.882600
1293.333000
1312.708200
1410.813900
1522.299300
1459.697200
1356.555000
1408.366600
1447.650900
1448.272500
1334.129700
1400.278000
1438.127900
1427.945000
1466.541500
1419.262000
1291.124700
1284.086900
1446.736200
1379.991500
1456.527200
1351.350600
1429.613900
1391.967800
1432.112600
1420.752500
1407.209400
1435.823200
1483.502600
1529.860500
1340.404900
1435.289000
1512.797700
1387.854500
1429.504700
1326.338300
1369.313600
1416.832600
1253.436400
1470.698500
1346.703500
1207.641200
1397.819300
1346.998200
1512.902900
1339.543000
1422.195600
1395.684600
1398.798000
1406.530800
1532.512500
1461.088000
1465.095000
1404.202200
1271.876400
1284.546300
1196.858800
1282.368800
1307.807700
1395.194200
1429.698500
1358.824900
1473.681700
1408.395000
1515.122600
1365.157700
1344.032100
1375.378300
1270.957700
1404.106700
1212.288100
1407.751600
1420.400200
1411.470700
1481.410100
1477.560200
1400.980500
1398.977500
1430.526400
