731.312400
743.298000
741.750000
789.559400
734.818200
738.523800
733.764200
727.275600
779.639700
759.529800
801.218300
757.034500
700.428600
708.731800
753.141800
740.745800
783.501100
764.224300
750.927900
713.390300
725.510900
721.949600
725.647300
739.469100
778.340100
761.251000
790.201800
796.082100
778.571500
799.843300
803.673700
800.423800
717.662500
768.820000
803.241500
801.440200
819.612400
814.230700
814.065900
829.315500
821.058800
784.279600
779.269300
756.266100
808.885900
795.592600
755.193700
754.147300
797.325100
799.128200
757.183300
748.042800
748.243200
746.721400
751.347800
746.310900
775.763800
782.012100
822.913800
789.441300
737.086300
768.280400
802.277300
803.025400
800.540800
769.047700
838.829200
762.504400
835.600200
800.651200
744.144000
765.486600
861.805200
816.509200
779.535700
735.855200
803.761800
807.195500
797.704600
794.846900
797.634200
822.512900
843.787500
727.918100
764.226600
794.356400
766.299000
745.592700
735.253200
720.631700
738.422600
760.988200
792.890400
784.123500
771.553000
832.536000
806.143500
742.611900
777.143500
773.100700
758.398100
804.944800
748.495200
710.461400
782.685800
821.494500
848.003600
763.161200
773.339900
744.048900
775.614300
735.496100
777.443100
778.307000
753.199300
776.146700
753.612000
798.300400
806.299800
733.916500
746.504600
774.623300
809.241100
802.987900
718.940700
766.847200
782.729600
781.243100
820.649400
760.831200
830.151700
814.787100
816.558500
784.691300
788.180300
790.072200
782.428300
755.867200
792.157300
798.469100
788.484100
784.418600
810.127800
775.176200
758.003600
738.707700
803.816100
833.065000
787.232000
786.403800
791.843100
726.332200
777.836000
816.370400
710.026600
805.358000
837.474200
796.183500
724.250000
749.397300
732.917200
838.300000
794.414700
779.967700
739.636900
775.756800
653.767300
733.280400
750.325300
738.626400
755.575300
831.804300
760.341100
777.438100
758.673400
782.379500
721.378200
784.146500
818.355700
792.036800
750.260300
778.828500
806.088800
771.410600
782.733800
756.372200
757.863700
751.727800
824.244600
806.070100
778.504100
746.065600
809.698700
794.650600
756.613300
726.847500
746.881200
769.383900
691.955800
775.965100
803.892500
752.025800
769.401000
793.457700
801.690300
794.811300
758.932500
785.149300
748.339300
697.760200
756.864100
733.695300
723.845500
789.237700
781.251900
782.572400
783.501000
818.000300
787.808200
746.542900
752.370700
739.360300
732.150700
817.834100
793.134500
745.482100
794.688000
722.982200
816.867200
772.423500
743.938600
757.088000
741.703500
763.981400
714.796300
721.141700
700.719500
806.128400
805.172200
733.812400
770.716300
773.735100
778.300000
844.841600
714.205900
739.224500
768.689900
741.682700
693.114000
760.568400
769.854000
777.801500
792.135300
704.372600
736.023100
784.041600
760.704500
745.478000
760.211200
752.440700
752.174600
768.488300
745.620300
745.420200
780.780000
668.680800
757.899100
813.513100
723.670700
792.211700
772.624900
783.568000
616.374600
740.803600
727.479600
773.083000
796.736100
846.095400
759.517900
709.200600
749.927600
772.357500
758.455000
813.296300
776.850400
777.390100
797.864000
757.490100
738.052200
737.491500
730.458900
725.701900
766.183300
735.732100
848.882100
820.597200
790.448500
762.664700
795.477800
785.151600
752.559700
744.001000
759.600500
797.192600
721.293400
714.172300
733.129800
739.301800
778.420800
798.210700
747.831000
792.065500
764.839400
802.670300
765.134100
719.479000
744.130200
715.560000
779.640000
632.973700
784.812900
740.312800
795.948000
749.326800
823.699800
841.052800
695.524400
778.427400
778.111600
788.563400
827.706500
784.087000
791.374600
725.143200
781.473000
774.712100
781.733100
733.157800
737.674300
735.593300
775.914300
749.774400
813.835000
796.354900
823.784600
768.058900
696.839200
731.591700
819.514800
822.289500
738.027500
681.051200
731.985200
712.989100
735.948400
725.554600
721.347600
726.421700
725.769900
665.055700
700.493400
803.160900
811.165900
736.018800
734.484800
779.583500
800.377000
710.375900
794.384400
725.185200
804.879800
694.925500
754.404400
784.670800
815.670500
783.710800
668.915000
825.586400
743.062800
840.432900
754.551500
860.319300
686.242600
801.776800
793.405100
822.624000
825.847700
817.720000
774.879700
631.287200
766.135500
731.263100
763.165000
720.662300
835.878300
761.076800
798.420300
808.616500
753.739200
633.774100
736.396500
731.963900
770.062000
806.844900
847.559200
769.562800
759.249400
802.849300
768.884600
803.454500
787.786400
767.655700
864.617700
752.750900
816.159600
847.545500
758.498600
760.075300
740.628700
693.891400
721.999700
813.147800
778.985600
691.939100
736.088900
686.317400
821.721700
768.695300
760.356500
704.581500
781.198400
734.432700
756.054800
791.812000
800.584700
755.619100
741.992300
813.282400
814.780100
831.097700
704.402300
744.287600
800.781200
727.509100
799.637600
745.115300
783.577600
730.419800
746.863800
703.974500
753.453900
828.839800
788.360600
765.115700
783.150200
763.768400
826.779300
716.750900
816.760900
775.635300
765.833500
754.728900
707.371700
733.132500
931.594600
876.486700
826.647100
796.859700
742.934300
738.310800
862.633100
844.077400
831.237100
786.710900
699.108200
751.575000
848.327900
806.323200
759.066200
769.845500
785.901700
723.698100
780.549100
749.076600
805.775200
758.278100
720.309400
739.309400
734.911300
750.348800
796.627400
766.861900
653.895000
788.836400
817.809300
770.489800
757.896000
744.525900
874.015900
682.004300
