0.040489,1.483846,0.502667
0.027875,1.466664,0.544618
0.036993,1.507279,0.540809
0.136655,1.526915,0.676213
0.126481,1.577977,0.712887
0.063483,1.608185,0.751540
0.099585,1.614297,0.623718
0.104787,1.586741,0.525482
0.104523,1.521611,0.471528
0.115396,1.523391,0.443659
0.131936,1.559369,0.417139
0.193301,1.578061,0.441360
0.145022,1.518620,0.412474
0.099442,1.535439,0.408010
0.138509,1.507452,0.408489
0.136874,1.527461,0.404365
0.088425,1.432150,0.349565
0.118554,1.528149,0.376367
0.214455,1.706933,0.403524
0.161573,1.605081,0.377578
0.125606,1.602493,0.294842
0.113495,1.642404,0.226862
0.124556,1.572785,0.189891
0.198624,1.455519,0.275088
0.263710,1.427941,0.317004
0.259180,1.417225,0.351303
0.420040,1.161019,0.389684
0.380549,1.171455,0.301250
0.380200,1.097286,0.241716
0.321529,1.124214,0.194779
0.215832,1.167038,0.154239
0.250889,1.199439,0.061833
0.306363,1.191740,0.068836
0.307756,1.211308,0.063702
0.248715,1.211982,0.047968
0.196450,1.203681,-0.190853
0.187927,1.248591,-0.188985
0.231177,1.296592,-0.348278
0.225221,1.200319,-0.352808
0.208133,1.184699,-0.366677
0.252512,1.157867,-0.423908
0.247859,1.156204,-0.478129
0.311266,1.189927,-0.538402
0.316419,1.263597,-0.493087
0.363530,1.204601,-0.506917
0.377909,1.219667,-0.440714
0.339358,1.199169,-0.410370
0.413624,1.047337,-0.422833
0.381426,1.062756,-0.470454
0.299781,1.002519,-0.527507
0.389159,1.128743,-0.374344
0.400030,1.143174,-0.467750
0.407089,1.130787,-0.578692
0.356407,1.099924,-0.550993
0.433522,1.223231,-0.552984
0.466736,1.290305,-0.577630
0.485552,1.281295,-0.590523
0.479978,1.224205,-0.574351
0.546909,1.269596,-0.455907
0.525911,1.279695,-0.454233
0.490680,1.397500,-0.413984
0.472777,1.342535,-0.424913
0.451756,1.325769,-0.423886
0.513455,1.283463,-0.460376
0.546761,1.134051,-0.464166
0.560481,1.175904,-0.376585
0.587798,1.182071,-0.336248
0.672831,1.147392,-0.315442
0.758557,1.250470,-0.348115
0.768108,1.330072,-0.377841
0.927765,1.310587,-0.387190
0.994105,1.288694,-0.399446
0.941102,1.243422,-0.363306
0.965418,1.214518,-0.363607
0.977281,1.197840,-0.372580
1.081412,1.087606,-0.415507
1.112458,1.041302,-0.447922
1.200773,0.858774,-0.415879
1.075771,0.877023,-0.558239
0.972159,0.924896,-0.597991
1.052184,0.865037,-0.544686
1.019928,0.907081,-0.685656
0.906955,0.913660,-0.402164
0.910740,0.866310,-0.396248
0.948759,0.878207,-0.387067
0.940667,0.754537,-0.486662
0.939132,0.751925,-0.458456
0.992494,0.777452,-0.502064
0.981154,0.786329,-0.454898
0.912253,0.747820,-0.424079
0.915946,0.714515,-0.436695
0.974818,0.649397,-0.514317
0.976836,0.614135,-0.564129
1.004210,0.592715,-0.553884
1.014707,0.636697,-0.532961
1.034499,0.630827,-0.544433
1.062557,0.658046,-0.547321
1.042708,0.739418,-0.539326
1.009340,0.801115,-0.512376
1.019441,0.835868,-0.536495
0.992469,0.920022,-0.547006
0.999184,0.955009,-0.498570
1.002976,0.922327,-0.566911
1.091934,1.079814,-0.631907
1.134601,1.151760,-0.638567
1.114721,1.066036,-0.565981
1.112360,1.079841,-0.559459
1.068866,1.012963,-0.569326
1.065430,1.033696,-0.543803
0.968695,0.971957,-0.555771
0.943158,1.021355,-0.490608
0.935208,0.986651,-0.501776
0.934098,0.949372,-0.513935
0.951148,0.951898,-0.474722
0.911025,0.952474,-0.539160
0.865388,0.870040,-0.652407
0.880182,0.848725,-0.572283
0.859082,0.869207,-0.560610
0.890935,0.864884,-0.528123
0.785399,0.779392,-0.586567
0.739287,0.768221,-0.579952
0.733838,0.830228,-0.517247
0.712676,0.789770,-0.494282
0.672040,0.760774,-0.518330
0.659198,0.732722,-0.483009
0.701655,0.643693,-0.531523
0.740480,0.607063,-0.542496
0.780581,0.581050,-0.640725
0.749779,0.573188,-0.663804
0.672603,0.560843,-0.591843
0.687613,0.512627,-0.543961
0.720077,0.471904,-0.561561
0.696851,0.503270,-0.551667
0.692275,0.546429,-0.483238
0.952512,0.554144,-0.384535
0.945252,0.604141,-0.441584
0.862192,0.646099,-0.430794
0.811349,0.597788,-0.425296
0.773507,0.632723,-0.479353
0.780392,0.571443,-0.501838
0.763245,0.559014,-0.489803
0.689448,0.573064,-0.497198
0.642296,0.642643,-0.571836
0.593677,0.635584,-0.547486
0.505266,0.594898,-0.565646
0.546220,0.603728,-0.593912
0.575637,0.711516,-0.640415
0.534924,0.708868,-0.647009
0.285836,0.746573,-0.627375
0.183543,0.773647,-0.626310
0.188490,0.697747,-0.704222
0.170314,0.711630,-0.717916
0.145629,0.692757,-0.699564
0.071516,0.666091,-0.643118
0.030100,0.578099,-0.666158
0.010519,0.522186,-0.684794
-0.056031,0.528608,-0.644761
-0.072003,0.595872,-0.670242
-0.045430,0.594168,-0.682845
0.010693,0.588883,-0.653367
0.000412,0.613970,-0.651738
0.002935,0.537099,-0.619178
-0.001799,0.502260,-0.637171
-0.010790,0.456336,-0.696803
-0.048671,0.403146,-0.621284
-0.058663,0.391055,-0.616213
0.039779,0.401709,-0.578186
0.133112,0.405768,-0.574325
0.132306,0.417591,-0.534662
0.128716,0.345394,-0.504012
0.179884,0.462770,-0.512770
0.166666,0.402317,-0.531319
0.215409,0.405512,-0.592240
0.168451,0.473942,-0.509254
0.219407,0.521610,-0.524637
0.272791,0.663037,-0.417670
0.331009,0.729339,-0.367593
0.447206,0.664523,-0.376466
0.535913,0.719514,-0.380909
0.278852,0.579784,-0.566159
0.655542,0.617220,-0.459574
0.612080,0.623782,-0.542525
0.776083,0.643704,-0.564717
0.925210,0.600116,-0.630708
0.862798,0.563917,-0.728779
1.118153,0.713421,-0.625719
1.150395,0.630956,-0.644281
1.155804,0.591266,-0.634212
1.070813,0.493175,-0.616817
1.037457,0.542863,-0.617878
1.338513,0.672121,-0.561322
1.427614,0.682519,-0.536475
1.362851,0.737337,-0.594991
1.550826,0.705097,-0.718194
1.693597,0.713278,-0.786852
1.663947,0.684793,-0.711990
1.590394,0.668298,-0.590409
1.587526,0.661625,-0.504140
1.552879,0.652466,-0.455341
1.538850,0.649866,-0.468732
1.445204,0.770749,-0.593416
1.443427,0.748577,-0.570371
1.583615,0.734630,-0.553073
1.651814,0.666127,-0.591879
1.610560,0.748491,-0.495235
1.643099,0.755843,-0.508184
1.683378,0.809433,-0.523823
1.736693,0.828276,-0.484735
1.742737,0.850025,-0.451673
1.702099,0.911737,-0.439540
1.633071,1.050552,-0.394100
1.621577,1.160557,-0.415373
1.641547,1.155043,-0.448711
1.555884,1.079939,-0.380323
1.505088,1.074906,-0.504865
1.617340,1.190476,-0.569583
1.596887,1.168965,-0.504012
1.606161,1.182482,-0.452536
1.520330,1.200903,-0.480682
1.497574,1.200218,-0.496921
1.540699,1.123929,-0.517349
1.488366,1.073274,-0.596123
1.551835,1.054747,-0.658021
1.499580,1.220528,-0.539411
1.459162,1.329313,-0.403961
1.425364,1.324520,-0.466189
1.362853,1.361964,-0.600605
1.351282,1.418305,-0.644398
1.397704,1.412180,-0.553933
1.476263,1.298903,-0.605900
1.503894,1.241808,-0.584467
1.609437,1.258408,-0.519178
1.634313,1.255057,-0.508053
1.530704,1.269622,-0.490407
1.561768,1.258668,-0.506019
1.645373,1.415672,-0.619770
1.698264,1.549993,-0.622753
1.778712,1.668033,-0.612559
1.801092,1.694307,-0.536264
1.861494,1.719656,-0.510308
1.944256,1.645311,-0.448730
2.047653,1.463034,-0.476264
2.067905,1.482504,-0.465932
1.980931,1.501421,-0.454285
1.900747,1.464600,-0.438872
1.833619,1.435864,-0.478277
1.865675,1.403791,-0.495115
1.977076,1.440404,-0.540498
1.976033,1.531542,-0.482119
2.033609,1.583642,-0.484617
2.047930,1.535293,-0.585109
2.108418,1.554206,-0.591414
2.172517,1.573441,-0.416438
2.165606,1.518629,-0.481116
2.132580,1.490747,-0.499579
2.182346,1.510199,-0.535057
2.193374,1.564328,-0.562061
2.168846,1.549421,-0.606877
2.160531,1.532482,-0.610080
2.160709,1.631839,-0.643341
2.174025,1.536802,-0.592152
2.187790,1.537220,-0.593760
2.229391,1.441574,-0.501820
2.369953,1.335784,-0.419081
2.273027,1.308443,-0.482743
2.262593,1.303919,-0.497664
2.338430,1.315121,-0.428827
2.330523,1.235022,-0.432311
2.223971,1.100175,-0.477465
2.239357,1.102933,-0.462249
2.264869,1.171287,-0.401607
2.215682,1.234560,-0.325638
2.178986,1.285566,-0.291487
2.204460,1.362365,-0.330117
2.140027,1.267857,-0.360757
2.296767,1.252364,-0.462514
2.298565,1.273300,-0.452212
2.274466,1.316013,-0.563518
2.230438,1.286185,-0.554000
2.104770,1.171831,-0.598492
2.004419,1.063631,-0.665974
2.199685,1.281342,-0.625845
2.278617,1.397882,-0.613791
2.286764,1.439070,-0.471070
2.131391,1.496726,-0.432830
2.054323,1.532616,-0.442964
2.046031,1.482292,-0.469691
2.144321,1.419263,-0.613521
2.186901,1.390714,-0.619424
2.173008,1.374774,-0.519389
2.193573,1.301601,-0.543114
2.212728,1.244323,-0.516538
2.095356,1.284560,-0.421393
2.145382,1.382274,-0.493787
2.232852,1.454107,-0.483502
2.285576,1.507112,-0.451705
2.244836,1.525715,-0.428117
2.281260,1.606306,-0.465622
2.378697,1.651433,-0.416470
2.371267,1.698545,-0.402698
2.419721,1.770317,-0.466276
2.330604,1.696628,-0.502371
2.080474,1.736803,-0.411204
2.125946,1.591089,-0.474684
2.148556,1.620372,-0.486838
2.064909,1.533899,-0.474394
2.083488,1.551573,-0.474706
2.042621,1.589992,-0.374792
2.054083,1.581773,-0.357041
2.036494,1.592824,-0.364801
2.111695,1.716119,-0.429726
2.021785,1.378156,-0.455950
2.006943,1.234540,-0.447820
2.000444,1.079504,-0.450397
2.018070,1.238339,-0.493228
2.120846,1.362500,-0.550188
2.005382,1.221079,-0.619458
2.043544,1.240943,-0.617302
2.061255,1.205662,-0.571045
2.089143,1.227499,-0.631822
2.128410,1.187951,-0.740102
2.118029,1.282319,-0.644908
2.128663,1.268957,-0.677619
2.255916,1.259156,-0.665752
2.320660,1.225991,-0.654067
2.215525,1.216063,-0.609404
2.231309,1.239119,-0.657607
2.155300,1.199608,-0.636176
2.137498,1.170444,-0.608605
2.087031,1.142292,-0.549326
2.085221,1.095063,-0.544792
2.042635,1.086300,-0.525334
2.047265,1.078222,-0.529174
2.156878,0.893143,-0.600508
2.268921,0.889367,-0.630182
2.361054,0.917503,-0.626475
2.420946,0.987954,-0.608529
2.434496,0.973127,-0.575794
2.431619,0.956555,-0.576966
2.358935,0.951783,-0.531570
2.446587,1.014575,-0.593212
2.466652,1.122263,-0.609391
2.477140,1.214757,-0.424133
2.514268,1.173006,-0.468665
2.559956,1.093484,-0.491776
2.609346,1.128802,-0.557224
2.522649,1.073128,-0.535130
2.686810,1.100512,-0.673402
2.671985,1.124465,-0.679316
2.595759,1.180486,-0.698430
2.515944,1.067131,-0.546698
2.557575,1.143644,-0.649873
2.546841,1.171500,-0.669026
2.554278,1.166119,-0.765593
2.604640,1.110803,-0.614239
2.784044,1.068083,-0.684929
2.766939,1.080108,-0.657375
2.815469,1.147885,-0.807379
2.851170,1.145860,-0.832851
2.770933,1.229680,-0.967033
2.775589,1.211378,-0.964010
2.808269,1.160512,-0.965938
2.904390,1.063363,-0.887842
2.913550,1.061570,-0.911250
2.967161,0.967891,-1.066568
3.023293,0.958528,-1.052143
2.901580,1.005357,-1.026588
3.099123,0.854577,-0.947269
3.197837,0.830815,-0.914175
3.184424,0.838488,-0.937767
3.238655,0.955604,-0.758314
3.297899,0.896151,-0.707582
3.271930,0.909514,-0.660536
3.387124,0.894813,-0.644914
3.467601,0.880691,-0.665066
3.448308,0.796989,-0.663686
3.430674,0.888455,-0.662904
3.446203,0.882870,-0.497619
3.418973,0.957844,-0.558077
3.511691,0.950249,-0.578180
3.389230,0.794761,-0.494293
3.377959,0.773170,-0.518131
3.382797,0.738196,-0.495887
3.357912,0.846806,-0.510124
3.325941,0.997974,-0.521996
3.373162,1.036457,-0.518674
3.398115,1.040219,-0.622367
3.422554,1.002731,-0.646947
3.474825,0.992245,-0.613249
3.443340,1.033918,-0.654724
3.549627,0.667530,-0.753203
3.596690,0.380619,-0.825440
3.626943,0.194466,-0.776585
3.643205,0.101267,-0.740767
3.625490,0.071978,-0.691777
3.701848,0.064651,-0.671359
3.644122,0.047169,-0.637138
3.496394,0.058951,-0.527942
3.528252,0.012687,-0.550112
3.521081,0.056902,-0.456048
3.546237,0.088153,-0.480536
3.567493,0.090418,-0.468450
3.547252,0.153528,-0.444719
3.551901,0.176767,-0.394702
3.528066,0.147757,-0.390616
3.471109,0.249349,-0.441408
3.604306,0.123129,-0.479880
3.685976,-0.041083,-0.499128
3.711990,-0.036273,-0.505438
3.732171,0.005709,-0.378531
3.802841,0.024827,-0.394434
3.761582,0.075309,-0.471258
3.747033,0.082779,-0.468078
3.660264,0.089896,-0.461634
3.751718,0.065067,-0.574647
3.673138,0.245617,-0.424183
3.673689,0.304800,-0.395009
3.664817,0.293649,-0.418033
3.769734,0.183248,-0.357953
3.844283,0.081494,-0.394513
3.822871,0.175632,-0.431428
3.869317,0.170822,-0.412854
3.895987,0.174681,-0.355890
3.844319,0.166316,-0.390692
3.759094,0.103656,-0.442578
3.764763,0.092014,-0.456508
3.755003,0.085144,-0.534288
3.795871,0.181895,-0.531470
3.688673,0.090559,-0.648851
3.636483,0.079155,-0.629502
3.628464,0.066659,-0.630326
3.646438,-0.084903,-0.696101
3.633605,-0.106658,-0.655639
3.590777,-0.073208,-0.623765
3.509144,-0.073822,-0.627273
3.595719,-0.076066,-0.533586
3.439678,-0.145949,-0.604796
3.350166,-0.147692,-0.671652
3.157656,-0.270199,-0.774763
3.107132,-0.306208,-0.800372
3.198820,-0.383669,-0.743689
3.259939,-0.577014,-0.694275
3.166647,-0.578344,-0.717213
3.186825,-0.667106,-0.598108
3.112789,-0.744381,-0.509421
3.123186,-0.688425,-0.531841
3.103728,-0.556460,-0.777441
3.005877,-0.690009,-0.391626
2.978384,-0.752859,-0.364049
2.975604,-0.836745,-0.324128
2.983204,-0.816965,-0.322751
2.998087,-0.841891,-0.413561
3.000407,-0.827148,-0.480291
2.930951,-0.813269,-0.480712
2.918738,-0.857072,-0.586876
2.911363,-0.841901,-0.646249
2.875958,-0.779894,-0.676612
2.804513,-0.765267,-0.627728
2.777010,-0.693694,-0.664905
2.705200,-0.587067,-0.734516
2.719468,-0.521539,-0.696322
2.703567,-0.510379,-0.678936
2.678929,-0.536738,-0.723737
2.624094,-0.514630,-0.778444
2.528350,-0.525404,-0.829084
2.515579,-0.569119,-0.919279
2.654497,-0.290975,-0.742297
2.673668,-0.273868,-0.786916
2.705765,-0.219686,-0.782729
2.696434,-0.280546,-0.735287
2.779587,-0.217900,-0.840558
2.594315,-0.274991,-0.759219
2.439413,-0.273737,-0.612532
2.457490,-0.305906,-0.576574
2.458961,-0.367024,-0.582345
2.473208,-0.371812,-0.612503
2.707505,-0.225875,-0.623750
2.682385,-0.215505,-0.608456
2.703796,-0.205254,-0.606044
2.731689,-0.177958,-0.670286
2.711100,-0.041976,-0.615123
2.681154,-0.072625,-0.590886
2.719016,-0.060245,-0.596306
2.689654,-0.075844,-0.638154
2.665443,-0.158244,-0.710571
2.574078,-0.210849,-0.769824
2.420538,-0.227547,-0.823679
2.459737,-0.200261,-0.891315
2.532768,-0.175211,-0.864257
2.455831,-0.211696,-0.815827
2.387934,-0.129106,-0.767042
2.417859,-0.137734,-0.768650
2.568448,-0.020419,-0.694188
2.497302,-0.059655,-0.628029
2.478881,-0.073661,-0.689449
2.403215,-0.135665,-0.677377
2.363420,-0.188258,-0.698382
2.339675,-0.260513,-0.712701
2.161133,-0.206973,-0.961061
2.091996,-0.214803,-1.084288
