699.115000
674.028600
745.951300
670.955100
666.913200
703.210400
706.082100
713.316400
703.185200
624.094200
722.088000
683.099200
674.010100
681.998100
695.362500
679.566500
691.683100
715.750600
655.948200
629.114000
654.223900
679.024800
685.009500
713.118400
690.826000
677.935900
645.939200
677.133300
689.840900
711.247500
742.737700
728.159300
738.419900
749.104600
639.345700
716.826300
719.570200
736.146800
712.960900
723.717200
732.571300
719.188300
678.752800
704.555200
718.384700
736.066500
712.449500
621.337400
638.227900
637.437700
744.035900
729.554600
705.959600
749.855300
741.723200
711.974000
716.804900
719.103200
696.904500
706.400400
659.393400
695.827200
614.575800
677.738400
669.169400
645.922000
714.753400
700.146200
666.374100
687.715200
729.775200
703.555900
687.008500
691.178300
759.613000
711.326800
660.953200
692.237500
683.378400
680.039500
726.795300
714.351200
629.687700
669.971700
682.872400
751.775600
744.557600
735.463200
753.553300
794.792900
768.341400
697.674100
733.213300
700.529800
719.777900
738.473400
721.110100
739.908000
684.159400
767.548100
787.311400
677.129100
714.535100
733.348300
702.487100
757.781400
711.021400
660.858300
666.929900
672.348000
695.138600
709.080600
696.695000
690.888700
675.869400
749.581000
731.770500
741.777700
684.690300
750.648000
708.844800
749.494200
783.559500
680.453700
682.720300
690.433600
711.721300
670.662300
699.520200
703.387500
768.415800
756.658500
693.206300
667.345200
738.022800
727.724900
723.904900
713.681700
696.534500
725.548700
706.651700
660.909300
670.614000
681.876100
668.054600
693.668600
661.539300
673.427200
705.083500
737.853500
666.576100
693.907500
704.469800
735.175900
735.229100
633.231800
688.043800
717.671100
726.384000
685.532500
751.475200
688.618100
706.598300
717.606200
734.011000
682.426700
729.489800
691.226900
667.251900
736.179100
745.314800
703.193800
767.379400
727.344200
744.593800
690.126600
729.543800
686.891200
606.815500
731.945300
682.240000
690.914200
721.929200
758.201000
700.814300
655.166600
653.548300
658.858200
695.387200
625.341900
746.207000
732.958600
774.247400
733.168100
730.216400
770.748700
629.923200
760.186400
655.020300
675.930700
771.699700
680.578200
674.640900
703.588000
722.192400
753.223200
680.095200
719.489100
781.855000
766.583900
773.959500
799.926300
839.778600
705.771400
740.743900
754.087300
714.165200
723.774600
712.563000
726.385400
709.266600
772.669400
792.377800
679.480700
759.291200
740.929900
677.681100
711.022100
744.250900
727.835700
754.617600
723.220100
696.949900
772.539600
711.336000
656.971600
725.566300
662.081300
669.069100
648.042300
712.003000
679.124600
705.870500
761.176000
760.563200
639.723900
715.523800
676.388700
764.358500
694.946200
690.353900
670.711600
714.555500
726.291200
729.436000
751.529200
689.437600
719.044600
713.139600
683.440000
671.612500
698.134500
680.944700
720.581100
707.792300
712.091200
704.774300
700.951700
649.646700
788.279300
746.800500
608.627500
608.477300
607.955600
619.025800
806.587800
675.626000
719.249800
660.731700
707.092500
686.830800
685.423500
750.450300
721.014200
685.925100
712.952400
668.705900
768.808000
772.760900
674.732200
704.334800
695.683900
708.816600
645.434400
717.007300
675.992400
666.652600
709.292800
759.346600
739.701500
740.917700
707.865700
716.512400
721.361200
707.566800
695.458400
714.617400
712.853000
665.333900
674.699700
747.327900
651.198300
761.834400
708.440400
692.885300
662.161900
711.961200
729.387900
652.080800
779.992800
749.043000
715.792300
710.458400
702.665300
674.104300
706.254400
725.051900
730.868800
648.213600
713.918000
636.422900
726.719300
747.431900
719.271800
794.450400
697.160100
674.643800
698.084300
683.897000
764.475500
768.756000
730.684600
752.644000
737.683300
602.971600
675.245200
720.730500
756.915900
705.150300
690.158800
720.535800
676.169700
724.013100
714.651400
739.505400
730.148700
706.547400
670.495000
660.906200
657.397700
673.550000
656.351200
621.858800
625.815800
680.652100
682.527600
603.701100
657.251800
719.666700
634.022600
669.029900
660.126700
638.821700
776.082600
753.431900
731.399500
729.750600
742.849100
610.746300
710.853000
699.616200
726.717000
712.645300
666.143900
704.243300
647.030000
617.949600
701.671500
678.845100
712.266300
726.488400
636.133600
633.066300
649.491100
602.191100
662.354700
668.676300
697.756300
672.836200
631.203200
631.454900
626.785600
662.029700
716.675600
721.335400
642.939500
662.093100
689.057900
714.758400
698.132500
662.420900
713.302800
689.376100
630.003900
641.448500
614.471900
619.123900
628.854500
753.286800
763.043600
719.953800
691.123600
610.328000
609.872300
665.972900
733.920400
722.840000
648.831500
677.135700
705.126200
721.577800
615.919900
688.577300
700.647600
696.514900
693.301000
669.880900
613.563300
621.657400
699.867000
648.909000
710.329900
641.337800
648.023200
660.902700
693.172500
670.399900
694.308300
697.355900
706.492500
739.077400
642.139500
691.854500
724.910600
639.432000
698.524800
619.148000
650.510300
680.429500
610.989500
716.059500
643.174700
579.837000
675.862400
656.645600
756.816000
651.561800
694.451300
667.696700
687.055700
697.564700
776.896500
695.075900
700.890400
667.555800
595.881500
591.404500
559.439700
604.504100
599.920900
656.596200
661.486300
632.850100
709.883300
661.591000
719.465700
649.254300
640.790900
664.229800
615.581800
672.170500
552.608200
658.834600
673.588400
674.554800
718.254700
710.215200
659.684500
661.778900
683.428000
