70.627300
75.827300
73.098300
79.572700
75.507100
74.818900
74.948800
75.487500
90.367000
82.922100
87.215400
77.446300
74.161700
74.726500
80.622800
77.907000
79.101700
82.501400
79.759700
76.094700
77.533300
76.492300
76.714500
76.312500
81.509000
81.444800
80.202500
81.822200
83.236900
83.335600
81.382800
81.861000
75.427300
79.511500
93.249500
85.949800
86.227400
87.257700
82.589800
85.786800
88.536600
80.446900
86.744400
85.202400
83.712200
83.264400
78.979300
73.246200
77.108600
80.418200
76.585300
72.354700
72.818100
73.966000
77.487900
76.382200
78.668600
81.590400
74.244100
74.990600
72.548700
73.310000
78.641500
78.280400
78.481200
74.878700
80.278500
72.224800
82.628600
79.016600
73.827300
74.609500
87.023900
74.666400
79.084100
69.437800
76.479300
80.945400
77.965700
79.533700
79.432500
79.870700
83.523400
71.173500
75.806900
78.710500
76.910500
76.145300
74.880100
70.156300
71.108400
74.745400
79.396200
79.200500
77.074100
82.987800
79.456400
71.817100
75.315400
75.049000
77.816300
84.588200
76.585100
71.881700
79.787000
82.837100
84.844200
103.682400
76.817500
75.567000
75.931500
72.062100
73.773400
78.701500
75.576900
78.122300
74.320000
75.775700
77.951300
72.475900
74.808500
75.007200
79.589200
84.443800
68.018500
76.729000
77.466500
77.435300
83.096200
74.231700
82.881200
78.772500
80.657700
76.785200
80.342700
79.908800
75.945600
74.525300
71.666000
77.528100
80.096900
77.990200
80.843900
76.195400
71.804500
73.633100
78.501900
82.978200
79.023900
77.353600
80.038700
75.012300
75.655800
85.794900
67.464000
81.224600
81.154000
78.277100
72.467600
74.273100
72.948800
83.598100
76.250300
78.848100
77.403000
79.073200
62.174400
73.505900
73.743700
73.381600
74.499800
81.151400
75.845700
77.844300
74.913600
74.634800
71.419000
76.384000
80.279500
78.672300
73.365700
74.528700
78.822300
76.359200
78.153200
75.249500
75.008600
73.677800
78.398600
79.793400
78.085500
74.116100
82.089600
77.417500
75.629500
72.615300
73.757000
78.015300
69.680300
78.704000
79.174300
77.474200
74.974300
78.044400
78.291000
78.799800
74.734000
77.254400
75.067300
67.517800
74.802000
71.704500
71.589300
79.838700
77.703300
79.783400
74.567200
79.995900
86.745200
72.776500
72.468400
71.209400
71.248300
79.238000
76.424800
72.753800
80.942400
70.180600
81.405100
74.814600
74.010500
75.169600
74.451700
76.819500
70.421900
72.819400
65.813200
79.425600
78.069000
74.134400
78.042100
75.392100
77.620200
87.470000
73.457300
77.873000
80.627700
77.246400
71.875000
74.019800
74.257400
76.375700
74.741900
73.020300
72.600600
75.436100
76.341300
74.764000
75.471800
75.436600
74.212900
75.082200
73.506100
74.823300
79.046100
67.284600
75.040000
81.039700
71.693800
79.320800
80.098300
82.750800
62.821100
72.352400
72.475700
76.187700
81.005300
79.850000
75.365500
68.184700
75.767700
72.641600
75.540100
78.934900
76.967200
76.241700
79.940200
72.339000
71.439800
74.555300
73.018900
73.467600
75.815900
75.929800
78.671700
80.353700
77.781200
74.602200
78.415100
76.785600
73.445900
71.372700
75.128700
78.756900
72.244700
69.550000
69.604600
73.583000
74.572700
76.887100
75.470200
80.783700
79.227500
81.337400
100.199700
73.116100
73.860600
69.351500
77.760300
58.380400
75.148800
70.121500
78.980000
72.034500
80.047600
92.556800
64.663700
73.303200
75.072500
76.390600
79.141000
76.443100
78.626600
65.556500
72.666400
74.773000
76.587800
71.656100
74.265900
70.408500
75.926600
75.475400
84.430100
80.551600
84.764600
75.360900
69.451600
72.018500
79.373100
78.392600
72.131900
70.177500
71.627300
70.301700
71.073600
73.164900
71.199800
72.877600
71.116900
65.421800
66.190900
80.162300
79.814500
75.596300
74.054200
74.063400
76.173600
71.348100
78.649800
71.739700
78.139300
67.793600
73.086700
77.775700
81.532400
76.060200
67.623200
80.507200
75.054600
81.821700
78.496500
81.999300
66.415700
78.926200
77.649600
81.738700
80.788000
80.785700
77.352900
62.846600
77.958000
70.141200
74.828200
70.507700
80.278200
74.618700
78.979500
81.598800
73.193400
62.199700
72.200400
73.309100
74.590000
78.809200
84.555100
77.081300
73.316700
78.781000
76.690000
74.630400
75.767500
77.283900
81.076500
73.162900
80.574900
80.285400
72.121700
76.947900
72.328300
67.891800
68.404800
78.988100
75.675900
67.990000
73.201300
67.927700
82.049400
78.056000
76.193400
69.203000
76.711600
71.535000
75.470600
71.624200
77.926800
74.623500
72.186600
77.465400
78.039600
83.094300
65.391600
74.916800
76.236200
69.446200
77.765800
72.033500
77.308600
70.824500
72.791800
68.246800
74.889200
81.494900
75.812600
75.605200
75.431400
77.078600
80.849500
68.666300
82.223600
77.325600
71.015000
71.867400
68.351000
70.816600
70.489200
75.001700
72.472200
72.708000
67.730700
68.321900
78.034200
77.588800
75.970000
71.792800
63.147600
71.969300
78.103900
78.369200
73.021500
72.899500
77.319300
73.439900
77.224400
73.482800
78.715300
75.259800
74.321400
72.553200
72.633500
74.766700
78.285800
74.989600
62.991400
73.212000
78.137600
73.142100
74.342600
70.595100
80.738700
64.788800
