1393.930000
1493.798200
1431.367800
1378.416000
1453.900900
1471.404300
1489.741200
1474.606800
1417.633100
1411.430700
1329.819000
1440.887200
1440.201500
1514.983900
1490.192200
1543.685300
1478.522500
1469.282800
1430.585100
1495.120100
1413.279000
1404.195200
1530.087000
1410.093500
1385.249700
1520.690500
1445.608000
1614.456900
1445.143000
1389.540000
1410.110200
1432.676200
1547.840100
1516.830500
1564.061300
1493.084400
1451.042500
1445.545800
1533.553900
1465.807200
1415.311600
1325.116300
1502.140400
1582.615500
1522.353300
1390.716400
1439.551300
1368.514200
1413.401300
1440.943000
1361.591500
1420.486800
1461.696100
1441.683500
1466.361800
1576.326200
1446.107900
1506.702800
1571.558900
1569.374900
1422.945600
1540.051200
1507.709700
1478.446500
1371.073600
1583.096600
1406.229200
1446.655600
1596.328700
1488.846500
1329.500900
1477.058500
1476.177000
1443.483500
1528.206900
1477.700800
1293.733300
1434.453000
1675.282000
1511.713700
1497.803200
1474.442600
1593.284600
1490.622600
1634.299400
1528.710900
1524.824900
1581.218300
1652.578000
1459.008900
1610.058400
1542.487400
1533.154000
1454.187700
1519.756800
1581.829100
1545.662800
1422.151900
1424.549700
1381.191900
1432.443800
1357.159500
1350.095400
1463.384600
1596.549700
1430.841800
1448.333000
1436.480000
1512.965900
1653.510600
1453.923300
1479.216000
1579.222700
1644.382200
1572.484400
1588.891500
1617.166800
1561.618700
1586.234800
1496.237400
1652.131700
1569.579700
1526.397300
1557.506700
1524.556300
1569.901300
1565.550600
1514.128200
1493.811300
1547.647300
1418.872600
1514.775300
1657.647800
1499.743700
1566.247700
1546.442200
1567.318500
1563.441300
1500.732600
1501.445400
1504.685300
1610.293400
1481.190700
1467.725000
1614.135100
1477.487100
1603.703300
1501.926400
1422.996200
1465.857000
1602.871100
1466.238200
1552.056400
1555.223500
1546.447000
1497.426200
1394.829300
1443.642100
1636.475600
1437.762200
1480.507400
1477.531100
1479.209700
1514.974000
1468.947800
1543.760200
1554.896200
1499.808900
1580.667700
1526.638600
1566.989500
1589.125700
1527.030700
1516.043400
1564.281700
1454.539400
1479.493100
1389.226000
1507.520700
1557.027300
1510.313500
1487.782900
1499.307200
1521.164100
1447.878500
1494.231900
1488.508600
1527.121200
1412.500200
1525.439400
1503.943800
1377.647200
1495.866600
1485.014500
1467.227200
1374.746200
1348.950200
1459.891500
1340.762300
1393.006500
1305.023000
1400.602000
1596.137100
1534.270800
1300.581700
1538.634500
1370.317700
1381.409300
1539.637900
1419.864100
1461.000200
1347.212600
1470.955400
1465.243200
1533.257600
1487.333600
1497.408300
1338.391900
1516.911600
1540.580000
1446.379900
1384.368000
1383.791900
1503.311900
1561.010200
1528.480100
1485.300100
1485.145500
1446.008700
1559.750400
1533.581800
1458.507500
1535.334600
1357.449300
1399.254900
1351.568600
1418.297000
1555.767300
1487.198500
1464.448900
1415.870700
1485.030000
1543.360500
1558.821800
1384.521200
1501.864300
1411.590000
1399.512900
1308.788300
1295.030300
1515.225700
1392.572600
1407.736900
1398.902100
1658.605300
1616.834800
1554.460000
1371.996700
1374.567500
1480.219700
1514.293000
1412.645500
1609.767500
1429.654200
1378.663800
1637.743600
1576.126300
1558.375700
1474.329100
1488.957000
1576.917700
1561.778500
1526.653700
1479.248100
1425.344200
1554.505900
1447.061500
1347.790800
1430.983800
1367.000400
1502.109800
1509.733200
1414.227500
1412.824900
1483.484800
1364.119000
1543.266700
1425.102700
1407.729900
1350.318500
1549.964200
1558.150600
1344.173500
1434.862100
1420.237900
1490.508900
1528.384900
1382.854200
1673.231100
1561.415600
1422.204700
1539.478500
1337.904600
1520.339100
1560.113900
1414.997800
1531.661400
1653.308400
1364.517800
1512.954800
1545.479600
1312.518200
1481.640600
1358.586400
1477.406800
1440.631800
1540.655300
1429.506000
1337.517800
1316.789800
1458.153100
1413.738400
1418.928600
1373.359700
1471.451100
1352.786400
1380.452100
1442.589400
1353.768100
1412.908900
1324.051100
1367.355200
1417.711300
1508.021900
1544.642200
1312.995800
1541.495100
1544.648400
1492.390900
1340.703400
1284.649700
1360.071000
1283.808100
1424.080400
1348.844000
1453.094500
1167.326900
1330.550800
1504.716200
1456.779300
1531.339400
1416.190200
1485.247900
1475.291200
1361.471800
1508.291900
1532.566400
1518.004300
1471.183500
1407.456400
1502.889700
1463.569100
1413.954000
1439.894500
1478.458100
1408.999600
1361.977800
1549.579800
1592.166500
1561.734700
1488.145800
1582.785900
1516.100500
1508.632400
1520.317400
1517.385700
1475.180900
1455.130000
1460.722600
1492.204400
1312.902200
1527.688300
1281.184400
1523.962200
1382.520900
1448.898300
1498.705600
1475.902300
1430.232200
1438.974000
1352.971500
1429.668500
1538.280700
1330.027100
1609.283800
1337.724100
1520.161700
1510.126100
1417.830800
1384.069100
1370.968000
1585.423500
1619.693700
1274.633200
1477.656300
1585.584500
1478.494500
1398.234200
1391.656000
1477.797200
1441.126200
1376.804300
1480.201300
1543.470000
1390.093100
1567.412200
1452.825400
1476.810100
1496.908000
1556.133600
1440.813600
1429.709600
1468.328500
1391.162300
1466.025800
1457.709900
1561.219200
1421.301700
1383.674700
1502.621900
1499.258300
1523.446600
1530.956500
1427.105500
1439.063600
1429.531100
1518.206600
1623.883900
1513.412100
1597.956200
1453.113600
1506.694100
1412.603800
1412.664200
1475.597500
1414.232800
1452.948300
1554.095700
1347.276300
1525.543900
1555.469600
1627.966900
1569.105600
1401.280500
1496.596100
1372.410000
1421.902500
1426.489200
1422.714900
1498.535300
1458.305000
1469.800000
1487.917200
1242.417200
1247.159000
1538.912700
1511.959900
1423.225200
1340.520000
1488.599800
1455.494100
1376.651200
1358.849100
1339.013200
1592.880600
1425.271100
1575.122100
1588.909600
1494.604500
1470.416300
1336.570300
1507.538900
1212.742500
1487.332700
1359.222100
1343.436300
1404.049400
1394.050900
1463.585000
1385.113700
1389.865200
1529.878000
1441.673600
1441.892500
1402.993700
1486.647300
1436.629400
1449.183600
1321.234800
1399.431900
