1070.558800
1055.500200
1138.816600
1009.854500
976.307700
1058.246700
1037.360700
1045.441800
1038.562700
912.847000
1099.143700
1012.994700
1013.043300
1037.462600
1030.190900
1026.652700
1005.906000
1063.557300
980.155500
929.453900
1004.484700
1019.897000
1014.733700
1072.652600
1034.658100
1017.984700
970.595700
1047.182200
1055.259500
1022.812600
1096.522400
1113.432500
1096.499800
1100.473500
956.879400
1079.486600
1073.441900
1112.482200
1083.804300
1089.134100
1117.474900
1087.176600
983.299900
1039.112900
1095.950900
1094.210800
1079.927200
945.558900
957.647200
960.481700
1145.793500
1093.235800
1057.194300
1139.718100
1089.163500
1050.355900
1065.338700
1047.845800
1030.459900
1048.993100
985.590000
1041.645100
908.960200
1004.213300
1034.880700
926.145000
1081.258400
1042.878900
1019.389800
1042.938000
1083.422500
1061.976900
1017.586800
1031.245100
1135.738600
1042.770500
972.096000
1005.304200
1057.345900
996.660500
1078.549700
1070.337400
950.587300
983.133700
992.055500
1112.309400
1067.864300
1078.978200
1112.014300
1165.346600
1139.458500
1009.555800
1100.223300
996.866500
1012.195900
1107.489500
1061.702900
1100.816100
1010.137300
1110.075200
1167.494900
1007.353200
1036.209200
1096.168200
1037.935300
1112.092900
1027.998400
934.390600
959.034300
963.973800
1009.716800
1030.879500
1020.008800
1013.858100
977.154100
1096.014700
1122.172900
1106.456000
1008.958000
1093.117700
1053.826700
1087.794300
1166.416100
1001.915800
995.587800
1001.361300
1073.192900
1008.989000
1030.502800
1047.883400
1164.991700
1127.954100
1044.878300
995.696300
1118.312400
1085.939400
1066.318800
1076.921800
1066.304500
1125.622400
1082.577900
1114.504200
1048.424500
1047.532200
1034.745200
1053.836200
1033.636200
1039.624600
1059.821100
1128.611100
1061.832200
1038.641700
1085.751800
1122.241700
1115.851800
967.460400
1052.353900
1090.899200
1091.931300
1045.216100
1131.558700
1038.104300
1059.604300
1086.357500
1108.289300
1026.186200
1110.501500
1045.020800
1011.653300
1115.938900
1149.438500
1105.854300
1215.513400
1094.107400
1128.568700
1047.476800
1117.276300
1080.872000
945.277500
1124.957000
1046.773400
1038.953600
1131.656700
1143.852900
1087.822200
1008.770100
1012.617400
1018.140900
1073.806900
945.822900
1143.399900
1158.365600
1172.667400
1114.069100
1116.722600
1165.743500
959.384600
1122.888800
986.978500
1008.460800
1176.645200
1024.130900
1021.960300
1052.492900
1076.852600
1112.560100
1013.110900
1084.877700
1136.328300
1101.792400
1179.139000
1177.952800
1152.485800
1041.790000
1124.690400
1128.310200
1045.522700
1045.649100
1063.616800
1112.769700
1050.523700
1120.693900
1131.830500
1007.307700
1156.016100
1092.890900
991.775400
1047.793600
1129.446000
1070.199300
1119.510900
1099.090500
1081.281000
1128.213200
1047.236200
1000.333200
1076.892800
979.844100
1021.452700
949.916600
1053.512900
1029.572900
1076.975400
1131.972700
1121.113800
910.647300
1058.590400
1043.078000
1159.954500
1025.889800
1047.414000
992.736700
1094.528100
1101.291700
1091.251800
1127.539500
1023.203300
1113.415900
1084.204100
1010.813100
1014.255300
1065.083200
1011.100900
1101.567300
1076.392000
1070.427500
1095.513700
1040.797700
958.931800
1140.867900
1124.132300
914.348000
914.694300
927.527500
919.073100
1195.338100
1057.836300
1080.121700
992.413400
1102.292600
1031.021700
1040.347900
1124.206900
1086.662800
1010.331700
1096.223300
1016.235100
1191.127900
1169.254300
1030.961900
1040.619500
1042.974500
1077.614400
976.343100
1079.664100
1003.032200
987.443300
1075.992300
1112.383300
1096.379200
1124.616000
1071.145600
1066.071800
1040.283100
1015.361800
1015.592300
1071.625400
1050.677200
974.254000
1032.387300
1147.341300
981.433900
1155.250600
1092.512300
1085.773500
1014.340100
1091.395700
1091.896600
1000.255800
1179.620000
1147.542900
1097.865000
1099.696000
1094.435200
1001.884500
1016.281800
1101.670300
1102.402100
967.207800
1085.591600
924.186000
1110.180400
1121.408900
1114.621300
1124.211800
1040.474400
1007.650400
1053.757000
1031.318900
1169.002900
1181.528300
1127.166900
1148.956000
1074.094000
881.552000
979.525300
1100.752000
1157.211200
1081.289200
1049.822100
1087.952000
1047.000800
1095.002000
1094.586500
1093.508800
1085.174000
1164.485500
1022.361400
997.666600
1004.672800
1013.787000
987.262100
962.511300
950.484700
1025.030600
1027.700200
915.909000
1008.482300
1089.420000
937.648100
996.939000
974.285400
943.527800
1158.187600
1133.806100
1069.747400
1109.394200
1123.061400
925.586300
1106.412600
1108.521600
1119.195200
1088.509800
1025.223100
1027.714100
992.131900
944.681000
1073.422000
1049.591400
1085.953200
1117.383800
987.771600
971.353900
1013.663900
904.575700
1055.788500
1040.685800
1084.729800
1042.207600
981.696500
978.722400
979.540600
1003.473200
1117.761600
1126.532400
984.558300
1059.673600
1081.862200
1111.003800
1102.919900
1037.019600
1086.756600
1103.059700
987.424600
999.985300
965.131200
957.660300
1002.400000
1134.460400
1158.582700
1123.433600
1092.647400
960.510300
981.021900
1069.559300
1127.792900
1096.830600
1032.457400
1075.775100
1106.954700
1093.257600
1000.956900
1084.835200
1097.317700
1078.829000
1076.858500
1063.528000
977.214700
979.651200
1095.300200
1054.952400
1090.775900
1011.481700
1030.100400
1039.638200
1061.926600
1048.530100
1039.388500
1083.228100
1097.192900
1130.249800
996.211900
1101.329900
1134.355000
1032.458800
1124.446500
976.491900
1025.497600
1068.457700
931.198200
1114.319300
990.036300
908.274600
1060.102100
1022.948800
1106.800100
978.773600
1069.444300
1045.195500
1052.395500
1060.901100
1155.870400
1080.944900
1065.254300
1054.013700
936.903600
962.516900
913.260000
941.410600
941.748700
1039.205800
1083.296000
1018.828000
1090.222300
1045.824500
1118.956700
1059.008200
1006.732800
1041.306800
1317.361800
1247.199000
1001.464000
1138.629500
1108.155800
1123.014300
1211.608500
1220.367200
1059.979300
1045.695400
1098.874300
