424.110100
413.413800
461.369000
431.621700
403.391200
433.523600
422.962000
414.561400
422.888600
365.091600
434.156400
411.985100
407.248100
425.337600
416.518900
409.979100
412.861400
420.378300
396.361600
369.525300
404.327800
408.184800
407.290700
433.164000
419.450900
399.114400
390.545200
412.617600
413.617300
419.994000
436.269100
445.270100
446.118700
446.231200
370.654500
432.432500
432.679400
456.460500
437.115200
436.881400
439.785500
425.744600
394.018600
414.823400
433.051900
437.626800
428.640600
382.720500
380.013700
375.296700
446.126300
433.145600
428.484500
450.193000
437.080200
416.727500
428.715800
423.254700
398.987800
426.598900
397.778500
420.241700
367.257800
400.091600
409.219000
376.508900
425.088700
424.936600
397.956600
428.065800
441.082800
425.459000
397.143800
404.609300
460.523200
414.408000
384.139400
415.287700
403.714800
403.789400
431.198600
425.301800
378.419800
384.942300
393.700400
448.912800
430.782500
429.861800
434.281900
466.042100
451.400900
400.110800
435.386100
400.417100
418.675000
436.024200
426.261900
428.441300
406.323500
456.101000
470.104100
399.378000
417.519400
445.694100
413.988900
446.908900
420.552500
395.381400
385.374200
387.463400
409.272200
414.390800
412.683200
405.110900
384.746800
446.786600
431.976300
444.902700
396.854400
429.601900
420.946300
441.546400
475.495900
403.641300
398.300200
405.509500
433.158500
410.908800
421.314600
415.510500
447.623600
445.256900
416.797800
404.550100
443.923200
428.136300
426.146300
423.675500
421.684600
428.934500
426.591800
410.617400
405.634400
403.902100
398.935000
420.002100
411.255100
403.640100
416.031600
444.093100
395.582400
410.321500
437.898400
452.652800
448.641800
387.610200
412.399200
436.232300
435.058000
419.366300
457.224200
424.354800
425.934000
435.834400
442.858700
412.594500
438.021800
459.258800
415.145400
449.324900
446.533500
436.500800
471.524300
440.761700
455.737500
421.566800
440.760200
427.271200
385.729600
443.036200
413.646300
415.608500
437.414700
454.566200
422.046600
407.013300
404.836800
409.048100
431.040600
389.679800
444.246900
446.902800
460.347500
450.192800
439.566200
464.161400
392.405400
441.597000
393.197300
397.331400
462.843100
407.709900
408.274100
415.481500
418.702200
435.579400
401.898200
422.840600
451.698000
443.065600
458.021200
458.601700
457.752100
411.363500
443.872600
442.172800
414.142600
423.307400
422.676700
420.098000
420.252400
439.513500
447.007600
398.393700
455.459200
436.270200
388.258700
416.078400
430.807800
424.875300
449.767200
430.481300
409.011700
438.067400
427.720500
400.316700
416.765300
386.678600
399.471400
374.727400
426.886300
391.475400
408.217400
452.437300
454.623100
362.415300
407.083700
392.433200
451.109400
399.869300
406.465500
369.964000
413.848300
442.574700
437.383400
440.439200
399.147300
414.968800
428.130900
397.115800
394.716400
413.164000
400.651900
435.020100
426.680400
421.123000
424.069700
416.464400
378.354600
454.173100
430.317200
357.614500
366.612500
362.650800
362.265700
481.116200
410.151200
448.141700
378.035500
428.832800
395.927200
414.545600
460.213300
441.823500
401.235100
419.427600
387.039100
446.923100
451.456400
403.946500
412.179800
409.676100
432.341600
371.073500
412.846900
387.192800
385.563900
422.712900
436.626200
427.192400
435.768600
425.254600
428.050300
418.634200
406.319200
398.904500
420.883400
420.208500
389.031300
389.735000
443.704600
381.262800
441.260300
411.007700
409.389800
388.018000
421.230500
434.160900
393.886100
450.954800
430.603500
419.697500
420.084600
414.815300
381.430500
396.760900
430.274500
459.006700
388.464800
415.369300
374.484000
437.338900
448.104100
437.823100
438.882200
418.189100
424.393700
421.082700
418.760500
447.718100
447.162100
440.096800
446.004000
432.633800
355.206800
391.944700
433.000200
448.033900
428.822400
413.713400
427.158100
414.034800
435.571700
427.597300
446.868900
435.209400
429.015400
402.233200
396.289100
393.505900
399.305100
400.823400
386.131100
381.332300
414.373300
403.697400
372.009300
402.757400
439.466700
375.431800
400.338700
400.496900
388.446400
458.216600
447.042700
421.480900
434.906300
442.288700
379.990900
425.798900
431.679000
439.054600
427.016600
407.955900
425.859000
402.473900
386.161400
435.878100
411.818800
435.887600
449.359900
396.953500
391.025800
401.054900
366.050300
404.889700
417.363900
430.785600
419.108300
387.414500
383.544300
394.491500
399.367800
452.211200
446.585400
396.121000
445.969800
434.218400
455.952200
429.184000
424.042200
433.472100
434.257900
397.807500
410.252800
400.759900
399.852100
418.841700
451.098000
457.076100
459.216500
447.681000
400.285900
393.514800
414.185600
452.164600
438.533500
412.475300
441.156100
439.753400
429.362200
401.827700
425.993800
430.924200
428.962200
433.039900
420.026300
390.078100
387.621900
447.821200
416.804200
432.375400
414.281400
412.589800
416.828600
423.149400
425.439000
416.121100
431.872400
442.882000
456.494800
398.248900
437.712000
442.919700
419.195300
444.753000
393.816700
401.775300
441.757400
373.625900
432.370400
395.686200
363.310300
444.901000
417.473000
439.506700
405.992600
438.235300
421.488500
430.208300
430.596700
460.767700
443.462300
430.789400
428.592000
388.925400
377.815000
360.372900
378.995400
389.349300
432.307800
416.940200
407.290300
456.601200
422.604900
454.295600
423.047900
416.693000
425.075200
383.870500
413.937100
355.734600
421.462500
420.806500
413.663600
447.111200
453.333600
423.971800
417.530700
428.571300
