1554.730800
1427.160200
1507.549000
1487.663900
1547.908300
1634.158500
1581.740300
1436.530800
1554.031300
1477.873600
1564.054000
1459.654100
1520.025200
1540.679800
1483.322900
1548.306700
1597.584300
1515.817900
1492.948400
1720.248400
1555.654300
1470.604500
1550.416100
1511.473500
1575.859900
1424.118200
1526.567100
1668.883000
1544.706300
1576.673900
1623.378400
1500.963700
1648.003100
1579.563000
1454.701600
1578.095900
1537.886700
1626.177200
1631.232800
1674.029700
1711.986100
1645.563100
1521.033800
1551.524400
1459.093200
1625.122100
1664.869500
1587.683800
1610.356400
1593.024800
1598.024100
1581.839800
1588.239400
1580.673900
1490.669200
1547.073400
1629.436700
1608.797000
1509.973000
1498.308800
1572.674500
1550.402600
1515.250200
1462.442500
1560.150300
1501.526400
1541.317300
1727.744800
1732.064000
1678.470600
1588.386200
1605.265900
1499.153700
1727.899200
1604.273300
1462.317700
1512.493700
1493.946100
1596.736200
1503.116300
1591.066600
1494.378100
1520.678500
1485.131500
1436.269900
1488.121500
1663.140400
1543.355200
1599.865800
1587.830400
1419.666600
1438.595400
1490.176900
1463.356300
1478.555900
1504.601900
1550.241100
1608.175100
1494.647400
1587.157100
1580.874100
1533.397600
1624.432100
1529.210600
1575.507600
1628.029600
1627.852800
1466.120200
1587.706600
1626.634400
1478.851400
1466.931600
1488.577800
1642.562300
1596.337000
1544.660500
1606.365600
1488.576300
1505.854000
1530.944200
1680.311600
1557.416500
1568.509500
1663.011700
1475.062400
1510.345000
1460.913100
1562.793600
1552.613900
1602.031800
1492.195500
1567.296200
1573.405700
1477.388500
1479.941900
1658.313000
1645.190500
1422.257500
1485.534000
1587.203400
1657.309700
1656.369400
1590.049600
1609.406000
1522.209500
1693.848800
1405.244900
1447.670800
1484.310800
1460.887600
1615.741800
1572.564000
1523.056400
1573.955200
1483.062400
1545.849200
1535.241700
1633.638600
1558.536300
1520.479300
1417.558300
1465.102100
1673.928200
1518.742000
1526.435400
1603.804300
1593.093600
1622.001900
1524.358900
1590.262100
1393.805800
1653.455800
1633.893300
1590.720800
1464.459500
1510.728500
1650.159300
1559.382900
1406.088400
1372.064500
1675.667400
1473.153200
1550.622700
1568.737700
1378.890100
1364.716100
1499.468400
1526.396000
1417.441600
1423.997800
1365.767200
1487.300500
1599.751900
1474.099700
1478.874700
1432.863800
1310.983400
1363.359600
1428.341800
1401.962200
1421.781300
1440.626400
1436.937000
1357.795900
1350.234700
1402.582200
1474.590800
1414.157700
1564.893600
1556.343200
1543.455400
1444.474700
1422.961500
1606.870400
1526.089900
1617.583200
1629.947600
1534.954400
1480.247300
1442.428000
1447.853800
1386.018700
1456.867900
1501.607000
1400.468700
1580.501100
1405.432200
1421.620600
1486.095400
1383.751500
1395.889000
1495.356800
1585.167800
1473.176500
1367.095300
1446.695500
1444.233000
1557.831700
1392.163700
1512.530500
1552.550900
1525.020800
1499.557000
1626.766800
1407.782300
1430.063400
1423.568000
1392.745700
1527.416500
1419.859800
1540.008200
1580.709400
1424.905600
1321.551200
1544.887400
1534.138900
1604.894100
1487.785800
1448.567200
1451.154500
1434.257400
1478.072500
1549.557200
1447.008400
1537.231600
1514.746500
1549.267900
1660.922300
1606.393200
1538.942100
1529.681000
1591.744600
1549.037300
1404.904700
1669.383600
1584.698000
1574.907900
1412.137900
1646.513100
1707.510000
1323.423800
1681.457700
1342.415600
1396.748100
1418.421500
1393.759900
1738.256400
1505.794400
1542.826100
1420.489600
1620.003400
1442.233000
1520.589700
1437.023700
1438.402900
1424.362300
1442.718100
1609.968400
1536.804800
1426.772000
1532.358000
1588.992900
1686.261600
1584.028600
1303.714500
1472.882700
1583.488100
1541.537100
1531.551000
1590.937900
1570.987900
1529.523700
1461.210200
1347.083000
1494.700800
1379.886900
1461.114600
1712.859600
1487.492100
1573.937200
1411.731300
1449.386600
1431.066800
1579.930200
1466.523300
1583.012000
1514.423100
1430.947200
1437.100700
1579.967700
1433.573500
1541.592300
1476.209700
1511.351500
1580.753000
1554.194800
1486.310200
1348.657600
1425.830900
1514.892300
1406.787500
1417.318900
1641.333200
1617.363800
1612.843900
1536.804200
1400.224900
1242.951700
1276.741100
1682.457900
1678.764200
1554.936100
1428.073100
1636.499500
1470.692200
1465.126900
1456.703200
1496.206800
1338.453200
1595.202500
1661.622000
1464.823700
1596.470500
1521.491500
1616.983200
1613.156800
1496.905900
1512.722000
1495.538000
1487.424900
1404.973400
1416.404900
1491.251600
1607.677800
1384.306600
1306.427900
1410.869500
1438.695700
1459.951100
1535.748700
1597.530300
1496.275100
1456.773500
1354.702500
1578.955900
1360.353900
1500.716400
1605.208400
1610.335300
1625.102300
1551.492400
1531.972300
1620.029700
1418.656000
1416.510400
1479.222600
1680.266700
1374.341100
1601.988400
1612.717600
1580.722300
1544.346600
1543.575300
1562.839700
1601.408300
1603.357500
1493.243300
1464.165300
1506.091200
1508.458900
1452.073900
1523.212500
1568.282800
1516.399400
1472.023800
1594.254900
1432.845600
1478.270900
1539.844900
1611.893300
1525.817100
1505.875900
1512.766500
1604.528600
1465.659800
1508.543000
1579.553100
1481.051200
1533.563800
1575.128100
1456.071700
1433.171600
1478.088500
1629.769700
1576.151800
1642.458500
1461.832600
1471.972200
1680.568900
1513.780200
1423.553000
1565.749000
1678.812000
1610.009400
1517.744600
1624.968900
1599.532700
1589.739000
1518.595700
1416.893000
1479.835900
1523.986500
1352.402400
1457.672600
1411.362100
1386.774600
1630.526100
1520.636000
1526.193800
1491.958600
1466.679800
1398.292200
1535.479600
1514.593900
1677.900800
1619.298000
1546.302900
1443.581500
1478.016900
1498.470700
1379.956600
1500.503300
1417.086500
1567.038200
1630.363300
1627.740500
1594.341900
1458.463000
1472.293600
1504.740900
1479.315800
1623.930500
1401.987100
1537.856400
1503.383900
1447.145200
1473.066500
1443.291000
1655.229800
1659.030400
1581.855700
1422.503100
1509.965900
1686.703100
1463.642700
1557.685600
1518.258000
1365.975300
1498.427500
1350.533900
