0.041833,1.483696,0.503226
0.019152,1.413646,0.563297
0.013286,1.438055,0.509608
0.304930,1.678275,0.385392
0.344586,1.751144,0.353393
0.314542,1.518247,0.327836
0.333867,1.345469,0.268236
0.364391,1.361351,0.186990
0.434556,1.333099,0.138542
0.419260,1.310769,0.156870
0.352993,1.332543,0.152052
0.330867,1.313911,0.134234
0.260245,1.331224,0.190082
0.241264,1.296182,0.168524
0.173174,1.162412,0.099243
0.110628,1.052336,0.055508
0.037522,1.018721,-0.007146
0.091310,1.033996,0.052209
0.136500,1.054899,0.142177
0.168508,1.078366,0.196077
0.192689,1.101241,0.241783
0.262955,0.986439,0.173171
0.308064,0.832980,0.176129
0.361471,0.778515,0.169014
0.447992,0.806101,0.176814
0.461592,0.880540,0.104618
0.465287,0.875593,0.112400
0.497508,0.881335,0.182575
0.560525,0.859000,0.260299
0.580164,0.856892,0.299292
0.684002,0.746781,0.349219
0.760014,0.725005,0.369287
0.828299,0.710385,0.410017
0.874793,0.843101,0.495977
0.929633,0.896818,0.449853
0.955029,0.948474,0.364111
0.953731,0.917654,0.304607
0.942824,0.887654,0.296607
0.840096,0.871181,0.305820
0.790000,0.904844,0.340570
0.782178,0.929196,0.341986
0.812619,0.904421,0.384858
0.811558,0.930243,0.393136
0.816635,0.857800,0.279504
0.676281,0.829726,0.006572
0.716358,0.869983,-0.038674
0.675731,0.837502,-0.182121
0.658728,0.865236,-0.081183
0.556814,0.828614,-0.173098
0.557234,0.851618,-0.121766
0.556682,0.846898,-0.214813
0.626527,0.873258,-0.280025
0.662701,0.835746,-0.292275
0.621413,0.742600,-0.250762
0.628587,0.791583,-0.307178
0.634604,0.637039,-0.329680
0.675172,0.918564,-0.328626
0.712647,1.044697,-0.404845
0.692930,0.962918,-0.413697
0.601473,0.834414,-0.444664
0.510150,0.655690,-0.449586
0.524471,0.707597,-0.451351
0.674278,0.781427,-0.509116
0.810316,0.737928,-0.495679
0.850352,0.708794,-0.414541
0.832468,0.750046,-0.432912
0.746649,0.723963,-0.370075
0.761846,0.606962,-0.321308
0.842773,0.566851,-0.403888
0.967827,0.649190,-0.534118
1.055009,0.652972,-0.568551
0.996383,0.658489,-0.550021
0.939855,0.610265,-0.494411
0.947692,0.531209,-0.397596
0.955363,0.487993,-0.358314
0.942971,0.437751,-0.350527
0.977066,0.652015,-0.391269
0.997288,0.698736,-0.399273
1.107877,0.639387,-0.405514
1.112891,0.659235,-0.397694
1.147007,0.597449,-0.379832
0.903088,0.837909,-0.306708
0.837558,0.882266,-0.318310
0.754518,0.959742,-0.412873
0.831174,0.942670,-0.473154
0.820123,0.979442,-0.496060
0.856819,0.969205,-0.576809
0.869382,0.912067,-0.611480
0.882867,0.936665,-0.583946
0.911732,1.020202,-0.631371
0.861789,1.027234,-0.547222
0.803984,1.032580,-0.595265
0.679242,1.139694,-0.416601
0.664211,1.151556,-0.474103
0.701885,1.224920,-0.399469
0.704938,1.304844,-0.443218
0.715712,1.339249,-0.453899
0.718586,1.387671,-0.427678
0.700751,1.318231,-0.539096
0.667291,1.242063,-0.552707
0.668230,1.366444,-0.542940
0.684959,1.418401,-0.497325
0.638314,1.461482,-0.526487
0.637149,1.472436,-0.547821
0.748900,1.356732,-0.543977
0.701553,1.380162,-0.415070
0.675454,1.438120,-0.408407
0.651761,1.467751,-0.469157
0.639425,1.524234,-0.562391
0.757518,1.480827,-0.539091
0.724483,1.534640,-0.549547
0.768624,1.522292,-0.567264
0.797127,1.526874,-0.608031
0.947004,1.439769,-0.568487
1.013135,1.436110,-0.571478
1.027652,1.538266,-0.634362
0.996365,1.567896,-0.670968
1.024281,1.569957,-0.517740
0.992125,1.564464,-0.498360
0.975829,1.622457,-0.559922
0.931842,1.745580,-0.572230
0.889643,1.644685,-0.476670
0.949939,1.686951,-0.484499
1.007337,1.645673,-0.497005
1.008764,1.605307,-0.527192
0.929693,1.591555,-0.499589
0.850174,1.583990,-0.541542
0.821452,1.530153,-0.552516
0.857881,1.570159,-0.515793
0.901762,1.503489,-0.508469
0.970491,1.570011,-0.481636
0.987084,1.522345,-0.566068
0.936542,1.493761,-0.530815
0.866779,1.394186,-0.535848
0.938260,1.393213,-0.501503
0.934686,1.425588,-0.481463
1.003443,1.325271,-0.373346
0.980554,1.281909,-0.339516
1.026524,1.275553,-0.386074
1.043650,1.166716,-0.357432
0.997024,1.143580,-0.424331
1.111579,1.169192,-0.438371
1.077188,1.180815,-0.510404
1.136289,1.214376,-0.475336
1.220757,1.313354,-0.462187
1.180671,1.370453,-0.504957
1.174281,1.373978,-0.534690
1.401852,1.279487,-0.489775
1.432843,1.282343,-0.459879
1.406356,1.293550,-0.467567
1.391400,1.311973,-0.458451
1.456609,1.330947,-0.430928
1.393700,1.545383,-0.460936
1.258690,1.646652,-0.435327
1.305518,1.583498,-0.486968
1.400032,1.543231,-0.439663
1.456973,1.441310,-0.511936
1.497893,1.434965,-0.495964
1.530532,1.320979,-0.565938
1.424592,1.445736,-0.515321
1.446902,1.456861,-0.556637
1.513797,1.473436,-0.514013
1.566939,1.611073,-0.490177
1.640490,1.578514,-0.502117
1.612729,1.681025,-0.403015
1.567982,1.709940,-0.327125
1.382014,1.925267,-0.418123
1.410158,1.975599,-0.481884
1.378157,1.942226,-0.547106
1.409270,1.930333,-0.502022
1.441078,1.947303,-0.470903
1.354140,1.930677,-0.582418
1.372751,2.006142,-0.572363
1.180975,1.943398,-0.536304
1.154729,1.942873,-0.532018
1.139518,1.904045,-0.525165
1.212222,1.917659,-0.572623
1.211736,1.952667,-0.534603
1.338411,1.941018,-0.471888
1.353967,1.936056,-0.461954
1.317417,1.989797,-0.437458
1.454317,1.993780,-0.467570
1.472490,1.948430,-0.519147
1.541019,1.969132,-0.570979
1.536078,1.960395,-0.626493
1.478739,1.928714,-0.589457
1.512554,1.908502,-0.557469
1.515609,1.931303,-0.479361
1.489655,1.860725,-0.498094
1.500539,1.855936,-0.437015
1.509834,1.866826,-0.495349
1.601520,1.956585,-0.507030
1.648940,1.947993,-0.465102
1.660769,1.911328,-0.444321
1.621827,1.860289,-0.465608
1.646459,1.861650,-0.495509
1.756994,1.821030,-0.491642
1.729777,1.853629,-0.480463
1.712325,1.810196,-0.523555
1.750317,1.888913,-0.481398
1.796194,1.840607,-0.423096
1.874545,1.972000,-0.472916
1.955001,1.888475,-0.436831
1.888449,1.863023,-0.420402
1.900085,1.820064,-0.459842
1.869794,1.805231,-0.432793
1.890981,1.797233,-0.451630
2.054175,1.861831,-0.385244
2.060633,1.841836,-0.419586
2.108477,1.841481,-0.380188
2.257582,1.829250,-0.452846
2.284147,1.815917,-0.424091
2.286442,1.865498,-0.455980
2.275187,1.885984,-0.404281
2.263753,1.856345,-0.316049
2.247886,1.855950,-0.293229
2.237198,1.867571,-0.398163
2.159675,1.788877,-0.438060
2.290476,1.920066,-0.457835
2.300311,1.963373,-0.439242
2.297151,1.919140,-0.408919
2.318693,1.862586,-0.354486
2.255071,1.792516,-0.355874
2.247218,1.782230,-0.327123
2.241947,1.905761,-0.374157
2.276330,1.967190,-0.397556
2.325602,1.980600,-0.438065
2.437120,1.961756,-0.544818
2.315420,1.955893,-0.465136
2.374913,1.980219,-0.497092
2.399748,1.937431,-0.549102
2.453240,1.987486,-0.591616
2.461253,1.986887,-0.553707
2.355301,1.963353,-0.486883
2.315256,1.969180,-0.473115
2.321541,1.894598,-0.437409
2.268846,1.806458,-0.423391
2.261110,1.713974,-0.408952
2.155096,1.746104,-0.452215
2.114993,1.719152,-0.459174
2.193298,1.751579,-0.460136
2.276989,1.785945,-0.575504
2.223534,1.822637,-0.582528
2.222992,1.796757,-0.534422
2.170486,1.877791,-0.603483
2.121476,1.950715,-0.577953
2.261396,1.695448,-0.528618
1.998631,1.985646,-0.453239
1.886719,1.999018,-0.563836
1.821522,1.999977,-0.547518
1.874373,1.958119,-0.529180
1.861341,1.950557,-0.602144
1.897285,1.996802,-0.558006
1.935396,2.070263,-0.556815
1.939908,2.092743,-0.520376
1.942126,2.182693,-0.531465
1.880573,2.145641,-0.635677
1.860539,2.198371,-0.736933
1.893202,2.296863,-0.708390
1.903589,2.456695,-0.633149
1.962185,2.503044,-0.625723
1.892629,2.490885,-0.638387
1.950797,2.562731,-0.674702
2.066149,2.789782,-0.754019
2.091234,2.536651,-0.628395
2.076418,2.552047,-0.574132
2.049815,2.582547,-0.586042
2.108132,2.554311,-0.539366
2.123850,2.504775,-0.479899
2.138437,2.452121,-0.479302
2.144222,2.497335,-0.495085
2.192052,2.438659,-0.508122
2.251949,2.382797,-0.523101
2.273441,2.392315,-0.527109
2.264597,2.364746,-0.518624
2.316274,2.282855,-0.477821
2.028500,2.254390,-0.575330
2.065842,2.155013,-0.438720
2.107126,2.071888,-0.384890
2.114901,2.077375,-0.424390
2.055439,2.060492,-0.487510
2.101042,1.979385,-0.557104
2.142077,1.969823,-0.470425
2.169603,1.973065,-0.475915
2.045853,1.945725,-0.486490
2.138820,2.057664,-0.592258
1.998581,1.958370,-0.577966
2.211419,2.191613,-0.542737
2.125011,2.264214,-0.594193
2.202090,2.173288,-0.643284
2.202448,2.284406,-0.641553
2.102372,2.382931,-0.578769
2.113734,2.523523,-0.551778
2.101597,2.582853,-0.541632
1.999925,2.608396,-0.672649
1.974295,2.560752,-0.816760
1.956168,2.575255,-0.967381
1.988294,2.542468,-0.984313
2.062526,2.351416,-0.762639
2.058417,2.494112,-0.818657
2.019749,2.575042,-0.771239
2.044423,2.528165,-0.782099
2.047611,2.583925,-0.778492
2.062909,2.536343,-0.795844
2.159791,2.582773,-0.793031
2.026747,2.561321,-0.826415
2.169880,2.570656,-0.754415
1.948009,2.493716,-0.751732
2.154526,2.506923,-0.734031
2.225297,2.529340,-0.700008
2.069532,2.545053,-0.677512
2.131349,2.443134,-0.664673
1.962050,2.559259,-0.709158
2.072561,2.253907,-0.627832
2.231346,2.036794,-0.590882
2.276473,2.043311,-0.709314
2.272102,2.131593,-0.725638
2.274131,2.103420,-0.650527
2.257538,2.077974,-0.417451
2.265390,2.065768,-0.335378
2.258664,2.129436,-0.398316
2.336647,2.200444,-0.360451
2.494358,2.166105,-0.350583
2.508803,2.144123,-0.385060
2.579845,2.145304,-0.376743
2.597265,2.111089,-0.431849
2.550653,2.139197,-0.362709
2.537269,2.160230,-0.456726
2.558065,2.147466,-0.487272
2.542996,2.124422,-0.473935
2.536480,2.202983,-0.517485
2.504752,2.368386,-0.507103
2.528605,2.303672,-0.496229
2.456404,2.321208,-0.509555
2.455410,2.302130,-0.462144
2.321831,2.475601,-0.465479
2.325678,2.490384,-0.477418
2.347525,2.431238,-0.437847
2.347994,2.456177,-0.444819
2.295220,2.554534,-0.523853
2.267229,2.600971,-0.560875
2.404065,2.528983,-0.480359
2.401551,2.552166,-0.523875
2.408191,2.572094,-0.539141
2.399770,2.530019,-0.495263
2.318486,2.553994,-0.465687
2.322483,2.566377,-0.470123
2.259529,2.447934,-0.526913
2.206635,2.386556,-0.584180
2.190069,2.412719,-0.531108
2.184678,2.432675,-0.525577
2.177027,2.442352,-0.548897
2.261777,2.421025,-0.532557
2.239877,2.436902,-0.533003
2.248589,2.427936,-0.542480
2.245701,2.406652,-0.542353
2.240689,2.405083,-0.535569
2.267174,2.453242,-0.553186
2.406255,2.442030,-0.607549
2.688114,2.301049,-0.580510
2.802775,2.237117,-0.546080
2.701100,2.214029,-0.567523
2.710329,2.265154,-0.552271
2.669295,2.195377,-0.543666
2.633242,2.108281,-0.490019
2.565054,2.108970,-0.443630
2.594400,2.116395,-0.460800
2.638993,2.053391,-0.513716
2.733545,2.116862,-0.530237
2.824362,2.179935,-0.491806
2.814621,2.217011,-0.475871
2.842851,2.179261,-0.424453
2.986878,2.095107,-0.391107
2.968158,2.089706,-0.442948
2.936980,2.083146,-0.454534
2.915628,2.056567,-0.417546
2.912734,2.072754,-0.441363
2.867743,2.124951,-0.493959
2.870229,2.129658,-0.522354
2.841826,2.159432,-0.532274
2.867264,2.179214,-0.540769
2.880981,2.173263,-0.524667
2.802439,2.148130,-0.524963
2.811255,2.124902,-0.518974
2.682679,2.102943,-0.533461
2.659782,2.060008,-0.584831
2.675184,2.050849,-0.508552
2.804590,2.088570,-0.438886
2.821307,1.988994,-0.459933
2.857400,2.027243,-0.458149
2.817307,1.929526,-0.482897
2.793567,1.966205,-0.491306
2.811592,1.964440,-0.500545
2.818460,1.879243,-0.495849
2.842337,1.875970,-0.469202
2.905056,1.869654,-0.561722
2.934645,1.893191,-0.583506
3.037567,1.863898,-0.578031
3.047173,1.875395,-0.602954
3.008313,1.765476,-0.532892
2.988045,1.762594,-0.426455
3.074320,1.703086,-0.383010
3.028453,1.758741,-0.387964
3.088559,1.678550,-0.497852
3.101256,1.617040,-0.438420
3.177287,1.766818,-0.489459
3.141521,1.808363,-0.410098
3.165908,1.833150,-0.319663
3.147606,1.722342,-0.273200
3.147558,1.714498,-0.214828
3.103645,1.759518,-0.232097
3.131390,1.829613,-0.371179
3.105273,2.000481,-0.554020
3.108173,2.045332,-0.507814
3.126462,2.081916,-0.469712
3.046304,2.022352,-0.516317
2.982706,2.086168,-0.509870
3.101010,1.903518,-0.379381
3.156547,1.883312,-0.323063
3.215788,1.871520,-0.318978
3.246881,1.894341,-0.291294
3.309282,1.922695,-0.400674
3.376607,1.970754,-0.492970
3.434952,1.909470,-0.486050
3.524589,1.978450,-0.390072
3.498550,1.828344,-0.433969
3.554365,1.918478,-0.440077
3.598891,1.915681,-0.498575
3.572263,1.685479,-0.535174
3.576572,1.846344,-0.495437
3.636228,1.852963,-0.531255
3.574067,1.942546,-0.592945
3.680764,1.788702,-0.513017
3.741772,1.529267,-0.445490
3.754923,1.434133,-0.431363
3.747701,1.414387,-0.430695
3.755909,1.423733,-0.415924
3.758903,1.384235,-0.454040
3.837853,1.250479,-0.449478
3.801007,1.327614,-0.447463
3.792279,1.375823,-0.487848
3.744400,1.218324,-0.416904
3.763043,1.134588,-0.418093
3.687665,1.174393,-0.392631
3.673067,1.189276,-0.457327
3.747036,1.196433,-0.458040
3.739395,1.196632,-0.377109
3.760883,1.099323,-0.508814
3.792503,1.092253,-0.532060
3.798008,1.105335,-0.575147
3.740965,1.106516,-0.496110
3.693192,1.038430,-0.430883
3.683538,1.066082,-0.394632
3.587779,1.154594,-0.578915
3.594575,1.140051,-0.555745
3.574084,1.172013,-0.555772
3.595251,1.120443,-0.609685
3.535762,1.067469,-0.536368
3.455289,1.064158,-0.589719
3.557097,1.078909,-0.491422
3.728353,1.121244,-0.372209
3.758764,1.245296,-0.461845
3.770382,1.215684,-0.463736
3.770975,1.176860,-0.382948
3.746653,1.147297,-0.394446
3.693815,1.209023,-0.430554
3.744609,1.170771,-0.493424
3.819727,1.250140,-0.498434
3.809801,1.203372,-0.426843
3.742325,1.158328,-0.464024
3.818739,1.207128,-0.505282
3.812065,1.172630,-0.547757
3.819926,1.275447,-0.594965
3.736650,1.293242,-0.568990
3.766778,1.317641,-0.535079
3.850373,1.328602,-0.535585
3.946798,1.358876,-0.514514
3.973025,1.282445,-0.527388
3.975231,1.243354,-0.556102
4.060618,1.115266,-0.712531
3.959124,1.089821,-0.639676
3.856371,1.299144,-0.492048
3.848762,1.393098,-0.452655
4.028403,1.186138,-0.524200
3.936508,1.062249,-0.477582
3.921579,1.075759,-0.531463
3.932185,1.131986,-0.549348
3.979856,1.039695,-0.539240
3.911431,1.022036,-0.534203
3.929602,0.954681,-0.510036
3.908032,0.934865,-0.505145
4.032012,0.935724,-0.562901
4.074158,0.956860,-0.575261
3.972196,1.044915,-0.507408
3.976035,1.042220,-0.545028
3.969507,1.047943,-0.581270
3.999413,0.776019,-0.653265
3.978050,0.711182,-0.638308
4.104503,0.794644,-0.650484
4.122665,0.802260,-0.658839
