78.835800
70.346100
76.912900
72.272400
78.367100
77.893400
79.371800
82.866300
76.112200
75.288600
85.884700
73.295200
74.702200
77.126300
76.504400
76.846400
78.210500
75.019600
75.820800
82.682100
73.905400
72.416400
76.180400
74.675400
77.126700
68.807800
74.686100
79.083800
77.223700
80.525300
82.117100
75.661200
80.742900
78.402300
73.110000
79.537200
74.662400
81.675900
80.791600
82.736800
85.808000
79.719600
76.735000
79.659900
74.922500
80.411000
83.158000
78.251600
81.466500
82.070600
106.259500
76.826200
82.358800
78.349100
73.859500
74.798800
77.779400
77.478100
74.862600
68.699900
75.712700
73.067100
73.934600
71.739700
84.548100
72.036800
70.426800
81.018500
85.329900
81.736900
74.736900
74.463900
72.081900
85.996800
79.721300
72.180800
75.085900
72.714800
79.980900
71.793400
76.892000
75.152900
75.536200
67.589300
68.470900
69.901800
80.594500
74.545100
75.418700
78.326600
66.371100
69.058700
74.522800
72.632600
74.274300
75.399200
79.297300
74.011000
71.740800
75.230200
77.219800
76.404600
76.188000
73.294600
78.514800
79.854800
82.572100
73.459200
78.864400
75.173100
70.940400
70.196600
70.798100
89.580300
79.799300
74.609100
77.776600
71.186600
71.083400
72.360300
81.298900
74.928900
70.068700
82.035600
70.541400
76.414300
71.802700
74.390700
74.913400
77.385900
75.761800
77.875300
78.212300
71.968600
75.295000
84.486300
82.953700
71.504900
74.819600
75.752100
82.426500
84.829500
79.081900
81.388700
75.748800
83.668400
70.810500
73.039500
71.926100
73.171300
81.086500
81.351600
79.005100
78.965500
74.418400
77.158100
77.274500
79.843800
74.684000
76.297100
73.108800
77.367100
82.226200
73.863000
78.673000
80.600300
77.459700
79.507300
74.504400
79.801500
71.547200
83.953300
79.379200
80.314500
78.568000
76.123200
84.170500
80.201600
73.850100
70.348300
86.513500
79.155400
77.377600
80.445300
70.288700
69.708400
77.850600
80.241200
69.971000
74.134400
66.235100
77.019600
79.586200
76.113500
76.763500
75.350000
67.331000
72.109300
74.171100
76.427200
72.426100
73.667100
73.650300
73.080300
69.833500
72.299800
75.325700
74.222000
81.253800
81.270500
81.454400
75.327400
70.965900
80.645400
77.059900
82.603300
81.146700
73.453800
65.077100
71.220400
74.654200
73.398000
76.797200
71.999100
71.776000
79.310300
71.789800
71.475700
75.843000
71.916900
73.129500
78.607800
79.397800
77.028000
74.242300
72.991200
74.286000
80.627500
74.082500
71.224300
82.208600
79.946100
78.317300
82.846300
75.787800
76.355000
73.694800
73.139700
76.300900
72.663900
76.793300
81.060700
72.850800
64.725400
80.894200
76.102300
80.352900
75.168500
74.849800
74.784100
76.285300
68.478600
73.343900
71.143900
77.961300
78.243200
85.052700
81.531200
82.922600
80.644500
78.013400
77.400000
78.583400
74.629500
85.153800
79.291600
79.552500
75.129400
88.116300
86.053900
69.451200
86.007300
70.881500
71.727100
72.493300
74.232000
82.338700
72.257100
79.381800
73.553700
81.290100
75.608400
101.021100
75.992100
78.180300
77.903700
77.228400
82.612400
79.939300
74.662100
81.109700
77.800900
84.679700
79.885300
74.050800
78.891600
77.526700
78.793800
80.375900
82.187300
78.730600
79.526000
72.978200
66.939100
76.607100
72.928900
75.893100
88.065300
76.808400
80.545000
75.542800
71.224900
72.082600
79.981200
76.610500
78.899800
78.804200
73.608700
73.961600
78.833400
75.773300
79.718600
77.371400
77.885300
79.145400
76.977500
76.427000
70.356200
72.961600
76.792000
73.854500
74.753800
79.404900
84.142100
87.855200
78.589000
71.339700
65.675900
65.296200
85.927000
82.808500
78.442300
74.706500
81.840500
71.308100
73.573000
71.677100
78.099600
67.374900
78.929600
84.525100
70.363100
77.936500
77.210200
80.769200
80.731500
77.424700
76.618400
76.850400
75.583600
70.516500
71.015600
74.083700
80.656500
68.586500
67.160200
71.884600
74.248500
75.022700
76.308500
78.038500
75.328300
72.837700
70.271600
77.006900
64.881600
75.385700
81.090600
79.781900
81.108600
82.620300
79.017200
84.644900
68.284200
71.040500
74.957700
85.147500
70.450200
80.044700
78.218100
78.970600
78.024500
77.065000
76.394500
81.183100
91.503300
73.341400
74.656700
73.284900
75.700600
71.431400
75.754000
72.891100
76.227100
74.240200
79.175600
72.712800
75.088700
77.692000
84.389700
73.765400
73.543900
75.480100
80.936500
73.248800
76.176700
78.996900
76.534200
79.153000
76.099100
70.302100
70.321500
73.466500
79.939600
79.281200
86.668500
75.837900
72.516800
82.439700
76.830700
71.787800
81.767000
79.678000
80.829000
75.333700
81.781400
81.538900
82.377300
77.629400
71.196400
73.198600
75.091100
68.943200
73.674500
71.198400
67.277900
81.210300
74.581400
76.976200
72.425300
75.032300
68.583100
77.349700
77.810500
83.319800
82.390600
78.021400
76.371100
74.374700
75.768300
70.545900
76.303600
68.123000
78.997500
80.677800
85.019700
84.876800
72.341200
77.778900
71.936900
75.106100
83.007700
70.048200
79.053200
75.911600
73.049800
74.013100
72.527800
80.150800
83.153800
79.667300
74.954000
72.847700
84.871000
73.945100
80.234600
74.398300
71.844100
73.845200
67.600600
