471.300900
450.166300
452.408800
441.465500
462.221700
476.979600
458.225300
432.823100
451.932100
430.224700
463.629800
427.261600
443.711600
442.528600
434.731600
492.200300
461.136000
445.483700
449.451700
491.004500
446.944700
428.786400
448.244400
429.436900
465.270900
418.463000
438.256800
485.023800
429.293600
452.916100
466.934700
435.870000
470.297400
440.766700
426.319900
455.280800
442.380700
466.471900
469.474100
483.041000
500.488800
474.380100
435.032600
449.438100
423.521100
465.998500
493.198900
454.862000
457.306400
454.712600
471.102100
446.881600
472.779000
451.322800
439.722200
446.103200
481.614100
464.402600
442.134600
422.434800
450.476200
431.249100
435.737100
428.401200
456.368400
426.802700
432.515700
488.992800
511.845400
489.332200
467.529400
460.852100
433.026000
499.283400
468.332500
413.027600
438.614700
430.173300
473.875200
444.862100
450.898200
439.110200
444.022500
436.262000
423.815400
451.671700
484.182700
459.298800
462.744100
460.373300
404.411400
419.264200
438.953000
440.396800
428.318900
439.602800
449.218100
469.856400
433.071700
448.564900
448.487800
440.995600
469.219100
426.897700
463.966700
485.001600
471.915300
424.664000
456.622700
459.991700
429.608200
411.794400
430.680700
458.040800
454.670700
437.090100
454.761300
427.708900
425.088300
428.146500
482.845500
439.188600
417.319500
472.973200
418.381000
426.379200
415.562400
451.461500
447.378200
447.256600
434.532000
445.562400
443.189400
414.895800
423.423800
479.291300
460.969400
395.735100
416.518300
465.297600
480.672700
477.214500
433.248100
458.531700
428.524000
484.926600
402.545300
418.788400
411.838400
428.794400
461.124800
457.131200
443.024900
449.400600
426.590500
442.047000
441.132800
466.634100
431.717600
441.794100
403.218900
418.549000
468.797800
435.421300
428.622300
466.775600
455.675800
470.190500
433.020900
460.120800
398.002200
466.550900
465.959500
455.944100
410.568500
440.739500
485.049000
440.879100
397.887300
382.770500
483.680300
422.075600
446.295500
460.196500
377.576200
377.123200
430.059500
431.934800
404.857600
401.401300
386.444500
414.466300
456.695200
421.046400
417.924000
416.982300
383.762200
403.949900
417.228000
436.186900
435.074300
430.458600
421.558500
397.165400
397.834900
405.025400
441.153700
428.397400
451.182700
462.471900
458.175500
428.481500
423.108100
454.864700
442.694200
460.524200
462.627700
433.861400
414.566700
416.840600
420.885900
400.862700
427.682400
426.714400
397.767400
449.911100
398.227800
413.740900
430.120000
407.942000
411.978600
423.105900
462.597700
427.162400
390.726300
409.310200
409.559200
454.487400
401.275000
429.303300
454.938400
434.665800
437.558500
480.451700
422.358400
419.592700
420.230100
410.779900
446.870200
412.913000
448.943900
462.382500
413.538700
391.706300
463.081800
452.776200
470.407300
442.588500
432.612300
421.201500
437.298200
442.095100
473.238600
445.900000
462.108900
446.564500
460.470700
494.399900
480.308100
464.147900
449.454400
474.285100
459.518300
410.234900
482.160500
471.894800
470.911600
418.958400
502.080700
504.233000
403.257500
495.190000
393.800300
405.545300
421.438800
416.753800
485.782300
429.366000
468.097300
430.835400
478.773800
425.391000
443.648700
425.383600
443.721800
432.102900
434.020000
468.608300
473.306200
417.879300
462.451100
462.685400
486.281500
460.005800
412.394500
431.838600
462.353500
472.159200
451.637800
455.567900
474.073400
462.803000
437.210200
395.906900
448.548000
410.303300
427.360700
509.207400
438.415700
461.228600
417.186600
443.525700
425.734700
456.766800
421.273200
470.294100
453.056000
430.907000
413.567900
443.541600
424.337600
438.524800
422.320000
425.972700
458.032500
448.479400
410.540500
384.950100
405.226600
439.118600
404.932000
410.918200
469.050100
483.650300
474.478400
427.231900
393.841700
361.417100
368.359000
479.971600
476.675100
445.339400
413.125800
465.642500
424.118900
423.593500
412.367400
428.484300
399.074800
460.083700
468.453300
402.579500
450.415100
438.252500
464.784500
448.743200
432.298600
433.196400
433.042800
442.014800
426.094800
413.700900
439.400200
484.902500
403.606000
392.047100
405.837500
427.155200
454.294000
459.559300
479.336500
442.115400
418.586800
398.304000
454.015000
387.620900
440.603500
466.096300
465.903100
474.838000
461.466300
460.913400
478.695600
415.609600
419.611200
439.995000
511.513100
405.940700
467.452200
478.567500
475.722400
447.243400
451.185300
463.784800
482.064200
482.241200
437.936600
439.745700
460.777500
458.856500
424.977200
446.229800
445.578900
454.794300
436.407900
476.878100
426.589900
451.282800
468.390700
488.672300
450.367800
438.132300
446.795300
461.373000
432.938500
439.640800
462.147600
447.419100
465.328200
460.012800
416.487500
432.195200
433.395600
475.220100
478.530900
507.100900
431.771100
445.062000
480.758700
449.615500
426.849500
455.073800
484.445800
479.766300
455.486800
467.378700
471.931600
470.812200
439.385200
417.814700
435.972500
461.762100
421.585300
443.373200
418.797300
386.596900
445.637000
464.021600
459.319100
437.413600
438.401000
421.083500
461.528200
449.201200
487.512300
455.282300
459.896500
445.817100
432.746900
447.208700
432.639100
435.691200
423.873800
457.497000
460.329500
471.812000
471.939700
434.710000
430.701900
430.690600
435.655600
475.986100
413.823300
465.775000
431.681500
428.858900
419.048600
428.226500
454.053700
470.567000
456.667800
441.035800
449.297800
487.786700
436.336300
469.607600
435.512800
411.928700
429.079100
423.072000
