435.295300
458.259800
440.260300
483.162700
453.900500
462.842600
449.773800
429.130900
474.349400
461.997000
478.385800
458.017300
427.657300
427.430200
453.102300
448.849600
459.237300
487.550400
469.594300
451.202600
449.156800
444.389100
443.453000
443.854000
463.116300
462.613600
468.155700
473.123800
474.099400
474.378000
469.521900
467.924800
439.494100
453.550000
484.159900
472.222600
498.432300
469.287500
480.358800
480.281600
473.878700
471.720200
465.089100
450.274700
475.322100
471.270700
447.733900
439.896900
470.129100
483.275400
444.606700
443.171300
442.151800
439.732700
449.119200
442.422600
456.702700
465.537900
458.582800
442.544000
420.394000
426.743800
446.142100
448.283800
479.713100
453.594600
468.122300
424.097100
485.506500
465.349400
433.121800
449.494200
500.990500
472.004700
449.435800
431.626200
463.200800
483.731700
473.746800
467.420900
465.364500
461.826300
490.161200
432.250200
447.933300
455.734700
435.285400
429.962400
438.545000
417.582500
449.415100
437.035100
453.240600
454.210400
443.990200
481.628500
475.976600
433.392200
441.986800
454.305700
448.250200
469.979800
465.371700
396.724800
451.388300
482.447300
493.607300
437.607900
441.804100
428.344400
440.190700
410.916400
434.477000
472.091600
423.681100
444.703900
432.403700
441.365400
452.754400
427.976500
452.052100
430.174300
470.134600
472.467200
405.507900
435.487900
448.966200
468.112400
468.154200
428.545900
458.109600
472.559800
470.490800
453.354600
458.862000
449.899400
451.996500
431.463200
463.638700
455.014500
461.294400
453.161800
471.484600
431.693900
419.596600
422.872400
461.631600
473.586200
458.719100
435.776000
457.399900
429.641400
427.258400
477.182600
409.190900
482.255600
487.279900
469.210800
425.069000
439.783500
435.469700
480.387700
459.210400
460.581900
440.056600
453.337500
375.215500
442.752400
437.241200
433.058500
432.637600
491.249900
458.304600
450.088600
440.840800
433.159200
417.067400
441.763800
460.582600
460.467000
434.438300
445.598300
462.506300
453.374800
466.519700
444.574000
450.345800
436.221200
461.979200
475.671800
462.562200
432.143000
467.386900
461.692800
458.269500
404.473500
427.017200
444.495900
394.754600
451.607100
453.183800
442.404700
449.941200
453.048400
456.248800
465.478100
450.830800
447.843700
431.766000
398.895200
440.919400
417.643200
420.689600
464.505300
436.656000
460.680900
449.661500
478.529800
458.560200
435.791500
439.166800
435.135000
434.908900
476.627100
462.585500
440.161600
468.029100
423.778200
470.826500
451.731400
441.831100
442.213200
452.464100
453.173000
416.633300
435.551700
407.401200
470.754100
478.292500
440.869200
475.932200
471.787400
453.314200
500.325000
440.637100
452.046800
473.657600
456.324100
420.893900
456.616300
460.548700
468.885200
460.196900
428.463700
439.699000
465.248300
454.008700
445.962500
450.159900
448.501500
457.206000
453.509800
449.568500
449.897400
462.486300
398.387400
441.830200
489.771200
425.144400
468.379100
454.852400
465.339200
372.053300
437.324000
437.699100
444.487100
477.571100
489.056800
448.519500
403.588700
445.272400
465.595100
456.154100
476.773900
456.347200
463.879000
479.703100
443.442000
439.028200
451.944600
439.804000
443.687800
477.336700
448.237900
518.582000
511.414700
479.366500
452.107100
484.275400
469.720300
449.360100
442.912000
453.576800
462.148700
440.832000
432.413100
448.400200
460.569900
465.616200
472.096700
494.480500
493.511300
452.491900
477.641800
462.181600
429.819200
462.836500
442.270700
455.093000
387.238700
483.789900
451.666700
473.962000
445.334400
477.743600
501.189000
411.903100
442.049400
449.279200
462.060000
462.775300
467.898600
447.322500
423.911200
444.388900
468.550200
471.100300
435.318000
448.671400
432.988400
456.434700
441.391500
488.594400
466.206300
482.513000
451.879600
408.435800
436.793900
483.769900
482.166100
439.764700
407.905400
443.050500
424.006500
435.955600
431.415700
434.352800
437.397400
397.156800
472.313500
486.034500
501.862700
482.265300
436.378500
440.283800
462.412800
477.763700
428.368500
472.956900
422.505000
478.665100
406.697900
443.851000
446.464300
495.656600
459.780200
415.604300
495.106800
441.627700
494.640000
442.192700
512.000200
426.490800
470.280500
467.419500
488.143300
490.302200
485.989500
445.738100
382.755500
451.688200
433.865800
452.298800
419.784000
486.709700
446.892500
469.241000
472.932100
448.214400
376.473200
423.647000
436.399900
457.210200
474.838500
507.496100
453.071900
434.572600
476.755400
452.302900
458.641800
451.967300
452.643300
501.783500
458.787500
501.287000
494.018800
445.736300
446.180800
446.337100
411.716800
417.784700
480.757200
461.650600
409.569200
449.807500
414.650900
474.852100
449.274100
441.400700
418.399500
461.438700
419.712200
436.398700
456.288400
466.013700
454.213900
439.919100
477.400700
476.502200
489.240700
405.618900
437.688700
470.606700
430.800900
462.300300
438.417500
466.639900
423.667000
439.153800
412.510700
439.407700
492.571000
460.008000
451.249400
467.928100
451.211700
486.635000
430.353200
499.655800
455.817100
445.422300
433.799900
421.720100
424.709200
423.666600
459.891900
459.584300
438.662400
420.020500
424.080200
472.616500
460.624900
456.687100
445.622500
397.408600
424.176900
482.771100
484.642800
454.949400
456.259600
461.115800
432.949800
466.084200
443.850100
470.902100
445.238000
426.296100
427.908900
429.497200
432.160900
464.180400
456.728200
399.529000
451.857500
476.954200
460.796700
448.521300
441.208900
486.263500
410.871400
