1416.490500
1543.654500
1502.567200
1585.039600
1476.668800
1478.421700
1482.266800
1448.826200
1570.245000
1538.505900
1596.797700
1527.280500
1445.499700
1486.081000
1565.853600
1534.863100
1617.914300
1615.388300
1588.406400
1543.320800
1542.772800
1546.997400
1570.508400
1563.480500
1625.768600
1612.288900
1628.132800
1680.407500
1644.437300
1630.628400
1638.944800
1653.006600
1509.046400
1572.647600
1652.224900
1676.671000
1733.068600
1656.995400
1741.308200
1717.439400
1651.886900
1587.144900
1591.194300
1553.100600
1652.910500
1622.135700
1559.504400
1530.619600
1593.719300
1658.538800
1568.343100
1514.880600
1509.994400
1535.214000
1537.048500
1503.390100
1573.873700
1603.690700
1601.058100
1543.691200
1539.188500
1537.171300
1593.347000
1620.826300
1594.895400
1543.039400
1685.808000
1498.555300
1643.057400
1628.528900
1523.978400
1530.850700
1730.706900
1626.463600
1609.863000
1504.925200
1596.876900
1653.674400
1650.618900
1604.838100
1636.051900
1634.672700
1746.760200
1510.856500
1554.616700
1610.414000
1538.285500
1500.335000
1504.913400
1431.424400
1506.277700
1569.823100
1614.412800
1596.580000
1573.218500
1706.640000
1639.059100
1523.697300
1576.213400
1587.541100
1551.322800
1644.538100
1537.350700
1464.430900
1633.751700
1637.072500
1680.578500
1562.711900
1564.326900
1524.626000
1594.427700
1502.033100
1527.820300
1578.590000
1528.646400
1561.684300
1503.222000
1582.406500
1589.013700
1484.232100
1522.180000
1563.099600
1639.854500
1646.153900
1460.259600
1575.070500
1595.826800
1602.909300
1630.654400
1506.356100
1657.090000
1619.212200
1666.027400
1585.318600
1614.262500
1654.512900
1583.076400
1536.134900
1588.969000
1571.037100
1592.157500
1567.497500
1647.248800
1560.828200
1510.469500
1520.561000
1620.973000
1677.303800
1604.786000
1562.148200
1565.843900
1466.165900
1536.962700
1625.312400
1420.350400
1643.704600
1672.796100
1616.979300
1476.423300
1504.091800
1475.697700
1665.102900
1590.321200
1631.412200
1497.166600
1616.233300
1325.227400
1493.902000
1557.840100
1509.307000
1530.474300
1690.179600
1604.061700
1564.729100
1518.371900
1553.369700
1441.225500
1555.726800
1666.431900
1585.547000
1504.669700
1543.963900
1621.328100
1550.358300
1651.110700
1556.066400
1546.401700
1532.596800
1625.493400
1604.361600
1589.008300
1496.352400
1622.330300
1569.610300
1506.921000
1440.522900
1457.696900
1550.634600
1379.429500
1549.058100
1605.118700
1496.343200
1524.999500
1574.078600
1601.082500
1588.314200
1502.275100
1560.550100
1524.752300
1390.411400
1510.147600
1479.224500
1462.934600
1617.741100
1571.027800
1579.303600
1570.569000
1655.648700
1598.364000
1494.145700
1510.713500
1508.733000
1497.998000
1665.011500
1585.528800
1517.589500
1624.460600
1456.685600
1625.066600
1549.459200
1539.523400
1524.197800
1512.508700
1595.413500
1455.918800
1495.957500
1411.998700
1603.401200
1624.579400
1494.671700
1552.668200
1618.093500
1575.182300
1735.089700
1444.434600
1496.526700
1602.339200
1506.265500
1413.593400
1545.729000
1525.253600
1569.094600
1578.483600
1446.638800
1478.037200
1576.756700
1545.615100
1526.768400
1504.026000
1537.832200
1532.613400
1544.473100
1519.447900
1542.379700
1553.185500
1367.782300
1523.437900
1661.557200
1437.625400
1594.492100
1591.363400
1556.874000
1305.061900
1476.222700
1460.396200
1524.030900
1602.998900
1676.906600
1525.940000
1380.969700
1489.202800
1525.197100
1546.423400
1613.539900
1518.857900
1577.947600
1610.588200
1467.832700
1459.110600
1523.455000
1496.131200
1496.837200
1566.421400
1494.159400
1674.900900
1657.063600
1584.890500
1530.470700
1673.010400
1567.579200
1508.141200
1496.667200
1531.420800
1555.738900
1483.421700
1496.729900
1487.551700
1509.806900
1570.227900
1582.178300
1519.760000
1608.238500
1527.169100
1671.715300
1570.773400
1450.513700
1504.697600
1432.945500
1561.607200
1306.803300
1579.028100
1498.089100
1597.813400
1494.645300
1640.586500
1697.216600
1394.399800
1507.531800
1553.242200
1571.385800
1633.927000
1566.261700
1547.999000
1402.115700
1510.639600
1525.893300
1538.672500
1435.262600
1448.652600
1456.052300
1570.640000
1571.028000
1656.649500
1602.500100
1667.775300
1535.087400
1400.624600
1483.883700
1659.823100
1666.104900
1490.276300
1392.961700
1457.996800
1464.422200
1512.702700
1489.062500
1462.632500
1467.647000
1451.241400
1394.492400
1389.100000
1627.190400
1581.657500
1486.016700
1535.741500
1580.179000
1600.403700
1475.849500
1637.837600
1490.962500
1667.783100
1423.751700
1567.825200
1634.942200
1710.336700
1597.496300
1393.967100
1712.920700
1533.692000
1717.276700
1582.302400
1755.323800
1398.856600
1660.880500
1654.584100
1691.858200
1700.061400
1705.079500
1630.262800
1305.976800
1578.647900
1521.761400
1551.335000
1494.954400
1656.080900
1548.927100
1649.906800
1657.450600
1571.441700
1310.669000
1475.211400
1488.815000
1587.154700
1679.287600
1706.290800
1543.796600
1539.322600
1642.867800
1636.677700
1642.317400
1615.984000
1592.734900
1742.644400
1542.571600
1689.746700
1707.392200
1521.514200
1567.945100
1538.043800
1427.103500
1440.781500
1666.643900
1567.874500
1399.773100
1485.889000
1430.132100
1680.662200
1558.556700
1561.113200
1425.169200
1548.370400
1478.556500
1568.079800
1588.236900
1610.120200
1544.779000
1501.948700
1619.644500
1669.684900
1669.476200
1389.499300
1546.595000
1643.002700
1484.733600
1600.480600
1511.235600
1582.451500
1497.850800
1533.714800
1437.591000
1562.636800
1710.244100
1609.925900
1553.648700
1579.940800
1599.382100
1682.848200
1429.458200
1700.057000
1588.163000
1557.177200
1498.391300
1427.492700
1450.551900
1477.774800
1587.741300
1559.086900
1537.272400
1424.910900
1417.667200
1644.843700
1568.703100
1557.302400
1524.056500
1338.556800
1457.311100
1656.787100
1647.700700
1528.571500
1558.598400
1605.063400
1455.586200
1568.319700
1501.609600
1598.960900
1549.851000
1490.070800
1525.852200
1477.604500
1523.439900
1624.556900
1582.726200
1324.304400
1570.038000
1657.000500
1551.976800
1546.488300
1490.200800
1686.121400
1367.505600
