1156.605900
1105.969700
1114.114000
1100.258800
1177.932700
1198.289400
1147.966000
1087.887000
1144.077300
1084.363500
1142.541700
1064.334600
1131.884500
1129.518600
1109.361100
1127.502200
1191.030400
1111.777900
1105.899100
1212.313700
1111.553700
1077.515200
1131.834700
1133.103900
1183.893900
1042.979600
1098.745000
1245.360000
1123.614400
1130.779300
1201.191500
1101.903400
1194.967000
1138.514600
1059.134500
1172.618500
1075.795600
1161.280800
1163.445700
1181.411400
1235.251600
1173.448700
1106.949200
1105.669100
1031.618500
1138.146000
1203.318500
1130.796200
1147.767700
1134.387700
1131.430600
1156.066700
1160.395700
1128.789700
1071.912200
1123.764800
1188.006300
1144.734700
1105.012000
1079.159500
1138.107600
1078.841800
1098.850400
1101.883600
1137.284900
1073.084600
1108.626300
1221.237500
1257.548200
1215.253900
1144.736900
1163.366100
1089.420700
1259.438700
1166.798200
1048.384000
1080.705800
1109.454200
1161.899900
1061.067100
1140.122200
1112.513900
1102.229100
1036.952100
1044.427600
1107.509400
1192.286400
1151.877600
1136.275600
1148.060700
990.708600
1028.776400
1072.482100
1064.682000
1083.259000
1088.076600
1115.672800
1152.181700
1056.362500
1132.798800
1132.343900
1114.748900
1152.449300
1071.368400
1159.218700
1189.086400
1165.912000
1077.886500
1147.864100
1137.031900
1041.126900
1051.878300
1058.165100
1156.470100
1151.911500
1090.993200
1159.310400
1108.543900
1054.526700
1080.559800
1226.117600
1132.302200
1062.660000
1192.208100
1054.715200
1100.562200
1055.714100
1171.555500
1136.148900
1148.671100
1130.484300
1161.513300
1146.469800
1088.663100
1079.135500
1215.937600
1202.645700
1005.670300
1050.998200
1173.647000
1212.557500
1214.299700
1087.170700
1157.018000
1093.986800
1213.194200
997.611000
1029.489100
1065.967300
1055.774300
1178.282300
1135.447100
1105.860000
1113.721800
1066.550500
1095.470700
1140.355400
1174.167700
1079.481700
1142.790500
1031.775900
1074.701600
1196.487400
1083.701300
1092.972500
1173.911700
1502.327200
1415.048200
1196.552800
1238.401400
1119.937900
1249.572900
1252.156200
1227.558000
1035.287500
1098.546600
1208.730300
1112.370700
1002.314300
984.578000
1235.258300
1129.870500
1150.168000
1179.302500
986.782000
984.154000
1085.589000
1104.967000
1010.491400
1028.971400
980.847700
1053.902600
1163.425000
1071.446200
1064.134800
1058.326200
996.848000
1012.560000
1069.535400
1055.334100
1066.544400
1055.128800
1044.831500
1017.848100
996.636300
1010.456500
1070.114600
1032.876800
1145.345200
1138.700600
1147.315200
1059.094600
1019.632500
1185.897400
1119.691300
1159.352900
1170.191900
1101.066600
1037.340900
1043.725700
1033.627300
991.789700
1058.346600
1074.976600
1010.575200
1147.218200
1022.581000
1031.267600
1082.014500
1011.267600
1050.719300
1087.011500
1168.352000
1100.021100
1015.235000
1055.955500
1050.850500
1162.838200
1021.602600
1086.297600
1140.229200
1095.999400
1093.944300
1206.344200
1115.649300
1062.944800
1061.673700
1035.568100
1130.653900
1047.189700
1131.672000
1168.632700
1054.983600
987.350000
1162.514400
1125.232000
1165.976800
1115.596800
1094.157400
1088.326000
1081.932400
1083.137600
1174.113300
1069.246900
1136.156500
1133.518000
1114.249900
1188.757600
1165.868200
1134.784200
1125.661000
1201.805900
1174.666500
1060.036100
1205.599100
1151.326300
1172.318600
1051.223000
1217.333100
1241.660900
987.423900
1229.394000
1013.045200
1031.259100
1049.566000
1042.114100
1192.696400
1069.875500
1145.913700
1082.462300
1202.905900
1087.063600
1120.970300
1061.784900
1117.717900
1089.411100
1091.130000
1179.805500
1219.444100
1060.299700
1167.553000
1161.587400
1217.774800
1144.300600
978.466700
1088.215000
1127.850300
1140.875900
1147.025300
1151.585100
1156.315800
1129.968500
1087.596200
1010.142700
1116.591300
1047.688600
1101.051900
1283.986700
1139.465200
1158.064100
1059.940300
1104.465100
1059.263500
1174.372900
1069.995600
1183.787700
1130.535000
1065.542200
1060.123400
1135.311900
1106.257400
1126.117000
1072.436300
1122.833600
1192.101200
1142.478800
1105.406500
1031.507500
1094.481300
1131.184700
1050.918400
1067.482000
1182.515700
1201.613800
1199.119600
1134.379100
1047.630200
932.747900
965.935500
1245.916300
1223.879100
1144.422400
1074.462100
1183.129400
1080.611200
1100.269700
1093.429800
1123.183300
1002.405500
1160.966200
1235.872500
1097.915100
1162.248300
1141.372800
1171.712200
1202.456800
1098.117000
1107.360800
1135.207400
1134.267000
1092.607300
1079.245000
1116.610800
1210.805500
1050.338200
981.865700
1042.380200
1096.827600
1109.566500
1171.481400
1194.743400
1119.000800
1076.736500
1005.497600
1166.420000
1009.464000
1113.875100
1194.236800
1180.691300
1201.727700
1171.550900
1133.826600
1197.451800
1064.645700
1050.286300
1088.200400
1226.509800
1027.523100
1182.463800
1146.812900
1149.932400
1131.965300
1132.906800
1152.127100
1191.705100
1206.241200
1112.438700
1094.537400
1094.964300
1103.977800
1076.109600
1120.996700
1110.536600
1102.589700
1111.130300
1145.651200
1070.824100
1113.008900
1146.701100
1209.920100
1167.895800
1123.032800
1123.798700
1206.756100
1109.338500
1098.444500
1158.624200
1103.436400
1151.706400
1119.506000
1060.661000
1049.285700
1075.296500
1199.210100
1153.508600
1202.943300
1073.716900
1098.261300
1237.535100
1145.736400
1053.780800
1177.613900
1219.945700
1184.570300
1121.259800
1207.749000
1196.120500
1193.085000
1128.674400
1034.186600
1108.244000
1117.041500
1012.831500
1083.707400
1056.657400
1043.209600
1155.069900
1133.497900
1125.407300
1107.600900
1094.248400
1018.679000
1127.414500
1117.916700
1307.894200
1183.070000
1154.210800
1076.432500
1074.479500
1104.969200
1048.997800
1099.119400
1030.454000
1149.110700
1154.096500
1215.597400
1167.606500
1064.265700
1081.061900
1075.106700
1128.926300
1204.212500
1026.380200
1139.244400
1090.134300
1077.901300
1088.328500
1108.730400
1175.919800
1213.987400
1148.448700
1081.618600
1118.265200
1247.693600
1098.319300
1169.034900
1113.361800
1047.306100
1080.270300
1016.367600
