69.599000
78.298900
84.161100
81.538900
79.665300
73.198400
75.048200
90.791700
81.131400
71.649500
83.093200
81.253400
75.719300
80.866200
79.900100
84.847300
83.171600
83.303700
80.949400
79.639600
78.161600
84.208000
76.012500
80.287000
77.275700
78.734000
76.765600
75.033600
72.585400
74.338800
80.513100
77.007400
81.678300
83.094900
74.642000
83.678200
79.779700
73.734100
81.657900
83.795200
78.189500
86.552300
83.528800
81.258600
79.101100
84.990600
78.934300
78.839700
72.303700
77.156300
71.482600
78.245800
77.212800
89.388700
80.429900
81.917600
76.383000
80.697200
85.367100
69.578800
107.251100
76.333700
82.485800
74.724400
91.751300
76.004900
82.378600
82.221900
75.914800
71.639300
75.806300
79.379200
77.842900
81.906000
82.595600
76.967200
74.146300
87.051400
89.181200
81.823400
86.703200
69.365800
71.249000
80.585000
80.183200
74.222300
74.570100
73.271600
75.010100
76.988800
78.120400
80.907500
87.128900
85.128700
78.067400
75.969600
77.239200
70.897100
78.515600
74.290400
76.088500
72.656500
79.552000
71.230800
82.544200
80.785600
72.487600
83.391000
72.761400
80.329800
70.528400
79.742000
71.018300
77.415600
77.512900
76.512700
77.083100
74.854100
87.282600
81.796100
78.839100
79.638700
70.896700
76.499100
76.406700
77.133800
76.911200
81.151500
77.049600
78.994700
79.903000
72.270800
84.889500
77.043700
81.293800
74.099200
77.450500
81.583700
75.465900
76.400900
79.521300
80.902200
69.261600
74.023100
75.918500
72.975200
79.313500
75.944700
83.991300
69.172500
70.527100
66.268800
84.201200
72.809700
74.516100
76.772900
71.111300
72.506100
75.527200
73.492000
74.039300
70.724900
69.229400
71.652100
73.976700
69.898700
80.635800
80.785300
72.996200
77.197300
76.084100
77.258500
79.819100
82.953700
80.906700
74.718400
73.740700
82.197200
82.656900
80.195300
78.465500
73.128100
77.551800
83.591900
81.105100
72.980600
81.627300
80.367300
80.706200
81.830100
83.378200
84.055400
75.458100
73.148700
74.403300
67.490900
76.963400
78.262800
72.066300
74.920800
69.398800
69.864200
71.239700
77.690400
75.514800
72.729100
71.145400
73.983200
70.573700
76.845200
68.270200
75.129200
69.339000
76.913000
73.307100
73.294400
67.617600
68.794300
75.228500
76.104800
72.531300
87.336700
78.092800
77.466300
79.063400
75.808800
76.905700
80.970900
68.023900
69.619000
78.603700
76.132600
73.691900
77.484500
74.049000
82.333300
80.232400
74.014300
80.916700
81.817200
75.605500
77.708200
79.678300
75.614400
74.583900
73.806800
73.337400
79.752300
78.037200
78.711100
77.976000
76.588400
76.261500
75.040300
73.432000
78.258300
71.284200
69.100000
76.906300
74.763500
71.862000
78.817200
74.912200
76.174000
74.973100
72.543700
65.877500
72.118600
78.452300
77.426900
73.038400
78.611700
76.351600
76.605100
74.144800
76.181300
83.358300
72.363500
79.701500
78.379100
79.509000
83.645200
79.515800
80.312500
77.428300
69.708600
77.445100
77.437200
103.394400
81.455700
81.247300
76.144800
76.604500
74.722000
71.818900
76.794400
77.919400
83.900300
79.641200
79.468000
83.485000
71.789400
74.758000
81.796800
82.235900
74.788500
68.635300
68.243200
72.172100
72.448100
69.903100
71.991900
73.353800
79.713200
72.754100
74.041600
74.624100
72.998400
70.592700
79.889200
81.988500
76.024700
73.520000
77.973600
79.266100
76.084000
76.128800
86.839300
78.684200
75.057300
79.051600
73.116900
72.713300
76.914500
78.307800
79.275000
76.740800
80.537800
82.690500
73.273700
80.170600
69.906800
81.488100
81.749400
88.040600
79.124800
79.202200
72.386900
72.595000
72.245700
80.134200
73.753300
75.033800
80.917500
78.465100
80.489100
79.643400
70.952100
72.533900
67.323300
75.434900
74.274400
72.991700
71.856000
79.471700
82.553800
84.486200
79.702200
78.095600
73.437600
78.608300
70.523200
74.718000
77.875400
74.112700
73.987400
70.570700
82.140700
83.283800
83.270100
86.206200
69.601400
72.083500
75.436200
73.050700
72.334600
71.633900
76.843500
80.899400
69.164400
74.503100
76.159700
90.055900
78.477700
69.814500
77.990200
81.767500
74.299700
68.831900
80.678200
80.458000
71.144500
70.835300
86.238900
73.247200
100.576000
101.051600
85.905300
88.384800
82.139300
87.478700
88.260600
90.264300
79.528700
72.778900
84.190200
87.597500
77.460500
74.429000
76.513900
77.713900
75.745700
82.337100
70.720200
77.013500
73.656200
75.330300
84.024800
80.215900
69.104000
76.656100
71.314700
74.763900
67.650100
70.375700
70.562800
83.561900
76.676200
72.562400
69.496200
64.682300
81.101000
74.620700
82.538300
70.939900
75.581800
73.802900
69.873000
68.291900
67.661800
77.028900
83.264800
79.802500
75.130800
71.866300
81.621200
70.058300
82.094000
72.175900
71.776400
74.024700
74.365700
75.356000
74.292900
74.423600
78.301400
71.769000
77.054600
75.514000
77.983500
79.971600
72.926400
77.429200
64.411500
75.304500
75.298200
76.590200
70.256900
75.555400
76.636600
69.091600
69.672900
68.191900
79.945900
70.232200
70.022100
70.088000
79.533000
71.919400
80.540000
67.774800
69.908800
70.588700
73.804800
79.359000
70.863700
84.153400
72.877500
76.479700
75.285800
