707.588900
744.056900
717.667200
686.586800
727.817000
721.363500
731.252300
732.255600
686.686800
718.521200
662.665800
717.766100
724.964100
736.140100
761.920300
766.581400
742.201000
742.679100
709.073600
739.403300
703.127100
692.600400
748.673000
701.628300
696.170100
772.811600
714.958200
784.931200
715.824700
691.043100
685.626500
708.796100
741.445100
756.947700
767.610200
747.056800
715.876200
705.459800
782.840900
736.087000
717.635100
660.413500
765.559100
773.074800
741.981100
694.302700
714.810500
662.138300
692.144600
695.679200
677.285300
698.814100
716.174900
684.710500
701.283300
733.836200
687.028400
746.992900
792.011300
785.832500
668.307500
743.101100
735.435700
725.236500
668.662500
810.191800
685.587300
700.374400
777.164700
710.688200
625.434100
700.359400
702.369600
686.260800
731.798900
704.594600
618.518300
705.081400
786.417900
704.843400
727.845000
687.888400
758.716300
713.478300
746.186700
725.444300
719.011500
767.398500
797.759300
682.041400
787.975700
736.090800
737.693000
711.227200
708.050500
761.757900
761.150700
688.117100
688.027200
667.632700
691.108400
656.468900
625.065000
698.831400
747.068000
665.941400
689.826000
667.286400
710.509600
780.418000
700.215000
696.299200
762.502800
791.128400
766.892600
772.450600
777.076600
759.326600
773.427000
698.941400
789.070300
719.842100
747.995600
758.608600
720.883300
764.598400
776.687800
675.878900
683.673300
709.567000
658.113500
701.044900
771.988500
724.112300
745.978700
720.200300
744.411800
729.667800
714.323700
722.144800
727.099800
760.377500
695.491400
691.237800
764.236000
694.382100
770.679200
720.308900
673.814200
719.412600
755.886000
674.935700
751.924400
757.687700
764.112900
716.766500
653.391000
705.035700
779.351700
692.270700
686.790500
706.448900
715.306800
736.329700
689.820200
757.091000
739.933800
729.345800
760.907100
725.787900
756.308300
767.701500
728.522900
718.872300
734.788600
692.270800
712.726100
676.689300
721.869600
777.072900
746.392200
724.886100
730.799900
735.306000
681.767400
712.729000
722.825700
713.834600
671.005500
712.669700
704.008800
647.825100
706.579600
694.872400
697.968500
650.153900
624.706200
723.324800
614.452100
668.021700
611.761500
676.420200
753.194300
732.634000
634.085500
753.397000
691.406200
671.821600
741.872200
680.926600
717.033800
643.599400
713.302100
705.972700
730.543300
703.280600
715.249000
613.725100
735.352800
748.040200
689.804200
664.358600
670.410400
722.177100
765.761700
682.730000
692.740700
695.523100
679.053600
733.376800
740.771900
655.707100
753.355700
575.910600
682.892000
644.847200
694.463500
737.257200
722.301500
713.797600
681.712600
710.255500
745.720100
743.679300
658.078700
725.286700
701.120100
674.401400
625.048000
644.440600
746.912500
666.507700
676.274900
656.254400
800.539500
825.735200
773.044400
639.631500
662.079800
732.263700
727.369900
654.211800
802.760200
671.082400
671.905200
784.627800
767.295100
744.084300
697.195500
720.523900
780.758700
763.370200
735.526400
701.236700
751.559300
766.338600
686.525900
633.821800
702.647700
636.738200
724.937600
739.992600
686.140400
694.490700
703.611100
653.971700
792.813300
693.326800
681.986600
661.497100
755.015000
760.714100
644.950300
739.279000
681.457900
746.603700
771.781100
685.056100
812.913300
796.214300
717.263100
772.286500
668.608800
751.275600
753.807600
680.568800
806.211700
818.577200
658.206200
739.180100
768.489000
650.807500
755.852500
693.258100
723.202400
714.296700
755.707400
706.835700
663.166400
661.988100
738.841900
709.962700
708.895000
706.527300
715.807300
665.372000
676.397700
704.462200
683.331400
689.227300
662.580100
685.099000
722.577400
759.774900
792.160100
675.123800
762.863600
764.560500
728.943900
674.835500
667.880000
691.454000
666.226800
713.691300
701.416700
709.418300
604.405400
675.930700
754.709000
736.578400
773.781100
728.220300
754.507500
715.981100
657.542200
738.419500
757.870200
758.326500
721.785200
706.970400
766.601900
733.417200
695.506200
727.706600
742.610300
708.823200
685.977400
780.559400
790.343500
788.205400
745.239700
776.563700
763.155800
756.052000
762.779800
762.459200
742.457500
730.892000
708.384600
736.446700
663.622100
763.693300
634.683400
760.961100
683.311700
728.398900
751.872100
735.639900
715.370400
711.126500
667.097000
704.678600
756.293900
665.613500
799.490900
677.787500
764.575000
743.552700
693.346800
695.342200
679.133000
802.365800
794.303200
638.028300
727.126500
773.967400
734.245500
690.386900
699.106000
703.193500
717.290100
687.861400
712.027600
766.573200
679.100800
767.311700
719.791200
730.423300
725.289500
747.912700
684.984400
693.991800
714.079900
694.253500
710.341400
734.723400
754.139800
694.003600
673.910200
728.748100
711.992000
750.714600
740.657700
689.893600
706.723900
691.647500
743.002500
802.160100
743.159400
798.076700
719.856700
743.498700
694.609300
696.222100
722.779100
690.060000
699.877100
776.769000
662.129100
741.340600
757.550900
778.634100
762.320000
685.138200
747.085100
660.561500
678.445700
685.037900
711.338700
745.572600
717.627100
745.003300
752.532900
608.248800
602.337100
764.282100
771.001800
690.635100
675.157800
749.829300
719.298700
680.494600
665.716200
656.720400
779.382800
695.868400
770.006100
784.930300
735.700000
724.819800
651.140500
724.041800
565.041500
720.069200
633.405000
635.733500
690.270400
686.985700
717.304000
679.274300
674.382500
752.179500
741.244800
714.012500
689.620100
700.721300
737.494800
700.284900
670.213200
705.603100
