69.750900
79.889700
71.991500
68.100500
72.124800
74.257300
74.419700
75.646400
74.938300
74.676900
70.011400
74.108500
74.079100
74.751100
79.090500
81.437100
77.868600
74.798100
72.591100
76.372600
72.322700
73.138500
78.470100
74.961500
73.895600
78.784300
74.226500
82.461500
87.618700
76.257100
73.877300
74.220100
77.487300
77.944800
80.025500
78.083800
76.070000
75.860700
79.302000
76.824600
74.713500
69.765100
78.610000
83.647600
77.412900
74.328800
78.642700
73.666200
78.012200
77.613600
74.562000
76.654800
78.318600
75.987300
77.074400
76.768300
75.085600
77.296100
79.073100
80.759400
74.351000
80.496700
77.526200
77.943100
71.930700
86.335300
70.016300
74.992900
80.015400
77.484300
69.460700
75.148100
75.235800
76.042500
77.459500
75.410900
71.112200
75.898300
86.480800
76.832800
76.773000
76.964100
80.087900
78.226200
84.456900
78.691800
78.260500
82.556900
85.440300
75.442700
83.413200
80.833000
81.124800
76.449600
79.735100
82.579200
82.004300
76.159500
76.991200
72.847900
77.873600
73.588800
71.181600
75.559700
81.444300
73.341300
79.683700
75.280300
77.569100
85.105500
72.198400
74.163100
80.473100
82.953800
82.430500
79.176400
82.452200
81.216500
78.044700
75.619300
79.415200
76.378200
78.165400
79.022800
77.416600
79.419700
80.798500
92.383000
75.123200
79.319700
72.773500
77.773700
95.485500
78.330600
80.423200
80.415700
82.682400
79.821100
79.884800
80.161700
79.577000
86.432300
79.085100
76.475600
81.793900
78.565400
88.958700
88.057400
73.762300
78.183500
79.674600
74.800800
80.528400
77.608500
79.138500
77.502900
69.129300
74.674800
78.930100
72.443900
73.631500
72.945700
73.020300
79.469500
74.480400
80.807500
81.156700
79.064400
90.508200
82.427400
87.913300
86.714900
82.521200
88.454600
81.952300
97.850900
80.257400
71.599800
80.180000
79.304600
82.237400
74.202700
75.393700
75.570300
74.512300
74.713400
77.904900
77.760000
72.259600
79.124100
77.739400
69.110400
72.994500
73.403100
74.226200
69.142400
68.139800
71.585000
66.286000
72.423600
64.323600
68.119600
76.868700
74.643400
65.477700
75.469500
68.007000
69.262300
77.406700
68.150100
73.985900
66.963800
72.938600
72.224000
74.917100
72.351000
73.424600
65.533300
74.148400
74.841800
71.885500
68.914900
69.737900
71.022100
79.056800
74.997200
79.660600
72.808100
75.659300
78.791500
79.117300
70.463800
80.465700
63.558100
73.865700
67.735200
73.611600
76.871500
73.412200
72.770800
70.487300
72.752800
74.581000
75.629900
68.323300
72.817400
71.076500
68.903900
61.035700
62.575100
73.555800
66.174000
66.842900
66.847400
81.342200
83.583800
79.567700
69.585900
77.779700
71.563800
71.122300
69.889300
78.561300
65.530800
68.151400
75.682800
79.186700
74.232700
73.385100
75.912100
81.293600
79.563200
71.664900
72.598800
69.473500
78.261300
69.596500
67.814600
64.321400
65.205900
69.312700
71.870000
69.149000
72.024500
74.407500
68.675800
73.143400
68.488000
73.124700
70.490700
73.423000
77.155200
60.753400
72.262600
75.610100
73.283400
76.723000
69.754100
76.224000
76.195000
74.250200
71.517100
64.494900
76.531800
72.177900
71.577500
74.446800
72.899500
72.129100
78.194400
78.325900
67.144100
74.015300
68.197500
68.951000
72.900800
73.216200
68.562600
67.233500
64.326000
74.171500
69.748700
70.200800
69.856300
70.959300
67.189600
68.992300
68.432500
71.073000
66.009900
65.536400
67.042900
72.930200
77.025300
78.589100
69.306100
73.799900
75.050800
72.232700
65.691100
66.489700
69.714500
69.750100
71.243400
73.804000
70.343500
63.741900
65.421500
73.260600
73.067800
76.417800
74.853400
76.079400
74.739100
70.872600
77.298200
72.695200
73.454700
70.864000
70.520600
75.176400
74.884600
68.184100
72.196600
73.612600
71.507200
70.921300
78.490600
78.633500
78.586900
74.108900
74.599000
70.502500
74.114300
74.330400
74.950200
75.360200
70.298800
73.727500
73.469100
67.029900
73.358500
63.913200
76.482100
67.681000
73.724900
72.779800
72.949600
70.206000
71.727500
66.883400
70.059300
71.228700
68.212100
77.415600
63.580600
71.694400
70.835700
68.121300
65.341900
66.271000
77.714900
80.118100
59.975600
70.487400
74.406200
70.471200
63.191400
65.896100
66.790500
69.131500
65.333900
68.364400
74.483800
67.825900
76.047300
67.531700
67.863100
70.537500
72.398500
67.245200
68.864400
71.368700
66.798500
70.191100
69.563900
74.092400
67.950600
66.134400
71.972300
73.784400
75.851500
74.766300
75.550700
68.251100
69.912100
72.911500
87.158700
75.180000
76.887200
71.614400
67.745200
68.214900
70.093000
73.506900
69.990700
70.583100
75.002500
64.724600
76.576700
72.651700
81.707300
72.225000
68.658100
75.572800
73.030900
69.572000
70.187000
71.017800
73.328000
73.465900
73.799300
72.580800
67.152400
70.003500
77.535200
75.917300
72.097700
68.477300
74.074100
71.504000
72.027500
68.575600
67.917100
80.535100
69.879200
83.814200
74.276500
75.396700
71.004400
70.092300
73.715800
64.882400
74.767400
71.401000
68.687900
68.856300
68.873200
72.700100
70.645500
71.481300
74.721700
70.674900
74.026400
72.287100
75.224000
95.773700
76.108300
67.854000
75.392200
