461.906600
452.876200
457.081200
455.581500
464.312300
480.078100
460.500900
428.763300
451.603800
426.633600
457.096700
438.472300
438.039600
441.248400
429.541600
439.125300
465.873100
444.908100
441.503800
484.119800
451.283300
412.299900
447.041500
417.885000
464.017600
415.641900
435.333800
484.823600
427.311600
446.238800
460.679000
425.583800
473.089400
440.548800
424.482700
449.118200
421.739300
452.425400
457.840400
472.929500
494.014600
479.193800
430.010500
444.453700
412.542300
441.722900
471.588300
451.851800
457.398300
451.504300
455.663800
449.749200
470.965800
440.706400
422.836000
440.315900
471.076400
455.620300
426.099000
420.941800
438.326900
452.399600
424.010600
422.146900
452.763600
418.234900
436.994800
476.359600
497.682100
477.215400
456.875000
456.780000
414.680800
482.663200
460.982000
413.873800
431.497800
436.785500
467.905000
428.837900
446.025100
426.808200
434.916100
418.875000
422.991500
440.670000
471.418100
433.748000
455.036500
456.265400
395.107900
414.049000
437.489500
427.281100
421.982100
429.693400
444.375900
450.461900
419.510300
441.587000
454.026000
446.446100
463.028000
435.576200
457.974600
472.264300
469.714600
417.236200
455.899200
453.575000
423.520200
413.947600
427.363000
453.320900
460.956100
443.168300
451.943100
421.215700
420.462800
424.329200
480.064400
446.245900
453.955500
477.952700
421.541600
434.793600
417.445700
468.011800
461.217300
451.255300
439.303800
453.165000
457.780500
429.165100
425.818000
481.271400
472.547900
398.554300
413.531600
471.390400
492.278800
490.896500
428.197800
459.575500
432.118300
487.854400
399.024600
405.926400
420.460000
421.309300
456.925800
446.659500
429.485700
442.759900
418.098400
431.011700
437.746100
462.709400
423.616700
437.149700
411.170500
420.550400
472.629800
422.949200
433.365600
454.074500
455.279700
460.271600
432.297900
449.490300
395.883700
471.178300
467.302500
454.291300
403.918100
426.503400
490.354700
429.405200
387.061600
383.984800
488.686700
427.244000
444.560500
455.163700
384.593600
387.907700
430.571900
437.453100
398.943000
403.813300
397.425100
424.567300
460.952200
433.457500
432.064300
421.678400
387.239600
405.249900
427.810800
427.400700
429.074900
415.121500
411.157000
398.538700
396.753300
402.739900
428.665400
417.813500
457.398700
464.350400
457.451900
424.283100
421.487300
471.167800
460.273800
469.684700
466.336200
449.650200
421.559700
429.499600
426.690000
404.491100
423.437800
432.724900
420.643600
459.901500
413.631600
418.410200
431.689300
404.673400
414.524200
439.167400
466.399800
435.379700
399.719900
419.301400
424.560800
477.387900
410.305600
438.658800
460.971200
455.198300
443.120000
473.205700
427.572400
432.414600
420.103700
420.266100
459.506100
418.857700
454.049100
469.839700
419.161700
387.037700
456.733500
446.488600
469.301500
443.236400
426.486500
427.269800
452.899900
430.185400
455.361100
421.273700
451.607000
458.051200
464.612900
489.666500
478.760100
466.191500
448.997000
471.456700
458.531400
425.225800
495.550400
471.218900
471.154200
427.074300
498.282000
496.066500
404.535600
487.993700
414.948000
415.175800
411.754300
409.087100
485.374500
418.492700
454.244200
418.483800
486.929000
427.459500
444.658200
428.900000
433.089900
431.183600
432.266600
478.211000
454.727200
417.464900
458.695800
465.858100
485.167400
467.533800
386.772300
436.935800
457.196700
451.997500
459.141600
465.445100
481.168700
440.811300
419.448200
391.288900
438.752000
400.507100
426.500600
477.796100
432.232400
450.821200
413.349800
420.636000
411.273100
449.349100
417.886700
445.102600
394.907600
419.672500
400.044800
465.019600
376.111200
408.131900
411.073900
398.780300
460.134300
448.233300
435.702600
402.240900
416.365400
447.143300
406.140000
410.767400
475.372100
478.427100
471.958000
449.254200
414.147000
360.759200
374.093200
484.896300
490.661100
438.933000
408.736200
471.837000
431.423700
432.348900
413.940700
444.502900
389.154600
458.183100
488.180300
414.975800
457.031800
443.857000
466.905400
476.065300
473.655500
445.819500
441.240400
434.766400
416.013300
415.767800
426.713400
474.587600
398.307500
376.104400
402.756500
413.524100
418.969800
440.418100
461.636400
440.473700
419.113600
381.287000
455.950100
390.182400
424.361200
466.641600
452.970400
467.647100
460.564700
436.282800
467.183800
399.472600
405.142600
429.901500
485.036000
395.946300
453.024200
460.349000
443.943200
434.429100
432.547200
440.551000
465.564900
469.997100
432.698100
418.533600
433.489600
429.430700
413.898900
434.581500
444.138400
443.378400
427.572300
452.219600
404.900700
432.269000
454.445700
463.838700
452.757700
446.953400
459.324100
468.796100
437.493400
447.284700
461.548100
438.170000
464.912700
467.031500
417.946900
423.554400
442.050800
477.771100
457.048300
477.067100
445.274900
436.549300
498.580500
462.362700
430.795500
460.064900
482.410200
472.261400
441.803600
468.757200
468.567100
469.513700
447.203400
415.067800
434.339800
448.046800
403.786400
431.820400
415.536500
391.144600
464.111000
453.055500
461.731000
436.601600
434.636500
420.137300
464.449000
452.300200
497.680500
466.538900
450.976800
426.904600
420.165600
436.722000
424.906400
453.051800
406.229500
457.366600
468.659800
479.857400
465.994700
427.505200
431.383800
427.904100
443.702500
481.127900
411.528900
456.465300
433.619500
421.329900
422.752100
424.439000
454.887200
485.670500
468.410200
429.900400
439.493400
485.123600
428.988300
457.120600
435.707800
405.729200
413.454000
396.637500
