70.535900
76.777700
86.089300
81.240800
81.426000
77.249300
76.780400
83.829700
86.118700
71.335500
80.594900
80.970400
78.526300
78.746000
77.062800
81.906900
80.781300
85.912200
88.619300
79.445500
76.156400
82.836800
82.203200
75.366700
74.182500
75.921500
76.637300
77.582600
72.343700
74.087000
77.295200
78.080900
79.676000
79.059500
78.411200
80.801200
74.374100
71.173500
79.349400
77.207900
71.119700
82.408300
77.903800
76.633800
77.865600
78.255000
75.433300
76.701000
76.362900
78.733400
71.855200
77.801500
74.233100
83.063900
79.057800
82.031100
76.401000
81.709400
84.584000
75.455000
81.797500
77.099000
81.981300
79.452700
85.625500
81.876200
85.777400
81.464200
80.659800
74.249400
83.779000
83.348900
78.857200
81.955300
82.822000
78.997900
105.058200
87.800100
87.250400
80.012500
88.859300
69.682600
77.324600
78.733000
80.857000
80.357800
74.673200
74.222600
74.623700
76.748900
81.759900
81.564500
81.567900
83.487500
81.113400
82.821000
80.237600
74.358700
80.394200
73.485600
74.287500
74.457300
80.713400
77.529800
84.385700
82.285800
75.676900
83.257000
75.079900
77.269400
73.939700
80.662200
73.969900
80.729400
78.475000
80.289200
77.706900
76.965700
85.264800
79.831600
81.691400
77.746800
70.692900
76.690200
78.098100
77.628100
77.270400
81.272700
76.692400
76.990900
81.859600
76.440700
83.855900
77.562900
79.714700
74.725200
77.231700
84.319100
79.050000
83.530100
78.827600
81.234000
74.114200
84.408000
75.362200
74.585300
81.776700
81.762700
86.259100
78.499500
75.655900
77.185900
91.407700
78.979200
77.986900
81.586500
76.836900
74.793400
83.744800
75.857200
77.337000
76.370700
78.507500
75.374400
78.193800
76.816900
83.169400
84.899900
78.074000
82.177400
77.844800
79.424800
81.427400
83.221300
82.756400
77.664700
77.707800
81.472200
82.124500
78.597300
80.887900
75.060000
81.239900
85.730900
83.219900
75.820600
82.284300
79.724800
80.671100
82.845700
82.687100
83.587900
77.174200
75.198600
79.018400
71.042000
81.096200
76.891000
77.052700
77.750700
77.090800
73.733600
75.388300
78.216300
80.478100
76.572800
76.750700
74.658600
75.755100
79.039400
70.256500
74.888400
71.845300
78.861300
76.784200
77.326500
70.671800
72.337600
75.855800
77.923100
76.757200
84.125100
75.938700
77.025300
80.340600
71.666700
80.601900
81.861200
66.788100
77.554900
69.544100
76.237600
74.231300
74.629700
73.257900
80.906400
79.309600
75.430000
80.035900
80.748400
77.503000
77.352700
78.840300
78.050100
70.975500
72.468500
69.831600
74.781300
73.174800
67.667000
75.262600
73.587900
75.305300
70.802700
72.308000
75.031200
69.532700
66.258200
73.205700
70.527500
72.123600
76.161300
71.561400
73.640300
71.548900
74.153700
64.720100
71.919100
74.991800
76.130100
72.897900
85.966100
76.718800
76.574700
76.445800
76.728600
85.235600
66.367200
76.463600
75.378600
75.301800
82.586700
75.889100
78.511100
76.721100
78.569500
74.531000
76.960800
78.837500
81.239300
81.833700
77.303800
77.691600
74.869100
76.246700
74.594400
80.043200
86.123400
80.117500
80.512300
83.598900
74.986500
76.972000
76.352500
82.598800
75.588600
74.705000
83.869200
75.940200
79.871900
78.179600
74.291200
77.017100
76.700900
78.007300
74.511600
78.742300
73.521200
75.883900
82.780700
76.428200
78.082500
81.937300
76.189500
80.665000
82.749900
78.748000
75.159200
81.621800
95.603700
80.911200
78.689200
77.322100
76.525800
81.919200
82.472900
78.666900
83.218500
80.693300
76.162300
83.391500
74.898500
82.181300
84.422600
83.869800
79.962700
81.772400
73.131600
73.873100
75.382400
81.627400
75.563300
75.367900
87.836400
84.816800
82.722300
81.321600
70.410900
72.196500
70.950900
77.039200
75.502600
74.966100
75.917600
83.729600
86.027800
85.433900
82.565800
82.704600
79.048200
86.224000
76.322500
75.824100
79.762400
79.939400
76.447600
69.354300
82.654700
82.095700
89.873500
89.968700
74.726400
70.743600
75.337100
79.433300
76.978300
74.137600
78.198800
83.934700
71.112800
78.260500
78.368900
82.616600
81.412000
71.136100
81.684000
83.461600
78.004800
69.185300
82.290700
88.482200
72.881300
76.272100
79.567600
70.844300
77.569100
77.862900
75.321800
82.789500
75.315800
76.517100
67.778400
76.515400
69.521200
70.107300
78.867500
83.509300
73.849300
68.584500
73.485400
73.537700
73.028000
80.510600
68.827000
74.846700
76.131300
70.875500
83.371600
78.826900
76.554200
77.626100
77.384200
79.724200
71.260900
70.274600
69.160400
81.521100
82.727700
77.754800
66.961700
64.033600
81.651800
74.952600
82.470400
72.884800
80.957500
74.415100
71.670800
69.196000
64.656800
75.089700
88.368300
81.031500
79.872500
74.085100
83.624500
67.704300
81.392600
75.535200
69.224200
71.400800
73.430100
75.943300
71.116300
80.286100
77.016600
68.952000
75.685300
75.975100
77.344100
77.101500
73.404100
77.617100
63.388600
76.862800
77.742500
72.471600
70.855500
73.936400
80.786400
70.339800
70.560100
70.528500
79.885500
66.702900
87.262400
76.210500
82.520900
75.711800
82.744500
77.292100
70.644900
72.059200
74.326000
79.814200
65.145900
85.251100
70.448200
78.252600
82.072000
