1432.503000
1551.642300
1722.195500
1587.355900
1577.131300
1479.510700
1475.357400
1451.935500
1561.847300
1432.940800
1560.847100
1595.783300
1540.035000
1538.410300
1553.650900
1629.165800
1567.060200
1665.193200
1700.581600
1530.379600
1503.924700
1622.882600
1538.886200
1576.188400
1456.249100
1497.495100
1544.305200
1487.721800
1430.740100
1444.734200
1570.063600
1577.021000
1615.927300
1575.398100
1549.899700
1649.134400
1542.970300
1404.034900
1588.865100
1594.054000
1461.452000
1670.026900
1561.908400
1593.054400
1586.195600
1609.046900
1557.173400
1574.975400
1458.033500
1532.244300
1458.982200
1553.927000
1484.443900
1651.151000
1624.367600
1640.682100
1557.263100
1628.780400
1632.110300
1464.051800
1646.721100
1556.966800
1615.143800
1549.626900
1700.689700
1587.483300
1649.193400
1618.116400
1615.950600
1489.548400
1530.291700
1641.263600
1573.464900
1657.155300
1679.474000
1555.132400
1555.494200
1736.099900
1732.651900
1631.056200
1678.447500
1422.147600
1527.179000
1571.188900
1606.503800
1559.456300
1522.355100
1486.587800
1496.056400
1502.925300
1611.932400
1615.527700
1661.371100
1673.542800
1601.840700
1657.236300
1559.884600
1464.097300
1558.410500
1490.617700
1486.244200
1523.890500
1576.090800
1568.734200
1644.785700
1673.057100
1489.535800
1640.152000
1528.345700
1539.954000
1477.647600
1650.033500
1485.846800
1579.754700
1621.992800
1577.747400
1528.405200
1575.513200
1732.138400
1588.567500
1617.377600
1572.422600
1416.356800
1505.406800
1570.416400
1587.802300
1548.144600
1612.472900
1483.114400
1538.426300
1652.830800
1512.968800
1688.227000
1570.827900
1594.821300
1492.343800
1546.343400
1649.611300
1586.140200
1636.643800
1630.796800
1591.505300
1440.130100
1583.031800
1568.679700
1469.078800
1625.326600
1575.352700
1661.350100
1530.077300
1451.754900
1420.790800
1671.778400
1560.747000
1514.380700
1568.092500
1538.742300
1457.347600
1586.404300
1544.567700
1496.627000
1429.814400
1471.925600
1532.546500
1539.747600
1495.520700
1643.949100
1703.359800
1503.815500
1644.370200
1571.246800
1568.243000
1599.801400
1626.591100
1621.710700
1537.800300
1496.328100
1643.102300
1621.474700
1620.962400
1602.895800
1468.320000
1611.674700
1687.991900
1676.022700
1559.590800
1619.002000
1564.405400
1628.368100
1646.130100
1645.657300
1645.432000
1456.599900
1478.049000
1597.664400
1431.516800
1591.034200
1477.410600
1524.209900
1517.307800
1498.711700
1487.533900
1473.420800
1565.933500
1628.196400
1508.880700
1536.222000
1505.763200
1523.515100
1557.130600
1427.408700
1589.911000
1458.826400
1546.984000
1558.554400
1539.226600
1399.314000
1450.680400
1627.284700
1551.348700
1545.009100
1585.438300
1606.379100
1666.902900
1619.303200
1544.405300
1632.371100
1700.939000
1420.315700
1420.776800
1419.693900
1547.764400
1528.113800
1498.923700
1523.835000
1654.301900
1618.015100
1485.687200
1615.110900
1612.380100
1572.866400
1553.582400
1552.526200
1530.615700
1422.203400
1515.022900
1467.516500
1546.910300
1521.460800
1498.987400
1619.961700
1624.907200
1567.732300
1470.946000
1486.525600
1586.385300
1446.843000
1507.719700
1507.302200
1524.948900
1492.463300
1507.705500
1499.841300
1502.785900
1472.101700
1616.804300
1332.415700
1460.569000
1504.537700
1524.074600
1444.622000
1541.393000
1502.307000
1494.637600
1485.085000
1477.535200
1586.397500
1459.359500
1521.348100
1532.028700
1537.012900
1676.434800
1521.904600
1600.131900
1557.591200
1493.374300
1496.015100
1489.558800
1543.312600
1613.543500
1595.945400
1484.038700
1499.417100
1495.039600
1524.699900
1422.626900
1569.245200
1675.073000
1567.228900
1651.383100
1648.552400
1483.254600
1445.250700
1453.593900
1599.063500
1445.293100
1466.612800
1513.039800
1488.234100
1546.965600
1509.458300
1448.054400
1500.289300
1522.059900
1512.540900
1497.192300
1545.565500
1490.387300
1488.784500
1659.360200
1538.036000
1519.730200
1530.519600
1557.077100
1554.928100
1552.346900
1542.063300
1432.511000
1562.633200
1481.366300
1538.091900
1480.480800
1558.261600
1507.913300
1537.545700
1605.483500
1547.143800
1608.466300
1626.712300
1523.479300
1672.519900
1433.397600
1688.796300
1661.410200
1600.680400
1608.387200
1593.646400
1394.029600
1431.694900
1471.629100
1565.069700
1466.655300
1436.242200
1570.007500
1580.241100
1623.885500
1544.569900
1372.364700
1440.511600
1368.517100
1466.616800
1532.022600
1484.533000
1450.898500
1618.331100
1659.806800
1675.026100
1546.429300
1576.573000
1491.188600
1649.736400
1466.626100
1406.778500
1502.033500
1490.035600
1469.187000
1360.476800
1661.906200
1669.649400
1723.297400
1720.004200
1382.598000
1406.188700
1462.117800
1526.580800
1447.956900
1452.253400
1569.788300
1697.965700
1357.421800
1522.790000
1566.674900
1595.346500
1597.039500
1375.102500
1632.184200
1694.540500
1510.910600
1394.106600
1618.143100
1738.412100
1449.860100
1495.522900
1644.940400
1471.649800
1533.517400
1540.443000
1510.275400
1706.771500
1441.571500
1477.744100
1389.801400
1517.193600
1393.793900
1406.801400
1576.357500
1649.632700
1421.823200
1462.802500
1549.924300
1479.403600
1489.940700
1554.637000
1452.468000
1545.172000
1473.120000
1468.103100
1675.172500
1630.718200
1564.071600
1550.449400
1515.714100
1592.578100
1395.255700
1425.213000
1337.434500
1600.565600
1670.005100
1486.220900
1401.719900
1316.688300
1630.313400
1505.661500
1653.760500
1505.784200
1634.773400
1514.631500
1474.778900
1412.229100
1418.378200
1566.100900
1768.842000
1623.524700
1581.321500
1568.182200
1692.746900
1426.785200
1691.392600
1515.102500
1438.482300
1502.060000
1539.965400
1586.409800
1463.232700
1597.398900
1608.338500
1444.997900
1591.570800
1600.066800
1594.057800
1622.546100
1492.475200
1588.464200
1338.174300
1580.777500
1609.324300
1508.018100
1455.005200
1511.838400
1616.927400
1447.809200
1453.177500
1446.828400
1671.069200
1439.145000
1510.014500
1495.104300
1629.441600
1511.552400
1621.058800
1532.606900
1417.074000
1438.087500
1465.401300
1600.580200
1325.318800
1681.851500
1447.776500
1531.049600
1607.737400
