0.041239,1.483337,0.503123
-0.030962,1.532887,0.479093
-0.262159,1.582490,0.452102
-0.063064,1.494648,0.517962
0.052149,1.445180,0.521589
0.082870,1.450279,0.503798
-0.009237,1.648822,0.468813
-0.005984,1.911868,0.441144
-0.069519,2.015206,0.452680
-0.010633,1.987458,0.376408
0.056053,2.069563,0.360318
0.100961,2.150735,0.448300
0.081547,2.673072,0.369155
0.091188,2.960828,0.285501
0.159112,3.016281,0.193388
0.059494,3.153356,0.099836
-0.094457,3.231927,0.046759
-0.156890,3.196481,-0.015650
-0.170340,3.030212,-0.016193
-0.140450,3.030190,-0.002768
-0.227201,3.026457,-0.123826
-0.274015,3.001762,-0.122380
-0.240129,3.037640,-0.189196
-0.214325,2.925910,-0.150545
-0.278581,2.761503,-0.033847
-0.350603,2.690742,-0.026281
-0.393498,2.717358,-0.024787
-0.233371,2.760724,-0.088822
-0.391145,2.878495,-0.088141
-0.359396,2.919523,-0.068525
-0.290527,3.022418,-0.063400
-0.355137,3.097621,-0.060459
-0.159694,3.155571,-0.116640
-0.072245,3.244442,-0.186124
-0.008256,3.338789,-0.108147
0.016169,3.343073,-0.078761
0.094790,3.305562,-0.158548
-0.010255,3.274170,-0.286834
-0.069296,3.172177,-0.274374
-0.003669,3.328128,-0.146673
-0.167026,3.409025,-0.158512
-0.488357,3.594141,-0.442495
-0.497341,3.597694,-0.364852
-0.308381,3.579697,-0.318759
-0.173998,3.506119,-0.240190
-0.020739,3.446569,-0.144965
0.068758,3.565201,-0.258681
-0.027391,3.564177,-0.119108
-0.049220,3.547915,-0.049859
-0.206377,3.553346,-0.134335
-0.233400,3.509790,-0.140603
-0.235308,3.561714,-0.106879
-0.214185,3.503251,-0.054812
-0.200454,3.511372,-0.064659
-0.018030,3.416331,-0.105772
0.105962,3.377014,0.064413
0.121692,3.392534,0.063210
0.138802,3.401128,0.129415
0.150698,3.273221,0.123066
0.160371,3.113804,0.285309
0.015787,3.124192,0.297227
-0.098822,3.143201,0.270549
-0.084028,3.131439,0.209633
-0.058029,3.117412,0.099487
-0.091921,3.154239,0.012421
-0.195961,3.193231,0.027664
-0.227401,3.387707,0.003638
-0.230185,3.517894,0.040810
-0.239385,3.525766,0.139440
-0.186977,3.492040,0.126496
-0.121873,3.405096,0.059843
0.182960,3.214257,-0.093762
0.637417,3.021172,-0.308162
1.084737,2.910995,-0.369448
1.192013,2.973106,-0.429375
0.998637,3.053340,-0.471432
0.941503,3.142862,-0.532262
1.029393,3.091742,-0.569027
0.999702,3.073153,-0.629508
1.093807,3.178527,-0.495810
1.218536,3.310702,-0.377904
1.288566,3.368561,-0.418269
1.361828,3.353448,-0.553977
1.302539,3.369404,-0.545180
1.068336,3.426922,-0.648513
1.059290,3.461939,-0.585941
0.974805,3.484166,-0.488477
1.054746,3.601222,-0.495819
1.132809,3.658507,-0.472802
1.143087,3.688425,-0.523992
1.169818,3.752664,-0.466881
0.838595,3.546627,-0.459871
0.735229,3.425333,-0.423144
0.895961,3.351364,-0.542830
0.801014,3.242340,-0.354868
0.776637,3.126945,-0.150173
0.747005,3.074168,-0.065999
0.765107,3.015756,0.020206
0.812829,2.899647,0.053519
0.839528,2.716634,0.027028
0.694124,2.936690,0.207611
0.678175,3.002487,0.184057
0.671423,3.038700,0.168567
0.713050,3.014074,0.154029
0.710957,3.023772,0.239345
0.724206,3.046104,0.255103
0.666103,3.101593,0.269676
0.710923,3.007837,0.252029
0.830195,3.053391,0.394751
0.824866,2.831908,0.358335
0.839774,2.894771,0.314939
0.886793,2.881247,0.357527
0.984997,2.901019,0.412664
1.018683,2.900795,0.447425
1.012051,2.992246,0.449589
1.062433,3.085482,0.453394
1.050104,3.025250,0.499385
0.747392,2.933587,0.507005
0.782021,2.798922,0.648710
0.781224,2.751328,0.554562
0.703285,2.828535,0.496987
0.626324,2.859934,0.499072
0.684109,2.899588,0.566131
0.741725,2.924947,0.620697
0.661518,2.931651,0.695522
0.799315,2.939032,0.891066
0.757739,2.915304,0.910315
0.757721,2.882648,0.901603
0.695688,2.878069,0.740651
0.739120,2.848145,0.683797
0.656753,2.966248,0.632579
0.715217,3.016286,0.562578
0.822842,3.006224,0.443758
0.865267,3.049597,0.238034
0.862078,3.180845,0.156171
0.826169,3.418860,0.083798
0.764298,3.524673,0.039339
0.697549,3.479299,0.084792
0.675813,3.423002,0.177625
0.586818,3.419671,0.154135
0.643562,3.516573,0.012806
0.728608,3.477358,-0.040460
0.756007,3.442484,-0.031341
0.755656,3.451145,0.025131
0.769811,3.490061,-0.029225
0.694159,3.307899,0.056042
0.640095,3.220860,0.049423
0.688801,3.164897,-0.031750
0.653113,3.178056,-0.132512
0.624214,3.111113,-0.250763
0.643915,3.162816,-0.291204
0.634812,3.205535,-0.214161
0.558818,3.218408,-0.158304
0.689506,3.128968,-0.061616
0.818457,3.105659,0.030458
0.907878,3.105371,0.059437
0.893622,3.128038,0.085188
0.989706,3.146317,-0.040900
0.965308,2.992231,-0.028062
1.057843,3.221202,-0.016875
0.922855,3.131964,0.044519
1.208503,3.074821,0.078794
1.192174,2.930559,0.022066
1.244983,3.063756,0.011497
1.280579,3.210709,0.140126
1.353144,2.976419,0.077392
1.243276,3.073988,0.114965
1.231707,3.139541,0.216281
1.402768,3.000214,0.066801
1.588150,3.096570,0.238595
1.658057,3.192114,0.198563
1.637418,3.218075,0.237152
1.682422,3.335201,0.280158
1.505831,3.395334,-0.003402
1.423332,3.300700,0.019767
1.405057,3.232081,-0.071148
1.358082,3.223806,-0.030130
1.383655,3.181570,-0.021301
1.419871,3.110183,0.029043
1.502423,3.093169,0.142495
1.593751,3.043118,0.221245
1.535886,2.993434,0.221106
1.518194,3.017883,0.110011
1.323386,2.904621,-0.101372
1.361959,2.998316,-0.102314
1.134333,3.038498,-0.044761
1.087663,3.022264,-0.024440
1.111015,2.982964,-0.116090
1.155137,2.975106,-0.181668
1.155813,2.945742,-0.206319
1.217122,2.949867,-0.257375
1.260822,2.836632,-0.201837
1.383612,2.815645,-0.054369
1.533888,2.743419,0.070521
1.559721,2.710256,-0.017808
1.706362,2.628189,-0.126847
1.735410,2.693146,-0.136095
1.833850,2.679265,-0.184025
1.881514,2.761062,-0.237910
1.845313,2.886562,-0.388302
1.812582,2.977568,-0.525554
1.806176,2.997275,-0.556356
1.883662,2.875690,-0.469730
1.760124,3.232403,-0.625124
1.768444,3.154167,-0.614838
1.795274,3.040303,-0.537639
1.798516,2.945756,-0.401083
1.786503,2.896961,-0.365376
1.807835,2.907780,-0.421056
1.827412,2.957481,-0.552022
1.740018,3.047166,-0.591859
1.823682,3.015893,-0.473606
1.799871,3.033827,-0.387513
1.759321,3.002776,-0.438432
1.820072,3.027767,-0.597982
1.855709,3.106681,-0.725358
1.758772,3.146922,-0.801303
1.745794,3.052398,-0.698311
1.783803,3.121509,-0.697885
1.773915,3.072923,-0.696207
1.826702,3.106683,-0.742248
1.584876,2.861874,-0.634311
1.218540,2.579679,-0.563394
1.169112,2.477446,-0.562228
1.145837,2.449459,-0.630794
1.076675,2.494474,-0.586547
1.047106,2.618271,-0.556305
1.003687,2.695930,-0.555801
1.016358,2.732027,-0.510487
0.990171,2.693548,-0.343265
0.975164,2.707550,-0.427652
0.981707,2.742826,-0.438611
0.946909,2.769939,-0.529207
0.926625,2.708989,-0.625508
0.888894,2.663948,-0.633931
0.995885,2.721240,-0.914200
0.897683,2.705051,-0.924989
0.918417,2.905458,-0.885374
0.970043,3.017278,-0.881107
1.025135,3.079090,-0.842236
1.060171,3.099196,-0.857064
1.019609,3.158733,-1.008000
1.046142,3.097277,-1.003927
0.953968,3.123976,-1.053948
0.825174,3.140844,-1.292219
0.753933,3.245310,-1.607214
0.842162,3.286016,-1.545871
0.941523,3.304937,-1.491781
0.928594,3.363600,-1.485797
0.901896,3.363340,-1.540668
0.883418,3.413655,-1.430548
1.112897,3.564236,-1.236310
1.154715,3.558217,-1.346149
1.149469,3.475283,-1.430188
0.883858,3.417804,-1.535702
0.758474,3.306651,-1.583425
0.751936,3.353741,-1.600154
0.849860,3.291507,-1.572729
1.004169,3.216825,-1.578262
1.139493,3.068868,-1.533436
1.151261,3.018238,-1.712355
1.011514,2.949711,-1.823301
0.998925,3.044972,-1.998797
1.028268,3.066032,-1.976664
1.032874,3.065933,-2.093380
1.054314,3.046379,-2.023733
1.100527,3.048558,-1.849809
0.863952,2.863996,-1.680066
0.942014,2.870808,-1.620170
0.961815,2.880090,-1.579105
1.064557,2.800293,-1.599766
0.899102,2.856536,-1.605712
0.829622,2.921002,-1.613306
0.791399,2.966763,-1.643789
0.687668,2.980716,-1.545998
0.621649,2.983357,-1.575248
0.583699,2.968455,-1.535818
0.511586,2.981647,-1.597265
0.517615,2.956510,-1.542958
0.586117,2.923264,-1.446320
0.461939,2.987340,-1.417918
0.343128,3.053116,-1.423400
0.387979,3.092741,-1.458503
0.484242,2.990593,-1.505119
0.348788,3.032349,-1.424513
0.277050,3.051366,-1.430232
0.329888,3.005124,-1.404434
0.428309,3.128725,-1.362895
0.377855,3.073849,-1.298870
0.497191,3.270943,-1.391067
0.532106,3.321436,-1.453111
0.564045,3.315674,-1.450826
0.723000,3.392506,-1.357355
0.656970,3.388939,-1.386052
0.674749,3.302325,-1.467902
0.659539,3.143960,-1.823805
0.616336,3.190715,-1.897628
0.601052,3.304748,-2.042317
0.645078,3.274659,-2.060161
0.674756,3.175241,-2.040728
0.694740,3.047585,-2.080241
0.838028,2.904062,-2.097739
0.847412,2.861423,-2.031506
0.882262,2.753809,-1.887367
0.969052,2.649608,-1.818094
1.053038,2.565863,-1.699633
1.147093,2.615630,-1.710416
1.172521,2.556706,-1.727454
1.395544,2.547310,-1.673865
1.454885,2.520092,-1.720067
1.402284,2.617296,-1.750377
1.395650,2.784052,-1.817787
1.289765,2.861221,-1.806751
1.267321,2.739872,-1.781773
1.269050,2.668483,-1.805749
1.255770,2.630279,-1.796782
1.101700,2.654175,-1.812114
1.137114,2.633919,-1.842259
1.159455,2.719444,-1.750614
1.150342,2.727414,-1.693763
1.316446,2.799185,-1.432624
1.493343,2.815917,-1.242477
1.507825,2.610515,-1.318837
1.582861,2.459182,-1.412373
1.615365,2.388529,-1.425341
1.586895,2.469445,-1.388416
1.465903,2.526700,-1.335549
1.521727,2.513534,-1.448623
1.488379,2.418626,-1.528706
1.483473,2.462874,-1.525628
1.390750,2.452767,-1.539462
1.352778,2.504880,-1.577278
1.357137,2.538969,-1.633842
1.194098,2.510766,-1.627259
1.253093,2.502339,-1.726492
1.217518,2.615203,-1.580904
1.137511,2.676939,-1.471064
1.206078,2.736454,-1.477237
1.224885,2.849829,-1.482549
1.204238,2.844987,-1.502233
1.151577,2.774077,-1.421550
1.157776,2.843944,-1.515714
1.155342,2.894635,-1.547140
1.203238,2.943174,-1.636858
1.252106,3.042594,-1.662838
1.217082,3.002296,-1.710991
1.197200,2.959808,-1.696859
1.323048,2.958903,-1.745487
1.516312,3.060249,-1.385539
1.430606,2.997061,-1.447469
1.311297,2.917352,-1.544019
1.271347,2.920627,-1.529595
1.247383,2.813929,-1.513839
1.161359,2.722309,-1.579163
1.076717,2.772717,-1.643195
1.249304,2.751152,-1.736677
1.252795,2.762575,-1.771366
1.520654,2.674638,-1.884364
1.748629,2.519776,-2.165081
1.716127,2.504128,-2.216342
1.718170,2.324523,-2.363000
1.722783,2.312871,-2.370219
1.703550,2.494659,-2.244565
1.679878,2.633014,-2.165821
1.623208,2.763327,-1.965232
1.561022,2.773518,-1.968682
1.550432,2.713001,-1.916391
1.525030,2.602246,-1.680773
1.486642,2.693300,-1.898638
1.475876,2.673205,-1.897529
1.546912,2.547197,-2.013488
1.537645,2.517680,-1.882538
1.575073,2.456865,-1.817675
1.637939,2.426594,-1.760064
1.727886,2.373861,-1.674738
1.714377,2.325935,-1.633563
1.782687,2.241503,-1.681259
1.759374,2.287102,-1.736608
1.764580,2.237375,-1.681049
1.755009,2.207191,-1.548110
1.692069,2.186973,-1.371834
1.680299,2.214028,-1.392629
1.602067,2.254585,-1.229543
1.328317,2.358938,-0.873973
1.313727,2.397900,-0.890318
1.427840,2.438959,-1.059240
1.332474,2.345996,-0.996936
1.421711,2.280799,-1.014698
1.517175,2.129869,-1.148945
1.547921,2.070166,-1.160081
1.731533,2.237543,-1.046093
1.767076,2.282809,-1.026067
1.725303,2.259155,-1.093177
1.638531,2.344408,-1.102734
1.643752,2.307773,-1.120315
1.618983,2.345083,-1.158570
1.874357,2.235654,-1.043176
1.892839,2.236717,-1.125078
1.875466,2.153362,-1.035813
1.771893,1.993857,-1.023234
1.698813,1.850975,-0.926727
1.700822,1.810570,-0.900600
1.697050,1.736921,-0.760133
1.729077,1.704232,-0.764362
1.746284,1.413786,-0.951709
1.740505,1.414117,-0.965763
1.717237,1.466636,-0.980892
1.557911,1.538703,-0.919303
1.665366,1.548389,-0.783349
1.603463,1.619928,-0.763853
1.505919,1.622168,-0.758098
1.474042,1.615465,-0.807473
1.528789,1.625877,-0.655846
1.563596,1.679400,-0.684965
1.657499,1.618438,-0.702127
1.617527,1.571118,-0.742418
1.658179,1.613581,-0.664214
1.750125,1.542760,-0.530616
1.755871,1.469295,-0.488944
1.756313,1.406866,-0.460710
1.758033,1.547173,-0.573472
1.819039,1.606271,-0.614917
1.718314,1.695141,-0.628022
1.735048,1.745527,-0.739765
1.767561,1.826322,-0.693967
1.620313,1.886479,-0.701639
1.511777,1.881081,-0.712865
1.498902,1.767576,-0.736725
1.606100,1.807584,-0.748977
1.720807,1.700957,-0.721998
1.819871,1.619063,-0.678108
2.014670,1.723894,-0.851183
2.014165,1.771897,-0.971034
2.129048,1.785196,-1.056283
2.151815,1.683203,-1.181250
2.122648,1.705993,-1.243896
2.214726,1.722671,-1.210441
2.248505,1.663016,-1.066890
2.282104,1.752582,-1.087043
2.262514,1.685829,-1.152256
2.317878,1.777148,-1.147496
2.407425,1.872348,-1.120855
2.629843,1.842727,-1.054752
2.768914,1.826710,-1.055030
2.768676,1.805934,-1.011154
2.784638,1.808984,-1.040158
2.946211,1.698081,-1.025911
2.931011,1.727848,-1.049810
2.916228,1.819160,-1.068527
2.827660,1.897637,-1.009153
2.768575,1.976962,-0.999261
2.702095,1.986386,-0.995478
2.608746,2.046979,-1.001008
2.718589,1.875925,-0.930017
2.777032,1.901414,-0.978973
2.814656,1.813388,-0.893446
2.787853,1.789401,-0.845689
2.664559,1.968327,-0.760733
2.800457,2.149650,-0.686672
2.742479,2.164445,-0.569686
2.855233,2.119659,-0.495222
2.841911,2.072997,-0.501600
2.823654,2.023012,-0.576239
2.735526,1.837275,-0.545918
2.614192,1.670161,-0.576413
2.867358,1.732738,-0.435272
2.782821,1.450771,-0.549435
2.805553,1.415720,-0.550603
2.795912,1.321791,-0.539434
2.818373,1.287294,-0.584958
2.846028,1.267908,-0.627421
2.487331,1.053236,-0.694987
2.727717,1.114363,-0.681944
2.680404,1.075206,-0.706634
2.361850,0.971320,-0.788127
2.067631,0.896819,-1.028059
2.649239,1.090903,-0.722255
2.960728,1.217700,-0.468729
3.420791,1.387071,-0.351357
3.677061,1.633603,-0.234121
3.635236,1.667780,-0.207015
3.573665,1.828713,-0.081493
3.569917,1.788063,-0.173668
3.537809,1.698056,-0.175108
3.495914,1.814179,-0.195477
3.428083,1.860657,-0.248178
3.398419,1.737052,-0.348209
3.391832,1.690594,-0.311584
3.322994,1.677177,-0.366777
3.311377,1.614379,-0.352051
3.304293,1.623623,-0.314998
3.210227,1.941213,-0.270945
3.222819,2.056193,-0.237364
3.132229,1.947615,-0.307348
3.103719,1.878827,-0.382236
3.236216,2.102666,-0.348678
3.226084,2.292722,-0.432058
3.166216,2.445773,-0.360514
3.244588,2.392458,-0.432468
3.254015,2.199394,-0.421431
