0.041940,1.483003,0.503085
0.082571,1.537597,0.487417
0.059248,1.510563,0.469347
0.145053,1.510027,0.359685
0.166953,1.513664,0.341297
0.152412,1.534243,0.335820
0.178765,1.507318,0.261407
0.219596,1.506920,0.168986
0.183513,1.566512,0.169884
0.077428,1.678955,0.189423
0.113286,1.668051,0.165101
0.197585,1.626441,0.266516
0.238763,1.604586,0.264947
0.181344,1.776110,0.143181
0.125779,1.847705,0.075916
0.098447,1.811332,0.029221
-0.079010,1.922399,-0.034309
0.054139,1.846435,-0.002603
0.069271,1.810503,0.027674
0.025335,1.821489,-0.002149
-0.030592,1.835444,0.028996
-0.097257,1.875081,0.038796
-0.040503,1.900091,0.062398
0.079936,1.980329,0.141244
0.007547,1.940212,0.254957
-0.021230,1.952402,0.284545
-0.002824,1.979151,0.265836
-0.095689,1.963862,0.233906
0.074498,2.127848,0.199224
0.137230,2.172352,0.185657
0.174469,2.259460,0.147708
0.160664,2.195816,0.142692
0.097243,2.138041,0.103548
0.075995,2.111413,0.088106
-0.015880,2.159110,0.119658
-0.056375,2.100814,0.091867
0.053597,2.109791,0.149649
0.055362,2.106195,0.193827
0.121492,2.176163,0.202001
0.192199,2.176856,0.183261
0.227568,2.131748,0.125341
0.214880,2.195466,-0.024192
0.264022,2.143433,0.043403
0.256194,2.130865,0.027962
0.279224,2.194713,-0.000082
0.196543,2.160801,0.027344
0.096801,2.104630,0.045365
0.074028,2.226525,0.031995
-0.038137,2.153343,0.009758
-0.076895,2.114160,0.000303
-0.055794,2.031753,-0.018997
-0.025120,2.011006,-0.024006
0.022692,1.986711,0.065331
0.082946,1.940147,0.107024
0.037483,2.126024,0.162624
-0.005467,2.224182,0.192732
-0.080159,2.316798,0.185190
-0.107270,2.405277,0.172096
-0.116298,2.420293,0.201500
-0.146653,2.423465,0.177732
-0.032829,2.448960,0.044739
0.009922,2.399243,0.045987
0.060764,2.374208,0.007386
0.006369,2.441986,-0.009692
0.004463,2.419400,-0.005457
-0.203533,2.178512,-0.010485
-0.291993,2.118268,-0.005029
-0.298190,2.161553,0.073188
-0.313266,2.149245,0.241185
-0.348338,2.083391,0.307255
-0.308252,1.980588,0.326365
-0.195096,1.916196,0.254897
-0.124377,1.966563,0.226916
-0.036039,1.853757,0.213677
-0.025278,1.808331,0.206552
-0.036586,1.846652,0.173368
-0.105066,1.951407,0.098089
-0.015180,2.082479,-0.045720
0.104092,2.319538,-0.271624
0.082652,2.292368,-0.244306
0.020569,2.285834,-0.229241
-0.036501,2.323057,-0.281818
-0.053828,2.329337,-0.372514
-0.009634,2.311482,-0.505823
0.037323,2.271083,-0.437207
0.083817,2.260749,-0.362151
0.035666,2.287081,-0.319605
0.038586,2.279238,-0.288939
0.002102,2.293995,-0.252570
0.060912,2.306152,-0.274743
0.214758,2.295722,-0.343226
0.175254,2.256704,-0.377115
0.329275,2.236842,-0.283104
0.419523,2.137591,-0.233917
0.425407,2.167942,-0.331943
0.437000,2.239313,-0.439363
0.435587,2.291451,-0.543245
0.466655,2.269540,-0.592768
0.380689,2.355841,-0.597404
0.385870,2.346940,-0.744336
0.327949,2.371280,-0.787879
0.240936,2.413113,-0.798249
0.281797,2.372353,-0.847960
0.207667,2.476113,-0.823400
0.170623,2.521299,-0.706863
0.124941,2.491736,-0.717393
0.047344,2.513116,-0.729656
-0.008130,2.539134,-0.840332
-0.050849,2.545535,-0.903816
-0.097755,2.544929,-0.893372
-0.069579,2.477161,-0.865030
0.045880,2.415651,-0.937305
-0.016795,2.686711,-0.849422
-0.030405,2.723014,-0.813385
-0.106737,2.700779,-0.849790
-0.122054,2.679188,-0.862250
-0.100386,2.680102,-0.865034
-0.090020,2.723259,-0.898240
-0.164589,2.732394,-0.952797
-0.238440,2.692860,-1.089885
-0.279784,2.622412,-1.219625
-0.291329,2.614333,-1.174919
-0.286635,2.555852,-1.208584
-0.329317,2.666235,-1.165711
-0.300906,2.808294,-1.237347
-0.218425,2.884012,-1.239707
-0.245758,2.941542,-1.271233
-0.362571,3.001949,-1.315333
-0.533485,3.079100,-1.322287
-0.598510,3.081440,-1.205641
-0.589363,3.122684,-1.165587
-0.633236,3.193022,-1.185509
-0.478234,3.274969,-1.237497
-0.450621,3.319336,-1.211684
-0.482394,3.284742,-1.204675
-0.476570,3.324229,-1.226853
-0.359023,3.365590,-1.228084
-0.390019,3.334973,-1.241166
-0.339444,3.438138,-1.260904
-0.383445,3.330067,-1.165541
-0.355358,3.377282,-1.129806
-0.215548,3.381346,-1.172098
-0.111864,3.392620,-1.140903
-0.117446,3.377496,-1.119270
-0.153101,3.401080,-1.089948
-0.234468,3.428854,-1.105295
-0.354099,3.440110,-1.161493
-0.332434,3.459689,-1.301827
-0.336434,3.459838,-1.421747
-0.328936,3.377193,-1.523378
-0.285543,3.360901,-1.569548
-0.266074,3.515019,-1.534900
-0.294181,3.561528,-1.591673
-0.257768,3.612392,-1.755548
-0.314064,3.608937,-1.810647
-0.281800,3.628514,-2.027195
-0.288771,3.435016,-1.943469
-0.237932,3.412598,-1.843735
-0.234104,3.401868,-1.893458
-0.190541,3.512352,-1.900037
-0.154955,3.468102,-1.937185
-0.120480,3.442180,-1.983387
-0.076150,3.399442,-1.963594
-0.029254,3.324038,-1.965610
0.006279,3.284914,-1.987804
0.016443,3.308975,-1.965819
0.025332,3.248093,-1.966498
0.179111,3.140020,-1.941169
0.196234,3.094719,-1.967070
0.220511,3.144756,-1.884313
0.241736,3.230594,-1.788634
0.178310,3.189463,-1.715307
0.230374,3.248124,-1.691583
0.217529,3.271371,-1.674683
0.254194,3.293876,-1.607269
0.286871,3.328644,-1.630634
0.508808,3.242497,-1.715539
0.564635,3.248443,-1.721451
0.571584,3.259344,-1.695381
0.526136,3.183911,-1.728200
0.433582,3.197883,-1.726703
0.469893,3.321254,-1.658407
0.553800,3.296314,-1.758020
0.668670,3.255433,-1.842791
0.652566,3.210906,-1.823499
0.700543,3.178019,-1.836851
0.683520,3.125533,-1.805121
0.691589,3.073410,-1.742880
0.634922,2.956931,-1.673987
0.645457,2.908396,-1.646846
0.608139,2.824491,-1.630905
0.623232,2.753136,-1.563976
0.666222,2.803022,-1.568698
0.661008,2.849139,-1.578083
0.710358,2.851381,-1.597037
0.750201,2.746688,-1.659178
0.796973,2.651008,-1.658412
0.830727,2.592921,-1.678516
0.898705,2.572272,-1.717300
0.987825,2.557893,-1.753709
0.905574,2.526592,-1.658155
0.814072,2.464938,-1.625749
0.704340,2.452705,-1.613880
0.663242,2.595644,-1.580186
0.629527,2.711088,-1.570566
0.709433,2.646031,-1.582271
0.756548,2.622405,-1.557405
0.753814,2.581085,-1.618012
0.808175,2.438174,-1.628837
0.761834,2.437182,-1.555450
0.861620,2.339433,-1.600063
0.989029,2.281934,-1.653494
0.991171,2.267465,-1.641801
1.053381,2.189221,-1.679511
1.069143,2.256445,-1.656120
1.168759,2.330164,-1.601065
1.182861,2.309262,-1.597128
1.164104,2.266020,-1.592780
1.244604,2.262500,-1.566769
1.306043,2.278523,-1.547632
1.368664,2.278442,-1.516908
1.357895,2.253068,-1.534075
1.376228,2.269766,-1.489711
1.362192,2.290754,-1.473679
1.367997,2.305181,-1.474679
1.443241,2.320251,-1.521090
1.397685,2.341734,-1.548288
1.317391,2.340773,-1.550583
1.253502,2.310825,-1.576900
1.100727,2.222321,-1.546656
1.027183,2.151200,-1.528024
1.035894,2.149912,-1.557538
1.062407,2.179197,-1.594861
1.010785,2.196056,-1.638955
1.014469,2.196661,-1.643041
1.006193,2.192515,-1.606384
0.964507,2.088868,-1.649885
0.920948,2.181402,-1.575392
0.897199,2.279831,-1.568388
0.894001,2.303084,-1.601990
0.919649,2.399831,-1.627114
0.978914,2.427019,-1.574432
0.975397,2.459087,-1.517802
0.998664,2.448591,-1.559984
0.936274,2.438026,-1.583995
0.856177,2.429435,-1.607263
0.816520,2.435400,-1.622533
0.869318,2.441255,-1.633674
0.875550,2.467909,-1.615197
0.875067,2.502362,-1.579544
0.941644,2.484130,-1.553169
0.984569,2.448941,-1.576150
0.988205,2.429747,-1.545002
0.955497,2.479120,-1.606508
1.042973,2.522263,-1.664012
1.173874,2.583995,-1.785389
1.206104,2.613374,-1.754132
1.183789,2.636146,-1.728227
1.098671,2.538292,-1.774989
0.993026,2.633439,-1.752678
0.938644,2.656594,-1.753488
0.963422,2.847924,-1.823002
1.031947,2.787838,-1.754448
1.033929,2.767201,-1.770949
1.008789,2.758308,-1.771363
0.995846,2.730256,-1.708250
0.998363,2.825934,-1.755446
1.015914,2.756083,-1.720876
1.136119,2.775651,-1.687001
1.227488,2.840294,-1.574552
1.313372,3.002287,-1.575377
1.353847,3.042124,-1.615049
1.459127,3.049452,-1.576420
1.327860,3.033452,-1.483736
1.325372,3.053400,-1.420657
1.396816,3.141769,-1.525895
1.432123,3.119668,-1.529080
1.452851,2.960689,-1.557650
1.520551,2.932497,-1.628372
1.591872,3.118062,-1.654768
1.639337,3.252982,-1.672670
1.669465,3.235201,-1.657530
1.665008,3.188564,-1.666953
1.702282,3.353718,-1.637582
1.716867,3.444670,-1.644445
1.688775,3.481145,-1.613744
1.676895,3.543290,-1.600533
1.702590,3.610775,-1.551156
1.689356,3.556727,-1.529171
1.673511,3.459496,-1.507379
1.707101,3.501135,-1.305902
1.801769,3.460665,-1.338474
1.856105,3.479075,-1.358740
2.023768,3.499252,-1.328393
2.152162,3.486478,-1.279116
1.820788,3.503138,-1.432115
1.668795,3.529500,-1.525034
1.568355,3.482818,-1.652457
1.698770,3.405671,-1.691300
1.781344,3.398325,-1.671388
1.758051,3.379058,-1.688631
1.733651,3.393481,-1.707437
1.725989,3.440651,-1.696655
1.646135,3.543144,-1.707551
1.664359,3.570833,-1.685717
1.642233,3.620891,-1.634708
1.575318,3.578529,-1.632248
1.742947,3.397325,-1.658886
1.967557,3.303347,-1.616932
1.966745,3.292392,-1.582369
2.009280,3.245008,-1.642864
1.980125,3.200735,-1.675957
1.903992,3.301181,-1.658804
1.902560,3.349287,-1.670981
1.910503,3.373235,-1.715840
1.938304,3.387569,-1.741924
1.929406,3.458908,-1.726379
1.916768,3.497709,-1.706359
1.840205,3.560022,-1.755038
1.826544,3.535149,-1.782106
1.752574,3.753051,-1.742261
1.823001,3.720325,-1.712793
1.913696,3.718573,-1.679466
1.936506,3.735184,-1.702739
1.919325,3.730740,-1.694222
1.913319,3.790099,-1.702212
2.007281,3.994411,-1.746081
2.132220,4.156248,-1.860882
2.176241,4.210958,-1.852601
2.143519,4.010220,-1.757768
2.191534,4.009159,-1.728341
2.247086,3.941199,-1.671663
2.337489,3.948239,-1.637741
2.328028,4.008614,-1.727534
2.466455,3.881622,-1.707856
2.593775,3.831360,-1.680894
2.794394,3.788034,-1.641179
2.881536,3.813282,-1.651727
2.995701,3.838166,-1.682552
2.994669,3.821207,-1.720184
3.057751,3.829639,-1.700249
3.129048,3.819266,-1.724760
3.060746,3.816787,-1.827386
3.120099,3.819148,-1.782656
2.939995,3.779740,-1.850183
2.803289,3.674054,-1.955578
2.692628,3.537423,-2.145722
2.635948,3.524196,-2.064764
2.652718,3.575679,-1.979032
2.704206,3.474047,-1.962005
2.761818,3.564214,-1.890482
2.795575,3.588411,-1.899738
2.836690,3.600288,-1.853928
2.837522,3.709867,-1.781910
2.880650,3.747109,-1.763031
2.890805,3.826982,-1.740891
2.833129,3.869396,-1.750649
2.814880,3.902991,-1.729633
2.842408,3.923323,-1.731641
2.712476,3.899003,-1.741359
2.669626,3.914702,-1.730152
2.685240,3.986948,-1.688300
2.641059,4.067185,-1.664182
2.653810,4.092939,-1.700199
2.645250,4.144984,-1.678610
2.753164,4.482858,-1.692910
2.759093,4.617145,-1.674327
2.715645,4.727810,-1.691796
2.679601,4.937644,-1.677211
2.660482,4.954964,-1.722373
2.684624,4.979175,-1.766366
2.580794,4.894107,-1.830323
2.554239,4.852406,-1.882754
2.410991,4.741043,-1.844654
2.388432,4.835901,-1.812356
2.404831,4.909050,-1.783826
2.447714,4.974234,-1.891171
2.486506,4.925132,-1.875861
2.540395,4.890157,-1.922979
2.532942,4.957240,-1.893862
2.788760,5.151591,-1.993213
2.641020,5.016197,-1.909733
2.519889,4.941257,-1.811494
2.417097,4.919718,-1.724656
2.341133,4.848016,-1.734808
2.214770,4.672960,-1.711521
2.178884,4.564758,-1.699141
2.133314,4.503526,-1.714266
2.163365,4.504167,-1.695160
2.134045,4.515149,-1.685622
2.145661,4.553947,-1.655190
2.058619,4.555626,-1.580544
2.213438,4.586108,-1.614223
2.221413,4.557253,-1.630868
2.231401,4.521990,-1.642803
2.370997,4.704823,-1.658841
2.383963,4.844125,-1.667011
2.373281,4.939467,-1.749325
2.345163,4.953404,-1.733885
2.423750,4.961032,-1.690694
2.365577,5.017996,-1.712497
2.403984,4.926647,-1.724828
2.480771,4.843858,-1.779476
2.502716,4.712580,-1.781796
2.465214,4.750528,-1.864873
2.462865,4.723852,-1.813446
2.515294,4.740740,-1.723180
2.496119,4.731629,-1.705935
2.563838,4.701325,-1.680687
2.609740,4.622460,-1.647329
2.671135,4.626018,-1.646207
2.608975,4.787098,-1.590876
2.533504,4.724342,-1.618958
2.559370,4.726704,-1.545995
2.594310,4.844022,-1.638808
2.621487,4.934128,-1.666590
2.619269,5.109638,-1.699361
2.619398,5.108564,-1.709146
2.766312,5.086189,-1.808982
2.936602,5.109934,-1.873957
2.810241,5.145613,-1.887376
2.834174,5.156457,-1.925281
2.950066,5.169666,-2.004392
3.047317,5.060270,-1.957667
2.998669,5.095253,-1.860363
2.965008,5.155387,-1.808664
2.976191,5.159404,-1.840731
2.958549,5.147044,-1.915504
2.955321,5.129175,-1.883945
3.062356,5.136613,-1.831634
3.217903,5.151552,-1.766910
3.249719,5.227126,-1.700460
3.205023,5.182250,-1.685593
3.201398,5.349470,-1.714116
3.198394,5.457831,-1.740572
3.278327,5.358328,-1.701393
3.324732,5.258830,-1.651620
3.272136,5.150620,-1.756982
3.207295,5.106169,-1.774094
3.148472,5.112963,-1.819327
3.168266,5.092217,-1.850335
3.212799,5.142828,-1.962318
3.286369,5.146067,-1.942366
3.285506,5.110162,-1.835491
3.185091,5.128513,-1.849826
3.181566,5.106450,-1.822848
3.196262,5.122623,-1.810102
3.169149,5.081596,-1.787552
3.326335,5.010213,-1.806553
3.416800,4.977937,-1.782884
3.438929,4.893452,-1.805681
3.414376,4.839132,-1.807489
3.380039,4.839243,-1.776055
3.344514,4.735432,-1.747685
3.356152,4.693891,-1.725135
3.553038,4.592134,-1.722906
3.716529,4.411747,-1.703187
3.796093,4.294614,-1.733860
3.841814,4.240322,-1.764945
4.007446,4.153437,-1.886217
3.920190,4.084836,-1.772277
3.950421,4.050059,-1.782853
3.972202,4.018974,-1.811984
3.965345,4.071961,-1.821900
3.963032,3.965566,-1.818111
3.928589,4.018904,-1.850756
3.761629,3.884713,-1.710674
3.653360,4.040810,-1.876831
3.672165,4.136940,-1.904186
3.700730,4.295655,-1.885109
3.715854,4.388994,-1.874195
3.796108,4.442646,-1.859855
3.753964,4.575183,-1.909052
3.778952,4.654256,-1.944111
3.782640,4.650699,-1.998423
3.915272,4.663125,-1.928660
3.956485,4.723668,-1.847806
3.959805,4.693373,-1.814439
4.017479,4.695184,-1.782965
3.995461,4.522410,-1.796479
3.990444,4.371492,-1.879600
3.984640,4.332075,-1.916487
3.942936,4.391273,-1.972808
3.869201,4.469324,-2.013237
3.853938,4.406062,-1.970085
3.882039,4.356231,-1.883802
3.909666,4.334717,-2.028852
3.910433,4.371841,-2.068164
3.944023,4.365090,-2.050790
3.962263,4.443312,-2.059697
4.063952,4.487325,-2.097041
4.098223,4.478006,-2.144140
4.185224,4.444188,-2.251716
4.158891,4.520743,-2.283130
4.100597,4.597906,-2.198828
4.099112,4.658080,-2.098925
4.021645,4.688953,-2.016365
4.076752,4.527118,-1.846037
4.137894,4.441378,-1.756456
4.109092,4.476734,-1.761707
