1433.119200
1497.426800
1448.325800
1639.125100
1538.632500
1524.987900
1489.719900
1452.206400
1565.763800
1560.405500
1612.750200
1538.381900
1438.138200
1490.667800
1571.581300
1497.747600
1571.656900
1610.588700
1544.234900
1482.384100
1549.641000
1489.479300
1511.483800
1553.091200
1579.513600
1532.043000
1619.935900
1585.058400
1559.402500
1609.594800
1604.001500
1581.156000
1442.195400
1593.012800
1633.199200
1600.387000
1715.747900
1602.242600
1594.485800
1661.708100
1587.051600
1597.917800
1597.355900
1515.592600
1617.227100
1596.246000
1506.271000
1500.573900
1580.146400
1591.652000
1498.735800
1469.555000
1466.445900
1477.391900
1484.798700
1476.379500
1525.074800
1541.269400
1566.954700
1511.121700
1413.707200
1494.019200
1534.798800
1532.109300
1537.255500
1489.743600
1600.923300
1441.558500
1633.183000
1522.849700
1423.584000
1456.144800
1707.735800
1581.258800
1502.325300
1457.597600
1537.113000
1622.057800
1651.616500
1582.773500
1570.434400
1583.607100
1667.501200
1431.722400
1524.536700
1598.786600
1492.234300
1459.415900
1479.200600
1405.764600
1451.332600
1513.258900
1550.915700
1540.385100
1528.802800
1655.656000
1567.758500
1467.804600
1560.279300
1535.425400
1489.221000
1622.651100
1488.480300
1417.472000
1537.402200
1621.953700
1647.718300
1523.866900
1524.340600
1512.824700
1519.377300
1485.399100
1498.287200
1566.624200
1531.342700
1529.684900
1498.112100
1549.856200
1554.604700
1451.758100
1481.052800
1536.563600
1601.526900
1615.405600
1478.239700
1541.724300
1533.081000
1529.845000
1604.098700
1480.212400
1591.222600
1555.607600
1504.960500
1527.977400
1644.249000
1545.774200
1539.098500
1499.165000
1453.360100
1517.823200
1536.111900
1556.694600
1624.818100
1524.329400
1478.703700
1459.547400
1590.112500
1594.987000
1523.178600
1488.469600
1571.791100
1417.240300
1460.118100
1617.124200
1435.097200
1594.726500
1647.912600
1575.026600
1427.581300
1456.149500
1474.338400
1635.584900
1474.053000
1555.180000
1513.107600
1552.555100
1358.309400
1560.309500
1409.862800
1497.465000
1525.672800
1637.970600
1557.341700
1545.800200
1530.844200
1566.850200
1483.588900
1600.470200
1657.652000
1588.743500
1510.262200
1509.807200
1621.421600
1612.393900
1615.264500
1601.436100
1590.483700
1502.787100
1655.694500
1686.987600
1610.317000
1517.881200
1633.220200
1577.570900
1516.730900
1513.059700
1530.745400
1600.685400
1464.525300
1586.971900
1650.443700
1547.320200
1598.265500
1628.569100
1606.790900
1643.965200
1498.568800
1552.807400
1550.222700
1457.738900
1535.219100
1518.521600
1538.482500
1632.323900
1587.183300
1589.610600
1560.765000
1636.420900
1615.452100
1525.589100
1553.651700
1580.931900
1551.391000
1667.887400
1630.899400
1566.265000
1651.681700
1492.526000
1673.221700
1579.755000
1535.487600
1531.521500
1534.171000
1578.996800
1497.067600
1507.445700
1450.106000
1646.953200
1619.620100
1544.634300
1666.231200
1665.682900
1654.199700
1808.658500
1650.452100
1617.396700
1716.590600
1632.838500
1555.289000
1662.963200
1688.870000
1733.532600
1745.994400
1601.365500
1749.378900
1741.982900
1682.472700
1659.579600
1682.046100
1663.682300
1750.055200
1694.777400
1558.357400
1557.584100
1624.079800
1401.091200
1538.588100
1833.028400
1715.667400
1700.380400
1716.353300
1774.034400
1388.684000
1558.213300
1586.451200
1574.439800
1626.952500
1687.342700
1619.097900
1435.837700
1531.112800
1621.015600
1569.998500
1661.601100
1558.585100
1611.252300
1660.702300
1522.173600
1516.885800
1557.118900
1522.960700
1493.364800
1585.040600
1525.808800
1622.099700
1642.358500
1557.206900
1550.610000
1586.405700
1640.972300
1537.144700
1512.604700
1551.110100
1584.117400
1486.121300
1457.240600
1521.770000
1538.124900
1573.571600
1625.589800
1561.087700
1607.926400
1589.423700
1659.573600
1591.244400
1488.577300
1549.426100
1558.655600
1560.158800
1334.899900
1613.446500
1528.363600
1609.941000
1529.591100
1622.703300
1663.254800
1441.452200
1570.445100
1556.281700
1572.477400
1664.935600
1551.258200
1615.679100
1429.959900
1572.012500
1599.302100
1558.761200
1471.148000
1500.673900
1503.590500
1590.316600
1728.590300
1682.078400
1679.660300
1805.911900
1678.163200
1597.866800
1691.643700
1738.940800
1698.911600
1607.634400
1484.939600
1549.231200
1495.388200
1658.796200
1617.663300
1640.284500
1594.748700
1550.747200
1399.266900
1432.576200
1652.040700
1667.548300
1541.626500
1521.450000
1512.098000
1582.284600
1452.525900
1593.659100
1462.972800
1541.247400
1385.977400
1411.547700
1591.604100
1593.608600
1531.281700
1415.645800
1592.928700
1483.578000
1622.405500
1585.747600
1653.232500
1383.294800
1584.710900
1531.785200
1595.041100
1627.861000
1584.423000
1513.644900
1322.639500
1532.681500
1425.444900
1517.168100
1452.026300
1602.676700
1507.387800
1563.487800
1595.444900
1430.463800
1274.197300
1487.990400
1480.778900
1514.239200
1574.737300
1692.872700
1515.792200
1470.025300
1570.291400
1528.318000
1603.062000
1530.541100
1540.481900
1632.991200
1579.198600
1632.638400
1629.177300
1455.258400
1511.440500
1440.512500
1422.323800
1454.768000
1494.804500
1464.282400
1383.928500
1493.428700
1395.708600
1611.299100
1549.913100
1507.154900
1419.297900
1512.618300
1436.753600
1504.050900
1509.453900
1595.623800
1529.631000
1512.279500
1600.758600
1625.367300
1654.329100
1396.292800
1454.235200
1584.734200
1424.034400
1498.477700
1459.722000
1563.898100
1450.891000
1471.604400
1395.331200
1489.094700
1624.690700
1523.526300
1564.551600
1468.951800
1578.867400
1625.237400
1420.071700
1618.809300
1578.502300
1513.889700
1490.536400
1435.270700
1435.166000
1428.581100
1543.606800
1552.099800
1504.964300
1414.066600
1434.437000
1549.517300
1557.269200
1537.897600
1447.590100
1370.270200
1500.687800
1581.340100
1585.994200
1436.875700
1510.190300
1522.999400
1465.721100
1539.537500
1517.397700
1556.508200
1497.819000
1474.875700
1507.335000
1536.264200
1547.028700
1629.645000
1522.656000
1325.759800
1563.941600
1580.258000
1524.876100
1545.112900
1450.972900
1616.357700
1386.787800
