1609.865300
1480.915700
1493.847900
1467.271900
1538.669700
1587.269400
1568.189500
1471.617000
1527.786600
1438.053200
1551.302100
1436.281500
1500.476600
1500.602300
1472.824600
1534.836400
1543.084200
1520.225900
1503.775500
1609.357300
1490.984000
1417.683000
1516.345200
1472.296100
1560.718700
1354.863700
1468.589900
1684.481600
1512.760500
1528.086300
1579.069000
1472.820900
1591.546100
1529.973500
1468.054000
1543.809000
1458.468400
1590.158000
1574.768900
1620.183700
1663.020900
1579.738000
1472.290500
1529.177800
1438.183000
1530.983100
1661.845700
1563.170600
1545.701900
1532.906400
1545.492000
1500.630600
1603.050800
1514.640900
1425.911600
1470.382100
1603.233400
1507.461900
1432.033500
1438.927800
1510.662300
1466.861100
1450.088200
1437.001400
1541.993400
1441.907900
1491.591400
1617.527800
1676.491500
1621.772200
1536.137000
1517.643600
1390.208300
1638.137400
1551.747300
1376.812900
1435.804700
1419.833800
1548.800000
1445.384000
1508.273400
1406.059900
1449.187400
1437.782500
1376.032400
1429.062600
1607.568700
1515.494100
1515.909800
1519.887800
1352.768100
1402.742100
1444.767200
1406.728700
1439.197500
1454.483800
1485.354800
1561.382200
1404.475500
1519.296600
1543.837400
1486.542200
1581.260500
1488.333700
1551.742500
1595.971200
1588.717800
1455.190400
1548.882300
1541.230200
1468.218200
1399.020900
1452.696300
1572.687400
1565.292200
1487.995700
1570.052400
1477.663100
1488.446000
1493.358300
1668.163800
1558.218400
1527.701800
1682.897100
1447.115700
1505.558700
1421.187700
1589.737200
1540.866600
1555.776500
1518.662300
1546.086600
1549.055500
1480.549800
1473.826900
1637.351800
1618.765100
1426.920300
1458.739100
1556.811100
1661.009800
1636.782500
1510.634700
1590.375900
1473.832500
1623.875600
1404.197100
1406.163100
1438.012400
1453.858100
1595.054900
1549.722000
1511.823500
1547.313100
1450.751800
1517.780200
1555.250400
1568.259100
1470.335700
1517.784500
1411.779200
1450.584800
1611.064200
1474.587300
1511.774700
1604.323800
1624.507400
1602.367900
1511.976100
1562.824900
1386.528400
1626.194500
1630.931300
1609.542500
1456.868000
1543.449500
1692.676600
1519.465900
1375.924500
1380.713000
1681.316400
1498.745700
1607.765900
1614.195100
1415.645500
1405.621200
1578.593900
1515.844200
1414.560400
1436.097100
1408.516700
1484.216500
1645.692200
1503.967700
1472.699500
1467.021600
1376.623800
1409.508300
1484.631000
1455.107600
1518.078400
1445.609300
1459.927100
1434.594600
1404.570900
1455.629100
1513.730800
1532.686300
1623.481200
1624.514400
1575.909200
1486.418500
1441.814000
1609.665200
1536.900400
1594.232200
1613.587300
1546.295400
1479.690400
1466.679200
1450.204900
1372.389800
1458.816100
1488.860900
1407.019800
1575.245900
1416.506800
1419.165900
1457.065400
1395.376700
1431.117300
1476.403100
1553.563900
1493.999700
1356.499500
1408.556300
1441.663800
1552.880100
1418.584800
1485.385100
1596.761400
1585.798300
1504.142700
1646.842900
1426.385900
1429.959200
1428.467900
1399.039600
1530.089200
1396.299800
1522.237000
1596.312100
1437.483100
1349.281300
1554.193900
1503.645100
1627.246700
1457.498100
1386.233800
1403.597900
1428.171600
1408.948000
1508.871000
1425.115200
1520.182100
1526.390000
1495.449300
1650.422100
1597.958400
1556.657100
1533.373900
1586.696300
1532.138500
1410.434800
1663.550100
1576.529000
1560.425200
1439.384400
1638.247600
1674.372500
1369.368400
1676.047900
1352.485200
1395.723100
1422.051400
1370.519300
1618.910600
1427.523200
1539.056400
1411.197100
1630.073000
1432.826100
1477.412600
1427.274700
1464.216000
1469.367500
1484.331700
1601.704300
1544.065200
1408.052500
1593.254500
1563.874400
1644.399800
1593.250900
1332.685900
1470.252100
1547.791400
1551.918200
1554.412000
1567.732200
1572.369500
1545.586400
1453.383500
1345.557300
1507.791200
1415.563600
1476.576900
1707.139800
1473.778100
1578.416400
1434.561100
1461.674100
1441.201400
1582.744800
1433.861600
1567.158900
1483.645000
1428.257200
1421.075200
1524.449000
1462.053600
1505.606100
1453.011300
1480.090100
1575.844200
1555.427500
1461.364500
1345.149700
1409.156600
1495.143600
1494.214900
1416.173800
1600.102300
1615.829600
1626.920500
1576.490000
1388.834400
1232.201900
1284.937000
1680.137200
1677.799000
1512.517700
1413.904600
1608.402000
1447.104900
1445.588400
1379.067100
1526.038500
1337.869800
1568.624100
1668.619100
1413.423700
1541.874800
1501.951900
1571.671900
1576.017200
1468.806700
1468.130300
1488.997800
1483.187200
1419.400200
1392.243900
1470.049900
1574.461500
1360.984100
1278.849700
1358.636100
1406.663900
1468.447400
1528.779200
1572.064700
1508.853200
1415.561200
1311.872800
1520.840600
1308.927400
1471.107200
1571.722700
1562.538000
1569.161700
1555.206900
1526.491500
1590.474400
1400.268400
1381.777700
1456.853300
1669.846400
1343.824800
1553.989800
1549.936200
1560.029700
1521.762000
1501.114800
1546.158900
1557.033200
1581.788800
1444.985500
1457.733100
1467.356400
1465.413400
1459.483400
1537.071100
1482.491400
1495.068200
1461.642400
1562.002400
1437.564500
1478.609300
1544.482400
1562.412200
1497.839800
1448.927300
1473.893900
1566.427900
1469.985200
1452.113500
1551.811400
1478.909500
1503.555800
1484.579100
1386.833300
1414.470100
1445.177000
1596.423300
1591.983500
1678.722600
1418.980200
1443.942300
1631.665100
1533.730800
1435.770200
1514.119800
1610.148200
1579.018200
1474.785000
1580.589100
1573.546800
1561.049700
1477.112700
1374.894100
1439.888800
1532.887500
1355.631300
1430.072000
1410.936900
1336.433800
1544.836400
1525.053200
1514.512400
1442.624300
1453.832800
1356.643700
1511.369200
1492.072600
1644.414300
1570.937500
1543.394100
1467.782100
1457.607000
1502.038900
1402.332400
1490.162600
1392.631100
1556.598000
1606.307300
1634.633100
1598.623700
1465.538500
1469.987300
1480.774000
1458.657800
1611.020900
1396.135800
1534.500400
1493.382400
1394.321600
1420.496000
1420.136900
1552.243700
1611.530700
1565.744400
1407.197100
1477.028200
1650.775500
1471.652200
1592.689000
1444.463600
1363.346700
1429.425900
1361.026000
