1077.917500
1171.243100
1261.420400
1200.485300
1178.035100
1105.910700
1093.214100
1084.147000
1146.129300
1026.747100
1152.443900
1189.970700
1132.055800
1143.004700
1166.747200
1197.478400
1157.725200
1240.928600
1252.079800
1148.892500
1132.942400
1206.036000
1153.018700
1174.401800
1137.899900
1112.759300
1114.761500
1115.726400
1038.974500
1080.729000
1180.008500
1188.543700
1227.236200
1176.490700
1165.701200
1260.399800
1155.569200
1085.790900
1212.315000
1206.408100
1163.694100
1257.961700
1171.306400
1185.358900
1206.616800
1222.817700
1159.874800
1154.189200
1101.466800
1109.967700
1063.304500
1143.580300
1103.858700
1246.968400
1197.767700
1220.915500
1167.008400
1208.701100
1261.724300
1070.905400
1204.239100
1165.893600
1228.573700
1162.753000
1272.073300
1239.180700
1237.693200
1214.922700
1203.095500
1111.386400
1146.722900
1234.141000
1139.891100
1212.123400
1272.448200
1157.023500
1147.041200
1270.930700
1296.559600
1194.962300
1279.288300
1056.199300
1134.865900
1166.602200
1218.604200
1164.551600
1132.710000
1125.045000
1133.008600
1131.984400
1194.572300
1262.357200
1269.118400
1234.342700
1190.537700
1217.538600
1159.307100
1070.735000
1176.074100
1138.095300
1107.194100
1126.745800
1193.278100
1136.485400
1208.447600
1267.897800
1126.639100
1233.337000
1151.650600
1149.866100
1085.374300
1194.587400
1130.655100
1174.416800
1201.616500
1160.652300
1160.912700
1134.742600
1285.748900
1182.225000
1218.067300
1168.249800
1059.393800
1128.275600
1188.625100
1177.036800
1156.411100
1202.959000
1103.529200
1147.027600
1198.603600
1121.476800
1242.470800
1168.034400
1237.675200
1129.501900
1147.887700
1215.551500
1164.359800
1168.299500
1215.699700
1165.557100
1096.070100
1177.191800
1144.506100
1091.284100
1198.939300
1198.393800
1243.664800
1127.927400
1098.435100
1080.097900
1242.273500
1132.631900
1133.926600
1202.685000
1118.145200
1082.505500
1178.280000
1156.760500
1141.144800
1095.937400
1106.768500
1117.412100
1152.665900
1127.102400
1231.518500
1273.008900
1145.411900
1172.391300
1173.805900
1177.053300
1196.121200
1214.162300
1214.969000
1135.969200
1130.723100
1230.392700
1223.222400
1165.860300
1177.179300
1145.629400
1197.321400
1255.863500
1214.522900
1143.304500
1225.983800
1155.431500
1188.192800
1221.021600
1234.418000
1217.854600
1099.534600
1072.626100
1158.890400
1030.894400
1163.414600
1095.625000
1164.366600
1123.842200
1104.338700
1083.046300
1129.676000
1176.112700
1224.995300
1136.669900
1116.112800
1144.006800
1128.500000
1171.498100
1034.758500
1147.324000
1073.761800
1185.305700
1128.456500
1135.552400
1066.798600
1058.670700
1189.027900
1151.981100
1146.062900
1167.310800
1182.426200
1217.531700
1176.211500
1122.313600
1193.150900
1214.644500
1041.665100
1060.579600
1073.834200
1132.934600
1145.492400
1122.940200
1153.224900
1188.508400
1164.167900
1097.826500
1163.742300
1195.499700
1149.095900
1169.236200
1181.632300
1133.771000
1068.389900
1111.436300
1088.099800
1149.492300
1115.202300
1095.192200
1164.753800
1206.275200
1148.186100
1090.919100
1102.696400
1158.499800
1043.174900
1104.228900
1114.157000
1139.031100
1127.155600
1121.949300
1094.418300
1100.709800
1108.899600
1226.157300
968.164900
1087.452700
1113.638700
1145.567400
1079.578600
1149.019800
1099.309700
1109.278200
1120.445000
1090.590800
1191.549500
1106.033600
1148.937300
1136.349900
1117.874600
1213.888100
1130.592400
1214.174000
1167.698100
1130.438700
1125.108100
1186.557600
1167.057100
1196.721300
1182.089900
1134.275400
1115.938200
1094.766900
1118.243900
1069.240800
1154.097300
1232.865200
1151.953500
1174.902500
1223.966800
1130.652500
1075.630300
1062.052500
1216.431100
1095.619200
1091.130300
1163.056800
1131.031100
1180.816200
1133.547300
1063.618200
1096.764100
1108.587400
1110.744100
1099.314600
1118.810100
1087.562300
1108.002600
1184.855600
1137.116600
1128.620600
1118.014600
1141.846800
1155.522900
1199.620500
1115.042000
1094.327600
1153.738600
1099.018500
1155.700400
1114.597200
1118.008800
1127.780600
1183.808900
1188.447300
1145.430700
1165.967700
1215.940000
1105.351300
1251.745000
1071.052800
1246.228800
1222.609700
1210.770100
1199.044900
1212.532400
1055.764100
1081.517400
1115.014800
1222.084500
1132.541000
1049.419600
1174.111300
1245.637800
1199.443400
1161.239000
1045.300400
1063.520200
1014.715900
1091.362900
1138.296200
1108.384800
1099.721300
1190.821400
1249.367000
1232.367500
1177.586100
1158.948700
1120.584000
1186.287800
1092.359600
1060.073900
1146.556200
1134.044600
1132.216100
1035.618900
1230.116300
1221.870300
1282.567100
1279.120600
1036.799700
1068.536500
1087.886900
1149.716400
1099.339500
1103.805700
1206.613900
1242.620700
999.111700
1125.831000
1149.838800
1183.077400
1194.436500
1045.961100
1176.149900
1257.436200
1163.061800
1027.189800
1191.508800
1245.936500
1106.348000
1117.272700
1204.545600
1043.477200
1154.921800
1187.391800
1112.263100
1213.735800
1069.118700
1112.519800
1043.797200
1122.899200
1029.176500
1058.120000
1219.054500
1206.454100
1099.589700
1058.817600
1158.843400
1125.012200
1139.876000
1184.029800
1066.619000
1138.283100
1101.731100
1117.148100
1231.277400
1206.786000
1141.187700
1157.278600
1121.909200
1243.541800
1061.032100
1066.408200
1035.572900
1203.083200
1218.487500
1107.937700
1057.578000
1005.310800
1209.206400
1137.239100
1257.628400
1119.225800
1206.465200
1164.922500
1117.013700
1068.516000
1061.209900
1185.176100
1278.378600
1207.856400
1213.544200
1172.366800
1289.441400
1065.008300
1216.475300
1125.111600
1082.604600
1112.357500
1125.468600
1163.749000
1094.815200
1161.345900
1192.654700
1065.473500
1169.974700
1166.995400
1154.734200
1162.071200
1109.246900
1219.109700
990.059000
1199.101900
1165.012100
1114.516300
1063.398000
1131.413600
1182.302700
1070.391600
1117.807500
1075.711800
1207.021200
1071.699700
1113.854300
1099.498700
1209.314600
1128.177700
1207.255100
1134.038300
1076.538400
1070.900200
1062.978100
1203.418700
973.354100
1244.877800
1073.297300
1129.048600
1196.155700
