701.775400
669.207900
751.253600
669.976600
658.941800
728.686300
694.665900
692.622700
689.509200
605.566900
720.540800
681.043800
673.339700
680.016600
698.350900
681.278300
665.026900
708.867700
651.875800
619.870800
679.635000
658.845700
674.765900
703.170400
677.682600
667.017900
652.816200
676.477800
683.748700
721.833600
749.145100
743.483000
745.417500
743.096600
638.990700
709.013500
732.142200
734.507400
716.335400
718.588200
747.583600
730.223500
669.954300
694.324400
721.654200
731.537600
718.013400
636.017900
638.959600
619.232200
757.361500
731.970500
715.548400
750.299300
728.761400
706.658500
707.153000
701.844300
670.237500
690.271000
682.549900
707.020200
620.176300
686.217500
670.101000
626.598800
731.188900
717.116300
663.939700
707.740700
719.342900
708.465500
663.628800
675.926700
758.634200
690.747000
641.756700
675.956800
668.592600
676.887100
719.941600
721.223100
639.910700
656.650100
664.085700
755.032000
717.534000
726.782700
736.905700
766.507000
755.400600
678.154800
739.690900
678.549000
708.928000
754.259600
744.488800
742.522000
682.996700
767.574900
793.082600
665.650600
693.716600
750.005600
704.953800
752.332200
705.168000
664.693800
670.929100
654.541000
694.857100
726.250900
687.847100
686.163900
659.579500
737.763700
736.784200
730.427100
690.746800
749.825600
695.261200
748.377500
770.576200
687.898600
689.266600
689.670300
708.209300
675.085700
682.956500
684.011800
771.377800
754.137700
705.802900
673.121800
732.080400
715.903400
721.590000
695.200600
696.815900
752.265000
712.707800
678.931800
679.797100
709.155400
703.788200
720.558500
669.270000
678.759000
699.995300
749.466900
685.548800
691.039600
728.369300
758.134800
716.042300
638.990800
688.239600
725.582100
716.282000
698.795600
759.642700
692.330800
716.756300
718.393700
740.406500
685.293200
745.640500
698.176700
681.078200
764.451600
755.126300
727.309200
770.947800
719.666400
744.472700
700.246500
738.234600
701.815500
637.464300
732.921700
705.413600
695.537400
730.693100
759.135100
709.591100
693.143000
675.421500
680.764300
731.085500
655.101800
780.940700
767.860500
770.262800
755.752500
750.691900
789.801200
638.547700
744.088100
681.887300
670.729800
762.511800
683.039300
677.255300
703.925700
704.438200
735.992400
673.904700
713.277600
749.983100
736.284900
761.316700
770.832100
779.564600
695.654600
741.267900
743.194800
696.837600
699.166500
720.363400
711.311000
690.631000
745.305800
776.750700
674.329600
774.463700
720.464900
680.082700
711.899400
742.387200
725.117900
751.226800
755.457200
716.126700
754.759700
711.429500
681.426700
708.050900
649.849600
680.153100
649.193900
705.997400
667.989500
694.744100
745.780900
751.791700
619.662400
712.681200
679.998500
768.343000
695.338000
679.161100
643.967900
705.733000
739.660500
733.464700
743.507700
677.697500
713.064800
716.597100
681.044600
664.555800
721.075100
681.164200
732.914200
716.306600
717.974600
713.357600
712.547800
641.053200
778.894100
728.306500
622.166900
625.452900
621.792200
616.687500
802.341600
688.815900
727.651100
657.202000
717.225500
675.351600
684.746600
750.052700
727.237200
707.998600
721.161900
678.976700
770.224000
782.406800
714.379300
722.586500
693.946900
709.848000
658.560600
717.868600
683.629100
681.813800
712.847700
745.282100
724.653600
741.459700
710.798500
716.943100
709.165400
696.711700
681.292600
703.531700
716.216500
644.701400
687.591300
771.684100
654.733900
757.195500
718.101200
700.502200
667.113100
740.083000
724.294600
668.735900
766.390900
746.605000
726.713800
722.616400
715.621800
675.791000
685.979100
731.856400
748.292400
649.935200
700.502900
642.799000
742.026500
747.265900
734.396500
746.912100
682.844200
687.682700
715.130800
704.679300
777.993100
764.690300
761.341500
750.232600
724.803200
615.773900
681.611200
758.745400
781.787100
749.325200
717.347800
743.273200
701.512200
739.812900
739.476100
742.811400
743.103900
743.315900
690.161300
694.397600
692.652600
711.754900
673.671700
651.051200
655.550100
712.669700
693.885100
629.696200
682.517200
727.289400
650.186000
691.047300
684.062400
661.436200
755.645500
753.544800
706.536500
715.181400
746.057600
638.374600
727.148500
725.499200
732.918300
719.072300
687.780100
710.996000
678.702000
653.333500
714.095400
718.152800
716.123900
755.282200
678.670800
678.818800
683.775600
624.806400
696.727200
702.698300
719.943200
702.497500
659.389600
663.220700
674.469400
700.074000
749.971300
739.164300
676.369900
724.791500
713.947800
752.866000
730.216300
713.310600
720.104900
723.848600
692.996300
676.900000
671.746900
654.018600
677.603400
742.723200
751.631700
745.613100
715.200400
650.950700
652.667400
710.769200
744.241500
722.321600
685.770700
705.919400
710.572800
708.882200
681.951700
716.242000
737.517300
692.752400
706.315800
702.321800
654.434100
653.459600
762.149900
700.843600
714.780500
671.126500
685.238500
688.842100
701.418100
698.041400
704.391400
703.528900
727.484600
751.402000
668.911300
698.548700
743.218400
685.378200
707.979500
645.140400
667.622900
704.634400
620.021000
719.050900
655.253000
597.617400
699.891600
659.189000
724.311300
652.129000
693.677400
681.848500
682.737100
692.586800
754.438400
720.677700
710.596800
688.319800
628.354000
626.568400
610.072900
628.575700
633.651100
691.845600
714.844300
667.226200
710.325600
683.247600
734.471000
676.576100
662.809500
691.109100
636.477800
694.682600
604.684800
699.644000
695.698600
683.550500
750.746800
727.772500
679.623900
672.314100
716.534500
