429.350000
453.228800
457.553600
488.443100
458.529000
448.062200
442.909900
433.171100
476.496300
463.416200
475.152600
462.954500
442.035000
449.852200
491.924900
486.427800
495.574200
493.395500
483.957800
469.275600
474.507800
474.811200
483.448900
486.248200
502.277400
485.084900
495.755400
499.389400
504.005400
506.345500
496.557600
493.290100
459.122000
477.313000
505.849900
501.694200
527.058100
488.400600
502.469600
497.558500
486.708900
459.318300
478.591500
461.879600
498.816000
496.643300
480.862900
472.251600
472.078900
489.752900
452.439600
460.015900
448.245900
468.613200
466.323400
448.220700
467.687600
477.969800
478.928800
467.269400
446.451700
453.946400
472.765700
472.217500
471.928800
449.941400
498.991100
446.758900
486.558300
471.823500
450.221700
462.207900
507.643600
482.359000
462.173900
457.627400
482.957500
491.983400
491.179300
480.638900
475.548500
482.885500
508.027100
448.841000
467.504600
476.544700
456.664900
442.825600
447.276200
413.795200
471.651900
478.388200
468.193300
470.254200
458.548600
498.134200
487.459400
431.959400
447.504700
465.024900
468.460700
488.554000
447.670900
423.455600
450.682800
480.025800
489.870700
446.146800
445.738300
445.489700
460.180500
438.453600
448.076900
470.069300
460.064600
454.922400
443.031000
473.213100
457.713400
435.123000
448.067200
463.626200
472.014600
478.877700
423.244200
446.660900
450.277900
463.713200
470.611800
435.654900
465.128000
472.997500
475.576400
454.845600
462.680900
468.427400
481.881200
453.148000
475.133000
461.727000
479.131900
454.648500
471.501400
430.803400
421.739700
430.068200
467.386500
472.700500
453.505000
441.721900
457.519800
432.572000
436.547400
489.107000
405.671400
459.333800
489.541300
457.489200
427.060500
440.513000
436.560000
477.858500
440.938400
454.517100
443.172200
442.062300
371.646900
430.213300
437.118300
421.040800
429.097900
489.931500
464.633000
433.207000
435.367700
435.911500
415.122300
455.334400
461.367900
451.821600
429.437100
443.062500
459.899200
444.551300
452.843700
435.802100
451.056900
442.270300
465.664500
478.110000
462.484800
444.236200
475.506200
464.103300
439.902000
423.867700
432.644200
610.354200
454.486500
664.070000
503.689200
438.592500
454.951000
464.271600
468.169600
464.204700
450.974500
462.245700
444.543800
413.474200
449.770500
442.283800
446.581600
473.322400
462.336400
468.974100
462.390200
494.027800
471.576400
451.113600
449.669900
452.550500
441.473600
492.612600
478.549800
453.235400
484.385100
433.497000
488.217700
463.562900
453.503700
450.814200
452.832500
472.674600
439.391700
447.729200
427.657100
478.507100
482.628300
460.845500
464.254300
477.843100
471.401300
517.436300
441.386400
455.230500
474.532300
448.506800
425.111900
454.025500
457.714100
468.823200
467.355000
428.223100
447.724200
474.727800
461.796400
443.650400
451.329400
453.612800
446.735100
466.200500
447.994100
454.551600
473.682700
404.493700
448.446100
486.257000
432.612400
476.112600
469.414900
459.494900
380.870700
439.716200
440.189600
454.927700
475.382600
574.105600
471.398600
406.035000
450.494200
464.312400
459.897400
489.747200
460.872900
470.601900
476.637800
455.917100
452.341300
452.936800
452.423200
441.507500
470.966900
455.449300
540.584800
499.675600
476.251500
468.065500
488.457400
476.152000
475.300300
456.486200
463.222400
472.005300
442.311600
438.994600
441.423400
445.134400
467.531500
472.914200
450.758500
478.694400
457.511900
489.914500
461.252100
427.320300
448.020900
434.686700
464.177000
377.432000
476.306300
443.158200
488.505700
446.907200
483.165200
501.017400
410.619200
447.975400
458.792500
461.026500
488.874500
467.904900
456.890200
422.909400
452.724500
453.103900
468.164000
441.944400
441.712500
428.577600
476.456000
457.077300
491.164700
474.895000
497.234300
465.135300
417.276800
443.137900
492.959700
501.330300
450.006000
416.723100
444.478400
445.780100
463.029800
446.009100
439.021600
444.357300
441.677500
398.389300
413.332000
485.483500
477.302800
452.649400
448.947300
462.573800
470.235700
433.707600
475.149300
444.992800
480.889900
413.985800
449.712800
472.931300
487.781900
474.334600
420.035000
497.211000
450.646500
494.676500
469.732400
507.439800
413.018200
486.303100
477.216200
495.425300
494.241800
488.025400
466.314200
383.503200
466.311200
444.170300
460.498100
437.488000
484.049600
453.456000
476.695700
481.555700
449.442900
382.878000
443.153900
457.537900
461.509800
485.355700
514.680400
459.125600
453.432600
487.055200
474.932500
487.406600
490.898500
470.702900
503.543400
461.012800
500.034900
512.159300
447.899300
454.514100
448.021800
425.206200
424.463600
479.070100
462.905700
423.988600
441.978800
411.549400
494.409700
464.212300
474.099700
428.908800
462.242000
426.733400
456.985000
466.075400
479.666900
457.635100
448.201600
498.538900
486.238600
492.907300
411.440900
455.020100
483.810900
431.915500
484.110500
457.999100
481.826300
452.979100
466.936900
426.661800
483.582300
517.855400
492.559800
452.539500
462.978300
485.804000
507.758000
419.319500
519.197100
475.267400
455.692100
445.966800
421.937600
433.518300
426.567400
463.239500
464.334900
454.733500
432.484700
418.531800
475.059200
462.510700
480.576700
441.421700
401.336600
433.519200
479.853000
482.862300
450.013800
463.056400
464.324900
434.987300
468.121500
444.948000
468.285800
449.956600
441.401200
442.504800
437.486700
445.188100
469.112300
467.324300
390.559400
459.828400
491.547200
454.967800
456.690000
444.514600
500.132200
410.464900
