722.464400
773.966000
853.766900
794.626300
797.385300
725.559700
727.957900
721.623300
762.628300
684.701400
783.560100
794.639800
750.246700
756.992900
748.390300
796.113000
761.784200
819.571900
835.171500
758.203700
760.648800
786.799600
760.352800
761.475500
720.252700
738.247400
746.204800
729.695300
686.501300
710.212100
764.472100
781.054600
796.074900
779.288700
760.431200
810.697700
767.108700
712.342600
784.956400
785.786400
714.869900
822.730500
768.404700
766.301500
771.620400
810.899800
756.769400
760.137300
717.592500
731.730700
712.405300
747.325400
730.974600
827.278500
781.964100
781.502500
728.141300
767.584200
814.874700
687.607100
783.998500
731.056900
781.572100
747.993200
826.409600
778.610500
802.792200
788.795000
762.092900
698.947000
731.920900
782.011900
742.587700
746.757200
807.916200
731.678000
712.308100
838.816600
809.428900
751.543500
815.556600
637.515800
694.082900
737.292600
737.419500
699.801800
730.273100
688.529100
695.653400
710.460100
759.732100
744.597800
741.592500
773.715900
736.854900
745.805700
736.563900
658.938700
739.387800
697.615200
700.008000
699.524000
742.705100
701.697600
774.513900
806.548600
695.395800
799.268400
684.943600
714.349600
673.392300
741.964900
668.816100
754.879200
744.653600
710.246700
695.420700
747.459200
814.488100
735.368800
736.978400
734.483300
674.198600
831.599300
773.014500
757.330600
733.944700
778.553100
763.942300
771.156500
831.516600
707.460300
791.795800
729.596200
755.597200
686.323300
719.376400
769.003100
725.701900
743.094700
760.734900
735.628400
667.500900
715.847000
711.088700
705.861900
767.734100
773.640400
795.256000
682.020200
674.645300
658.085600
791.390600
740.966500
723.849000
723.035200
715.203000
684.631500
748.589100
700.506100
685.974100
677.195400
691.826000
692.024400
715.600800
687.474200
769.390600
786.701000
680.025400
730.126500
715.957800
734.344400
729.142300
767.228100
778.990900
727.641500
729.551100
774.227100
752.290800
748.426700
740.680800
683.609600
746.676500
779.980000
743.256600
701.412100
746.377000
721.315600
744.573300
753.204700
769.487700
768.097900
680.235100
676.903100
706.575000
643.077400
727.544400
687.248000
704.029200
721.235200
688.707700
669.581900
693.929200
735.900900
748.453800
691.724300
667.723100
657.078200
700.162000
740.106400
622.570400
693.785700
656.988400
721.135600
694.425000
714.013900
643.452300
665.204200
746.291500
694.194800
711.648200
736.163700
741.365200
778.255100
741.738300
707.534400
754.748000
767.752500
641.177100
641.679400
639.980000
717.914300
711.847700
719.945100
710.433900
779.642700
749.071900
679.686300
744.710500
796.934100
734.073400
717.554900
767.414200
723.642200
670.105600
726.957100
681.401600
745.677000
706.875900
621.273900
724.289400
708.965900
730.440900
724.023800
693.277000
735.698400
654.388500
640.462200
704.547600
691.251700
705.405500
724.721100
685.071800
698.685400
691.831700
743.760800
639.390000
694.323900
704.257400
703.945500
683.196700
749.491500
708.901600
721.916400
694.459100
698.481500
780.317500
645.887900
712.067000
716.390800
710.204600
769.745600
721.365300
769.852000
759.974300
682.460300
721.764900
714.521300
736.181400
793.665300
786.023300
733.643300
725.887300
705.048700
728.368500
706.645500
756.513700
823.175100
774.213600
788.515700
828.567500
728.921000
714.015600
710.347400
790.604000
708.242200
697.674800
738.012800
695.817000
750.214200
722.344800
688.830800
713.918700
720.127300
745.289400
724.208300
756.184000
702.801300
703.525300
789.335200
751.401400
752.977000
744.324100
756.309000
765.535400
757.237700
722.969600
696.037700
748.501400
718.524300
756.842500
717.590800
727.179800
751.453000
783.445300
778.212700
753.630200
776.961300
814.984000
739.459900
809.633500
691.680900
820.803100
811.392900
788.735900
776.958600
789.803600
688.175300
676.253600
723.685000
774.065800
711.112100
693.619000
774.648800
783.221500
784.179600
757.525300
675.899400
700.450700
682.031200
755.179800
772.324500
716.011700
749.921400
798.717900
821.493600
839.653600
792.941900
770.809400
741.627800
807.575000
735.398400
721.680100
756.261500
752.623600
709.306700
669.854400
800.689000
788.065700
864.894900
876.039400
705.325500
724.688800
739.074800
777.862200
730.985100
751.564700
783.968500
820.798300
668.236800
750.916300
763.392800
787.070400
805.693000
682.461200
785.545600
846.981300
729.584900
682.003900
805.516700
860.852600
706.346000
732.786000
837.775200
688.622600
747.948200
786.604000
752.464300
816.359000
727.166200
736.754800
694.427700
756.354600
688.952300
715.238900
784.400400
846.288100
699.489400
704.663000
765.090600
721.052500
719.946900
775.213100
722.165300
772.771900
719.544100
735.180800
828.250900
791.890000
751.341900
769.626400
736.618000
790.281400
693.527700
707.439300
685.161700
811.823700
826.144400
750.119500
701.649200
654.399900
816.579500
749.583900
855.273900
734.158800
810.768900
752.048700
729.869300
700.175300
707.225800
783.545200
881.463900
828.762900
802.503800
778.043300
845.762300
706.218100
828.790800
745.180700
714.243200
739.166500
773.341800
802.883700
730.059400
783.568100
809.505600
709.785200
766.876600
778.013700
779.492500
793.270400
749.013300
796.324300
663.586000
786.436000
794.167400
744.518400
711.784600
764.549000
821.059000
729.649900
742.644600
728.506200
823.592000
728.006200
752.844700
746.410400
815.899700
758.709400
816.302200
756.458500
709.344500
726.199900
728.105100
793.998600
672.841800
832.517000
721.702900
773.809000
817.554900
