1421.174100
1363.097400
1509.354600
1348.704300
1320.534100
1405.868900
1404.253700
1417.255500
1408.156400
1231.337100
1463.140400
1382.182000
1406.874000
1383.155700
1417.059600
1375.200100
1381.451500
1488.360800
1353.164000
1263.024300
1364.615100
1371.730000
1377.346000
1445.463800
1391.627700
1361.452400
1327.796900
1374.762600
1400.600200
1437.284000
1476.429500
1485.857100
1504.473600
1474.398300
1289.501700
1446.869700
1467.130600
1502.468700
1441.237200
1482.517200
1481.107700
1464.185300
1362.856900
1414.915400
1466.931500
1467.883300
1448.821400
1297.128700
1332.240500
1282.573000
1535.574300
1461.863600
1425.813700
1513.656500
1482.892800
1443.542600
1468.557100
1466.567400
1367.957100
1423.501200
1387.470700
1436.228800
1281.959900
1418.472100
1444.986200
1346.403100
1478.386300
1438.046700
1378.277700
1443.606500
1482.534100
1463.762700
1386.663900
1386.143000
1549.791500
1422.767100
1336.371000
1378.492000
1405.359800
1358.340000
1465.037600
1496.628400
1313.999400
1354.747100
1388.420100
1531.897100
1488.178000
1494.820900
1473.701600
1588.139100
1543.353000
1383.827800
1506.365600
1409.776600
1415.979000
1505.450700
1454.188700
1493.558300
1407.491800
1588.546900
1573.707500
1374.281100
1423.252900
1495.657600
1427.263200
1567.657700
1397.586300
1344.408200
1314.607500
1324.206200
1361.201600
1379.725800
1383.872900
1390.504400
1314.238400
1487.823400
1528.926600
1476.136600
1362.878800
1458.521900
1431.745600
1504.897500
1556.991500
1352.569500
1361.866500
1351.113100
1425.556600
1377.097800
1391.089100
1418.359800
1509.908100
1497.881100
1427.383600
1379.509400
1505.730600
1461.073000
1472.827500
1469.891200
1431.489300
1489.329400
1463.059000
1440.513800
1400.938300
1388.574900
1396.491100
1408.726700
1400.999500
1406.421200
1448.158300
1515.492200
1374.828600
1402.332600
1444.902600
1492.300800
1460.979700
1278.012400
1385.231200
1431.052800
1477.783800
1382.670300
1511.237400
1426.428200
1444.111100
1436.049900
1471.460900
1386.109400
1481.345700
1439.559700
1424.768200
1505.942900
1516.520200
1430.441700
1565.880600
1433.811300
1495.132700
1400.910300
1460.852700
1423.997500
1324.351600
1491.986100
1387.265900
1416.209600
1460.758100
1531.033300
1431.895100
1410.711400
1392.506100
1384.364800
1465.032700
1328.930100
1542.494500
1546.894900
1552.752900
1568.764500
1577.942700
1614.819400
1374.938400
1510.787100
1337.771800
1373.238500
1560.698800
1393.373100
1419.714000
1453.974300
1455.711400
1555.020300
1392.285900
1485.847900
1527.383500
1549.863800
1563.819100
1572.658400
1561.386500
1419.612900
1527.435000
1528.149600
1454.528700
1449.615100
1447.513400
1448.515000
1445.705700
1551.817000
1569.465800
1369.404500
1531.241500
1463.935200
1384.364800
1478.296600
1505.895100
1488.403600
1586.185100
1446.497700
1430.288100
1528.602000
1435.859500
1362.764000
1477.074800
1366.273500
1406.869300
1350.856100
1465.005500
1409.131500
1431.856400
1533.894900
1531.667000
1299.566100
1458.844200
1366.236200
1559.234900
1401.527900
1400.137700
1370.512400
1417.446000
1494.270000
1498.308900
1482.177500
1383.994800
1479.679800
1499.631200
1384.324700
1348.967400
1423.896500
1414.253900
1492.184000
1441.261100
1462.727500
1469.349500
1444.961000
1296.127200
1625.363300
1498.676700
1250.934200
1239.705600
1252.468900
1257.001500
1582.351500
1436.771500
1473.475500
1327.258200
1434.577700
1404.549200
1411.274000
1528.143400
1468.662600
1379.663900
1464.436500
1384.299400
1561.169100
1567.384400
1404.832500
1441.333400
1399.407600
1456.608700
1328.072200
1451.948500
1370.054400
1356.584200
1488.425400
1524.690100
1468.472200
1505.179500
1449.271900
1502.613500
1429.855600
1379.018800
1368.163400
1425.948800
1444.784400
1321.172700
1352.168000
1496.675500
1286.667800
1497.969800
1390.463500
1372.069100
1313.992000
1409.684800
1407.110300
1263.488400
1533.372500
1514.258500
1426.857400
1422.830700
1415.074400
1337.693100
1368.962100
1450.129300
1460.611800
1297.083500
1417.546500
1266.356300
1453.773600
1489.967000
1487.297300
1538.593400
1376.885600
1386.104200
1475.728900
1405.671900
1512.673400
1571.688500
1502.997000
1517.323600
1493.761600
1260.223300
1374.052700
1498.155200
1551.169700
1429.158900
1389.365800
1468.976700
1413.248900
1481.474500
1478.250700
1517.217800
1512.184800
1466.914900
1375.087500
1363.463800
1368.310300
1387.151800
1360.680500
1287.721500
1314.076500
1431.143600
1437.510000
1246.726000
1376.809000
1504.067200
1285.246500
1370.775900
1354.265800
1336.959200
1544.935800
1536.634600
1460.094700
1460.958800
1518.576700
1287.636000
1459.287300
1457.521500
1454.663000
1494.371100
1349.901400
1404.781100
1342.604900
1293.849500
1446.070400
1406.343600
1502.721800
1519.652500
1362.988300
1321.206100
1371.776600
1257.995000
1392.824900
1373.880000
1418.988800
1380.396100
1309.531000
1348.450700
1328.281700
1356.352500
1484.259500
1522.033600
1378.186900
1395.296900
1449.742100
1477.723600
1434.681100
1372.887200
1478.647100
1456.934800
1325.602500
1326.293300
1343.063900
1319.474800
1337.115200
1504.073500
1500.329900
1454.936200
1429.409000
1304.631500
1338.118300
1373.592100
1505.416200
1440.023100
1342.230100
1385.292400
1455.766200
1452.043800
1296.060500
1356.064100
1395.519200
1403.400800
1440.758200
1372.608400
1256.842500
1242.085000
1402.664800
1325.826800
1437.630000
1284.878200
1325.952200
1335.745300
1411.042100
1371.612700
1402.684700
1406.870200
1424.385700
1549.496300
1338.739900
1374.898600
1485.696800
1294.317400
1381.389300
1313.684600
1308.229200
1412.296200
1273.764200
1441.148400
1380.154700
1225.656500
1362.641900
1332.756200
1507.237900
1288.870200
1357.671200
1314.396300
1369.554300
1362.627300
1516.127200
1389.506900
1524.961600
1359.488100
1291.405500
1306.584900
1210.235900
1290.273800
1296.400200
1402.650200
1357.395500
1306.358200
1446.135600
1383.928400
1470.304600
1336.074200
1356.654600
1390.981700
1267.355600
1328.730800
1255.109900
1368.630900
1415.142000
1376.840900
1494.433800
1437.968100
1404.455000
1401.496000
1386.359500
