704.619500
743.742600
733.350800
804.531600
751.709500
751.778200
737.421800
722.867700
782.435700
791.683100
821.547200
764.010500
715.140100
715.641200
775.985900
782.053700
818.516700
816.643400
800.927800
758.661400
769.950700
772.483900
776.574000
797.450600
821.153800
795.112600
820.340400
811.937600
809.375800
819.293400
835.993500
834.526000
750.265100
785.229000
825.864000
824.921400
868.507000
817.354300
833.532900
826.110600
821.865900
798.641500
802.558100
788.449800
833.745900
796.031600
775.351600
762.707000
799.390400
835.251300
769.537500
783.227900
763.587500
767.466300
764.667800
771.026400
778.089900
796.121600
795.491900
781.772600
731.980400
751.303500
782.559900
803.924000
787.951700
775.599400
826.904100
740.861500
817.295600
796.845100
763.747300
750.232500
843.000100
801.960200
783.446400
733.539200
804.703300
836.250900
816.185600
812.398600
803.354400
798.223000
845.474100
742.151800
767.099800
796.600200
765.970800
756.042600
737.619200
717.443700
769.401900
772.928100
780.984000
786.683000
777.807500
831.232700
793.810500
754.573600
771.903200
773.268300
770.435300
808.291400
771.402500
712.213500
782.828300
823.438500
826.353100
766.306900
784.361100
747.450400
780.368600
743.749600
759.157000
793.080100
769.148500
789.415900
759.481500
780.290400
788.796000
762.662200
750.279800
777.474600
812.455700
811.222900
719.358500
773.155700
795.017100
786.511900
806.816300
753.446200
798.336100
820.711300
830.995800
792.256600
805.834600
802.138700
792.701800
757.318800
798.273600
779.880200
794.897500
784.519500
810.892800
771.482500
744.530900
738.351600
806.005300
819.210000
786.874300
771.109700
790.628200
739.488800
761.109000
804.229400
712.235700
837.216500
842.146900
816.185400
754.129600
745.020100
742.111700
824.341800
795.374300
787.954800
740.132800
792.928500
651.284000
737.687900
754.343100
741.567200
756.796800
844.564800
779.036500
769.118500
752.805400
762.501900
732.145800
774.581200
821.341000
791.692000
752.251200
776.075800
805.819300
776.164700
785.763900
758.294900
757.411500
746.793800
830.552300
799.530100
789.878700
742.227000
811.935200
797.305100
762.443900
727.718100
740.981700
775.435800
707.416000
774.083100
797.614300
749.562100
765.936000
790.276800
803.601900
801.720600
743.536500
773.454000
763.714100
705.044500
762.984600
726.659500
729.328700
793.490300
772.993700
781.102300
771.626600
811.394400
794.111600
743.435300
751.205900
757.420200
733.770700
808.560500
784.899400
742.265200
805.958300
739.076900
807.574200
781.313800
743.299800
754.227800
749.394100
776.193000
733.697100
767.132200
726.219600
807.723900
802.919700
759.485500
779.549700
784.669100
779.937700
851.733600
726.502800
756.048100
788.970600
756.649100
698.467200
760.953700
764.287800
775.355300
773.613700
728.643500
739.701400
772.961500
756.067600
747.682400
746.834800
760.150000
769.993200
786.459100
735.902500
749.267700
788.709800
670.137600
744.668200
809.610100
729.211700
791.255900
777.736800
781.472000
630.561000
737.297500
738.415100
754.218800
786.111500
836.908500
745.721300
685.924300
756.879700
774.687100
764.139500
825.975700
781.383800
783.098500
797.521800
744.310900
730.129300
748.149400
747.890300
751.538900
765.662700
771.211000
842.362200
827.509600
798.663400
792.650500
802.663000
782.300300
756.720300
744.993400
770.345100
788.232000
723.745100
720.102100
741.104500
744.594700
773.955600
781.716400
752.135500
790.958800
756.082200
824.008300
758.899900
720.871600
751.693200
720.451800
781.023400
644.728500
789.739700
738.613400
791.869500
747.927400
813.954400
853.914400
667.541500
752.608000
776.472700
800.539100
807.549400
770.351300
768.293500
707.121300
751.950400
759.559800
770.173700
750.037400
742.628700
722.400900
775.031600
752.495200
822.837100
798.239900
825.524000
772.399600
705.391600
739.955100
822.369700
828.652400
728.935500
687.873000
737.957200
724.126000
764.610400
792.634400
741.086100
739.164600
742.064700
692.889500
686.025100
800.989400
795.153800
768.207100
760.484400
781.317400
808.558100
708.857700
796.903700
721.053800
808.220300
707.222700
776.530300
802.705600
832.826500
785.455200
694.812100
851.257900
750.831400
841.300600
754.873000
884.715700
684.294700
829.397800
815.972100
837.658500
832.823200
837.454800
785.884800
633.149000
767.953600
749.596300
767.982200
749.610900
833.395300
768.030900
802.864400
813.833000
761.187000
648.236100
738.968300
738.437100
786.889300
843.602900
882.475200
771.946100
757.182900
815.023200
795.389400
837.944900
819.706500
798.685400
873.370000
786.198900
849.803500
855.850300
772.815500
785.564600
780.047400
722.641500
738.705300
859.744800
826.064600
721.448200
764.334100
701.390500
835.057300
780.334500
761.772000
727.907800
784.087700
717.614300
758.735900
796.127800
825.535300
762.594800
749.173300
820.175400
810.447000
832.930600
706.998200
755.719400
806.735800
732.635900
810.514500
775.104700
787.998400
733.967600
748.321100
720.313500
765.539100
837.823100
792.077700
787.092000
813.041400
785.171700
847.905200
724.495500
830.683100
775.342200
777.992300
761.840500
702.311600
748.014000
741.080500
795.195800
791.997300
771.694900
735.202400
729.798900
822.778000
818.031800
789.228200
765.494900
679.733600
731.960800
835.416900
811.961700
760.871000
776.621600
790.150700
727.744100
793.526800
747.051400
802.444200
769.320300
725.674500
743.594700
741.179900
776.333400
799.250200
775.945400
656.673800
781.784400
812.539400
777.400400
765.874700
748.523500
853.469800
695.349500
