1047.445500
1049.174400
1137.176400
982.108100
977.211200
1056.892800
1035.578100
1037.453300
1042.041600
916.216300
1081.377700
1022.225500
1002.430200
1016.276700
1022.021000
1055.278300
988.170300
1064.294300
965.794100
931.280800
977.145600
1000.497000
1008.415600
1051.196800
1009.526300
1003.056900
966.769500
1008.438600
1022.025900
1033.676400
1074.508400
1094.828300
1098.808900
1081.703900
939.619800
1066.365000
1075.146800
1086.285900
1047.428800
1070.002200
1124.741500
1069.122700
988.228300
1046.135700
1123.359400
1089.297700
1096.359400
953.367700
944.529200
951.357600
1142.990800
1105.835200
1058.084000
1129.012200
1133.862300
1048.709100
1062.250100
1067.473100
1020.826700
1065.958600
994.364400
1069.232100
925.266800
1037.914800
1024.154000
952.030600
1093.375800
1039.524000
997.726500
1057.250700
1093.858000
1050.291900
1001.951400
1034.538700
1143.575800
1061.239300
991.781600
1013.945000
1025.543000
991.532100
1072.697900
1083.223800
953.439400
1028.686200
1023.369300
1132.964100
1095.522300
1095.225500
1100.676100
1167.870200
1128.948200
1020.309100
1103.409500
993.205400
1034.204800
1120.107500
1080.658500
1175.563100
1046.581300
1116.971600
1175.350300
1017.126000
1031.018600
1108.019700
1062.283100
1123.871000
1078.366700
985.187600
986.045100
975.238800
1014.070100
1074.335600
1037.801700
1016.825600
968.427100
1113.810300
1092.745200
1085.155800
992.335600
1072.828300
1045.966400
1101.028200
1149.817800
989.984600
966.589800
981.706600
1031.485200
976.841600
1015.383600
1034.708600
1117.037600
1111.929700
1061.786500
991.744900
1086.463800
1093.435700
1058.563500
1057.384300
1044.719800
1078.178900
1089.291800
1003.476700
991.729800
1003.780100
1006.024000
1063.506700
1001.461600
1007.529800
1034.942200
1117.367000
1004.313600
1041.385000
1065.839700
1108.951500
1087.862500
924.569800
1026.066400
1084.371400
1069.885500
1051.116300
1121.953800
1018.892400
1053.436900
1055.784200
1114.139300
1005.935500
1111.002000
1062.381200
1012.080800
1127.547700
1112.079500
1054.389600
1161.861400
1077.771400
1108.819700
1046.150900
1090.705100
1045.678100
896.522100
1116.122300
1032.197000
1010.553100
1067.373700
1133.371000
1068.645900
972.730100
959.966200
963.839900
1049.428900
906.038100
1107.558600
1090.809900
1162.548600
1087.478200
1074.524900
1124.596500
896.247500
1109.099800
973.133300
983.121400
1148.142600
1001.132100
1008.422500
1061.067300
1053.725400
1075.036600
990.560900
1078.623600
1122.692300
1077.380600
1132.526000
1143.768000
1144.340900
1012.764600
1096.381600
1102.799700
1062.952600
1060.373500
1098.349200
1066.213900
1006.381000
1114.364800
1113.015500
1012.028000
1126.821000
1110.688700
1004.239500
1078.024200
1099.869800
1057.771100
1124.338500
1085.867100
1032.048100
1095.337600
1039.503600
1003.005300
1087.950800
958.109700
1004.293800
924.590300
1050.531600
993.798100
1027.895500
1122.557200
1113.797900
893.914900
1022.293400
998.780800
1127.369200
1013.422100
1032.761000
954.559600
1051.385800
1105.368500
1089.476800
1116.198200
1001.875800
1056.738000
1084.778200
1006.783300
993.439700
1074.957400
1004.840000
1098.547200
1071.991400
1083.895500
1075.296400
1062.284400
961.164800
1152.064400
1092.628100
902.597600
909.683200
916.331800
929.056400
1163.813100
1031.535500
1075.153500
953.306200
1095.636800
1003.702800
1011.607700
1107.236700
1094.978500
1000.438300
1038.301600
976.427400
1141.684600
1125.131500
1029.939100
1038.866000
1044.303900
1082.005300
976.151900
1087.357200
986.587500
981.638700
1063.769300
1119.759700
1091.320400
1089.102600
1032.626700
1047.269100
1054.762400
985.068900
981.797400
1045.187800
1036.773700
921.544000
964.177100
1120.215800
956.202800
1122.728900
1056.096300
1050.068500
992.171100
1056.170700
1097.326800
972.315200
1137.584600
1108.468600
1067.648200
1081.684500
1081.422900
973.112900
988.975300
1080.501300
1106.996800
942.228500
1069.244600
900.984900
1078.367400
1112.205200
1103.501900
1088.229800
1027.633900
989.398500
1018.766400
1014.727900
1110.223500
1109.049200
1139.610000
1099.696800
1072.725800
886.370600
961.217700
1082.193700
1120.201600
1079.118700
1024.126500
1064.075800
1025.216100
1078.256100
1053.712300
1082.155600
1075.825600
1080.862900
1022.418700
979.893600
980.196600
1026.546600
962.548900
918.322500
947.777700
1020.201400
1018.872600
917.359200
977.056800
1047.657200
944.711500
979.754900
991.467200
933.613600
1113.045100
1099.067400
1047.780000
1079.087900
1082.355600
923.076500
1046.211300
1079.297000
1105.855600
1080.625100
994.076100
1046.183200
992.324000
927.396300
1051.802900
1026.282800
1057.013800
1105.087100
962.128000
946.911700
972.802400
884.662000
1016.404000
997.640400
1042.127000
1001.666700
944.139300
980.024600
944.146300
990.347000
1101.638500
1095.287700
959.272200
1028.113900
1046.757400
1086.688300
1061.789800
1041.693400
1060.463300
1037.582000
961.633900
969.963100
969.269000
941.076900
959.036100
1101.030600
1097.452100
1107.388900
1022.269000
918.679600
927.454500
1008.137100
1093.196900
1055.302200
983.848400
1018.108200
1044.062400
1056.989200
956.805200
1040.001500
1065.505800
1032.892000
1057.340800
1026.296600
937.208900
935.560200
1058.674900
1013.951300
1065.448700
991.215700
994.075700
993.271400
1056.328400
998.775000
1024.365100
1043.026100
1070.514000
1106.346100
955.244700
1037.238000
1099.469400
989.221000
1035.135400
933.785100
977.838000
1030.570400
889.513000
1085.907000
970.451100
857.187200
1002.219900
987.624800
1106.145300
953.109500
1031.851200
1014.033500
1017.720600
1036.233000
1141.415900
1049.806500
1052.719700
1035.724800
910.161500
919.363100
873.738600
915.303200
930.897800
1041.505500
1031.780700
991.225600
1061.863700
1021.517100
1101.384600
1004.424300
980.031600
993.198100
921.691300
1013.897500
851.163100
1058.597500
1027.912600
1022.581600
1093.065200
1080.996700
1002.825600
994.374300
1021.950400
