70.714700
73.933500
73.523900
89.285300
86.255900
89.150000
78.309200
85.700600
84.719600
79.923400
81.395500
81.554900
75.660900
77.914900
87.243400
79.588800
80.376400
78.645700
77.116600
76.944600
75.276700
75.000100
75.099400
77.523500
77.601200
78.231500
79.678800
78.647900
82.264400
81.589900
79.240700
80.166400
72.323100
77.678400
79.254300
80.975100
85.046800
81.365600
82.264500
82.044100
82.458500
73.952300
74.107600
87.826400
82.517600
80.211200
75.753700
75.877700
79.088300
81.140900
76.066800
74.802700
77.661500
76.543600
74.037700
81.075900
74.124600
76.691800
76.584600
73.845400
71.958300
68.772000
73.954000
74.019400
75.439500
71.941500
78.814000
69.760700
79.333500
74.821500
71.090700
71.727000
82.347900
76.434000
75.316600
70.824100
76.186000
80.971700
78.667100
97.714000
78.768600
80.013800
85.082000
74.724600
71.285200
74.833300
72.856900
70.806200
70.887000
67.989600
70.550000
72.989900
74.772800
75.544900
75.840800
80.340100
78.225400
71.369000
74.809300
75.940000
76.260400
81.007100
75.934300
69.664300
76.972800
82.484000
83.847300
78.413500
74.621600
73.223500
75.387200
71.111500
74.875100
80.836300
71.367500
77.959100
74.206600
77.290800
76.795100
71.202800
74.780800
74.962500
80.954600
81.192100
70.156800
76.189300
76.897800
77.476800
80.638100
74.914100
79.211900
79.201000
73.988700
75.086400
77.927600
77.932800
76.441900
73.010200
71.486500
73.315200
75.759700
75.936600
80.099200
73.528200
70.596700
72.162700
77.079500
79.020500
77.471200
73.421800
76.403100
69.919600
71.962000
81.044300
67.350000
79.272900
81.559000
74.723000
68.460800
71.215300
69.884200
80.831600
68.513000
70.012100
73.521700
77.842000
62.361100
72.461400
69.071400
74.188300
74.060700
83.366200
78.919000
78.356400
77.982500
78.196400
73.184600
78.698700
81.431200
79.939100
75.429600
77.256700
83.073600
73.155000
78.846800
75.034600
79.266400
72.985100
75.666500
79.724200
82.107000
71.203300
78.961100
79.601900
76.981100
72.087600
74.245600
77.746800
65.831100
77.415900
77.937800
75.755100
77.074600
79.892700
79.915300
80.021900
75.699800
80.098700
77.163600
72.846200
76.536400
68.993200
72.813900
75.020300
74.965700
81.010900
81.749900
84.741500
82.639900
77.551700
76.266000
76.800200
78.148500
84.577000
82.094300
74.627100
84.281800
76.489300
85.283900
80.505800
78.451800
75.629900
79.395900
77.727100
74.536500
76.669700
75.960800
95.234100
87.033500
78.118200
81.317100
81.412900
80.158100
87.608200
76.995100
76.602100
80.896700
78.881800
76.993500
78.876200
79.755400
84.751700
79.511700
73.179300
77.633900
78.833500
79.225100
76.959100
77.190400
79.397400
78.977600
80.192200
79.712800
81.644900
82.982300
71.710400
78.189100
83.962600
74.215200
80.529700
80.187400
83.068500
67.174500
77.722600
75.069700
79.837000
82.363100
86.378000
78.382500
71.272400
77.261800
81.260600
80.220100
85.843000
79.037800
78.924600
104.228900
77.715500
76.944000
79.053000
77.132600
79.323400
79.861600
77.960400
86.659800
83.562200
81.710200
79.886600
84.698100
80.498900
79.002600
77.965000
79.252800
81.930200
75.839500
75.740300
78.264500
79.217100
82.330400
82.603400
79.836400
83.565800
80.991100
92.064500
77.933800
74.570500
80.789700
77.649200
79.083500
67.740300
83.597300
74.374100
80.507000
77.833400
83.568400
83.107100
74.649500
76.234400
79.471500
81.313400
79.382200
80.089400
81.711600
73.677500
77.865200
81.845700
82.483600
78.853500
79.667400
77.600200
78.785000
77.869700
84.317700
80.280200
83.398200
77.888200
71.337700
76.163300
83.259000
84.441000
77.187200
72.268100
77.134000
76.272000
79.112700
78.485700
76.770800
79.839600
74.640300
70.365300
75.400500
83.584200
84.172000
78.523200
79.131600
79.212600
82.363300
74.781100
82.769400
76.102900
83.762600
73.031400
78.022500
81.140100
84.451600
80.964900
73.955300
88.641300
79.198700
86.230300
79.649500
88.178100
72.747000
83.763300
82.547200
86.592300
86.575000
85.971300
81.681100
69.832100
80.942800
74.349100
78.526700
74.472000
83.714400
77.243200
82.773600
85.489700
77.778900
65.565800
76.421000
76.572900
80.192700
83.849400
86.727700
79.730700
78.298200
84.438000
81.367300
83.038400
82.195000
84.432300
83.735300
79.368900
87.687800
87.400500
78.526200
81.468300
79.147600
73.728000
75.354100
82.971600
82.393000
73.610500
77.903200
72.163000
83.610500
80.594700
79.755500
73.241000
80.411400
74.770200
78.010600
80.378000
80.338700
79.418700
78.251700
79.767300
83.807800
85.562400
74.103900
78.344000
84.063100
75.819800
82.427000
77.014400
82.076400
75.305600
79.024000
69.710100
76.844500
87.288900
79.724100
79.293600
80.560200
82.170700
85.885600
74.697700
87.736000
82.447600
80.189200
79.470400
74.913000
75.316300
76.410700
82.181900
81.447200
79.371400
74.576000
74.241900
82.851500
83.399700
80.497700
78.034000
70.191100
72.916400
83.103400
81.391300
77.744500
81.031500
82.353500
78.247100
78.246200
76.741300
83.231300
78.393000
73.495700
76.657000
75.710200
78.336100
81.445400
79.625000
67.762900
80.266900
84.740900
80.034300
76.603900
76.238500
84.504700
70.703200
