1378.130100
1540.085400
1449.615400
1342.105900
1429.684900
1455.282000
1446.754300
1494.624100
1393.771700
1381.163700
1295.209100
1411.835300
1424.451300
1443.507800
1475.365900
1510.029200
1453.910000
1434.515300
1413.440700
1485.085500
1417.429700
1386.922500
1515.159000
1400.015000
1375.241900
1509.898800
1419.477200
1590.282000
1459.693000
1425.465000
1415.523000
1417.850100
1503.778900
1538.300600
1545.645900
1510.402800
1455.124900
1445.333500
1572.847900
1490.270900
1445.335500
1340.838700
1538.749400
1632.983700
1578.078700
1446.495900
1466.856700
1381.026000
1410.550400
1455.603000
1380.184800
1433.406000
1465.415600
1471.080300
1449.276400
1529.715600
1468.038800
1491.900500
1570.419200
1605.906900
1462.889900
1541.908000
1529.148200
1487.919200
1369.939200
1596.979700
1412.340800
1463.807300
1566.316600
1470.439300
1298.609000
1414.185800
1482.140700
1480.873100
1561.561900
1444.788000
1366.436400
1449.841400
1599.709200
1433.065500
1491.844200
1493.131600
1548.306500
1528.890400
1627.390600
1502.781100
1518.225900
1563.607600
1598.269000
1449.323500
1576.842600
1507.662100
1553.581000
1418.125300
1513.763100
1533.264100
1518.738200
1365.392600
1407.135800
1356.281800
1450.112600
1358.809000
1287.135800
1414.658000
1507.109500
1349.243800
1418.188100
1350.820000
1419.544600
1538.805600
1394.751000
1441.887400
1551.460600
1579.306300
1547.351300
1560.228000
1561.988100
1537.534400
1548.311600
1451.342500
1594.259800
1510.961200
1524.584300
1557.371500
1470.395100
1552.729400
1605.547100
1421.271400
1454.576700
1467.818300
1384.565100
1426.449700
1576.248800
1464.023200
1491.926100
1491.478600
1536.107500
1478.247200
1418.430400
1454.780000
1400.549700
1514.675300
1372.724900
1347.240900
1522.879200
1437.534200
1529.877700
1442.021400
1298.140900
1409.865900
1500.579100
1360.013800
1500.768000
1502.063100
1464.500800
1475.988100
1371.736500
1360.028200
1584.965400
1395.240000
1363.937600
1409.197900
1464.075400
1506.910400
1419.828500
1520.664800
1546.619200
1459.807000
1528.965500
1496.158100
1505.575700
1558.075800
1505.955600
1459.765400
1470.894200
1417.072100
1476.854400
1425.196100
1444.034700
1524.804800
1449.653200
1433.050600
1435.277100
1447.173800
1347.427800
1465.075500
1465.502100
1484.224700
1328.568900
1451.929100
1444.714300
1278.674100
1429.550800
1439.907600
1389.042600
1327.374400
1257.352800
1419.696500
1280.923700
1305.902300
1239.103900
1316.133200
1499.527200
1487.921800
1252.881900
1462.294000
1302.520600
1323.377000
1486.358700
1329.441400
1440.040400
1274.857100
1444.048300
1432.123900
1496.610900
1430.577300
1491.018600
1289.874600
1495.599900
1507.266900
1399.062500
1375.487800
1332.494300
1458.891600
1532.344400
1396.103100
1426.072800
1469.062700
1421.313100
1514.999000
1538.240800
1435.792600
1475.975200
1362.209100
1387.204800
1317.709700
1413.329300
1546.926300
1454.543500
1435.312600
1394.068500
1471.849700
1512.100600
1513.623800
1309.320900
1437.208400
1373.986000
1378.389000
1273.304200
1253.373800
1485.178400
1361.701100
1372.949600
1345.344200
1551.669400
1556.056400
1528.550300
1356.126200
1370.065000
1423.213400
1492.423400
1373.141000
1516.071100
1371.790800
1326.853600
1554.469500
1499.473900
1471.067400
1460.893200
1465.639100
1511.656800
1512.233600
1520.469700
1432.674700
1407.463800
1524.198700
1409.227500
1329.964000
1421.825200
1364.185600
1436.979800
1475.466600
1418.047200
1369.011300
1463.117400
1361.095100
1497.607500
1415.446700
1434.570500
1412.908200
1563.608100
1534.983300
1381.641300
1421.082400
1435.684500
1480.600600
1548.444600
1423.763500
1586.745600
1557.882300
1408.755200
1486.538500
1376.806500
1475.871900
1507.782200
1376.045000
1457.572400
1606.944900
1361.581800
1513.579800
1572.675700
1353.576600
1503.832500
1390.705000
1444.497700
1431.616600
1507.825100
1442.633000
1342.871300
1312.261900
1464.042400
1404.698300
1418.008700
1330.824200
1451.678600
1334.580900
1347.238100
1464.328700
1362.861800
1389.017800
1306.206300
1383.114600
1390.574200
1483.033700
1511.174100
1305.352700
1493.186100
1515.869800
1495.080600
1313.965000
1290.992300
1380.079000
1313.506600
1423.097200
1424.749800
1436.875600
1170.447300
1310.482400
1436.148600
1426.971400
1423.921900
1338.169400
1425.647000
1414.138300
1284.828600
1460.642500
1446.956600
1457.715500
1374.351500
1380.435700
1466.593200
1429.614300
1377.646400
1460.423600
1474.587200
1385.966200
1376.083400
1496.020500
1569.810600
1530.129000
1465.839300
1527.587200
1476.257100
1499.326200
1472.119600
1476.763300
1443.460700
1414.762200
1422.313900
1435.831000
1303.579900
1512.849400
1266.344600
1478.419500
1363.816100
1377.131200
1478.371600
1450.002000
1402.674300
1395.891500
1338.001200
1402.945800
1495.594500
1332.382400
1583.509000
1325.618100
1497.185700
1496.952800
1396.137900
1352.167200
1347.934500
1542.401600
1549.716500
1293.331900
1448.880600
1512.523100
1432.642800
1361.696100
1367.722500
1423.739000
1410.541600
1329.152000
1411.295700
1480.756500
1351.299500
1522.339500
1412.145600
1403.286400
1438.175000
1488.363400
1371.466100
1392.119300
1436.483200
1361.715300
1427.496700
1402.686000
1508.282000
1394.370400
1321.571500
1416.443700
1431.734100
1498.727900
1474.555200
1403.758100
1414.976300
1359.563400
1469.049900
1569.128400
1479.834200
1565.867500
1411.299200
1456.484300
1351.558400
1373.265500
1449.758000
1379.536700
1386.679000
1514.520500
1334.484600
1507.924600
1488.929800
1547.732300
1517.221100
1347.117300
1484.640100
1383.927600
1366.642900
1368.546700
1386.222700
1463.812500
1412.289900
1456.478700
1452.042700
1237.298100
1234.005400
1550.127900
1501.057300
1402.830300
1345.178500
1548.686900
1459.824100
1376.797800
1351.919800
1333.506600
1527.556800
1354.562200
1560.583400
1552.130200
1484.425600
1425.044400
1336.710100
1488.245400
1228.470400
1466.198100
1367.809900
1339.428700
1448.591300
1384.287700
1445.005000
1387.085100
1421.369000
1541.947800
1463.777200
1464.740400
1385.748400
1438.188100
1456.883000
1437.392600
1343.728700
1407.595400
