-6.559513,-0.986417,-14.902962
-6.705655,-1.425632,-14.884323
-6.732158,-1.824578,-14.916817
-6.706564,-1.475217,-14.706105
-6.665291,-1.394608,-14.514388
-6.686111,-1.477778,-14.544686
-6.616774,-1.523944,-15.320999
-6.764303,-1.141180,-15.310344
-6.697775,-0.921357,-15.475997
-6.249300,-1.011968,-15.169678
-6.212740,-0.982962,-14.647925
-6.634259,-1.295416,-14.808432
-6.801797,-1.644889,-14.517800
-6.911414,-1.543665,-14.411063
-6.937966,-1.436518,-14.826521
-6.807108,-1.419437,-14.884523
-6.809031,-1.369835,-14.971309
-6.447707,-1.477270,-15.306529
-6.341230,-1.371227,-15.465082
-6.439101,-1.387968,-15.703916
-6.720334,-1.357908,-15.518275
-6.691894,-1.440780,-15.603914
-6.818717,-1.560072,-15.466292
-6.898822,-1.831145,-15.589597
-6.903045,-1.766708,-15.406801
-6.806063,-1.561888,-15.099836
-6.441851,-0.884862,-14.671032
-6.536839,-1.217751,-14.826343
-6.264761,-0.669207,-15.079110
-6.443326,-0.976859,-15.209021
-6.074935,-0.956219,-14.676327
-6.358604,-1.004138,-15.081758
-6.372162,-0.927477,-14.931331
-6.471787,-0.835634,-14.560100
-6.528059,-1.097153,-14.630993
-6.468076,-1.043678,-14.598779
-6.357509,-1.258549,-14.612378
-6.409520,-0.187722,-15.065121
-6.587697,-0.440188,-15.024133
-6.458085,-0.959568,-15.061229
-6.466772,-2.000916,-15.414994
-6.714325,-1.351992,-14.770638
-6.726515,-2.015245,-14.714181
-6.874007,-2.016601,-14.598587
-6.353333,-1.488283,-14.725534
-6.373168,-1.737212,-14.979250
-6.204020,-1.890303,-15.014469
-6.443481,-1.908192,-15.091187
-6.668890,-1.665620,-14.815088
-6.871109,-1.660365,-15.111021
-6.666561,-1.319490,-14.950777
-6.477103,-1.253738,-14.949310
-6.781715,-1.384265,-15.317758
-7.136002,-1.233245,-15.579949
-6.972489,-0.921677,-15.547216
-6.847605,-1.254956,-15.441656
-6.910858,-1.510113,-15.454865
-6.900164,-1.732770,-15.441546
-6.810057,-1.678570,-14.988772
-6.627714,-1.427500,-14.521088
-6.571799,-1.005608,-14.939696
-7.021019,-1.700068,-15.014816
-6.798427,-1.692373,-14.644613
-6.894179,-2.063680,-14.159981
-6.967059,-1.633261,-15.090845
-7.152236,-1.781759,-15.831664
-7.049736,-1.921114,-15.770488
-6.866807,-1.954679,-15.931431
-7.349663,-1.668195,-15.476950
-7.186071,-2.219685,-15.234360
-6.780799,-2.563027,-15.346582
-7.094146,-1.886983,-15.146810
-6.985299,-1.646235,-15.102507
-6.828114,-1.501268,-14.996861
-6.446469,-1.034086,-14.910816
-6.521003,-0.999001,-14.986094
-6.587168,-1.009930,-15.459315
-6.490026,-0.588946,-15.146258
-6.546673,-0.452765,-15.243862
-5.979587,-0.465350,-15.001781
-6.511597,-0.433537,-15.687469
-7.048409,-0.162346,-15.631107
-6.631269,-0.639703,-15.571343
-6.525620,-0.872660,-15.447139
-6.656460,-1.230714,-15.521667
-6.660989,-1.039398,-15.332833
-7.193718,-1.069400,-15.494495
-6.597140,-0.566729,-15.272523
-6.474909,-0.788261,-15.345437
-6.193752,-0.657175,-14.972971
-6.063389,-0.541575,-14.799232
-6.519342,-1.233427,-14.922880
-6.881614,-1.288015,-14.857512
-6.342031,-1.405752,-14.877397
-6.052934,-1.594405,-15.111150
-6.367509,-1.475257,-14.895490
-6.066301,-1.807361,-14.814228
-5.636395,-1.802335,-14.567205
-5.335691,-1.504189,-14.427893
-5.981097,-1.720169,-14.440207
-7.044626,-2.107868,-14.987045
-7.104024,-2.311044,-14.501741
-7.067063,-1.866946,-15.297800
-7.187886,-1.231597,-15.955462
-7.159674,-1.485237,-15.911283
-6.972110,-1.403703,-15.618540
-6.428228,-0.897399,-15.063465
-6.192695,-0.599611,-14.845320
-6.222427,-0.610429,-15.030542
-6.404980,-0.598370,-15.147918
-6.286708,-0.454231,-15.237161
-6.519917,-0.566222,-15.296071
-6.497811,-0.352059,-15.275402
-6.539690,-0.438354,-15.283373
-6.714251,-0.654763,-15.410323
-7.375816,-1.812821,-15.474287
-7.305695,-1.882002,-15.498509
-6.563968,-1.240929,-15.418405
-6.010679,-1.359633,-15.087840
-6.040428,-1.307779,-15.091567
-6.256590,-1.040162,-15.018603
-6.469999,-0.995451,-14.978363
-6.336005,-0.654666,-15.091947
-6.513844,-0.853353,-15.046127
-6.510706,-0.896983,-15.149610
-6.699339,-0.994725,-15.278951
-6.600364,-0.858328,-15.035334
-6.394727,-1.094351,-14.830953
-6.565188,-1.149104,-14.733392
-6.595383,-1.433491,-15.085370
-6.418745,-1.493916,-15.021606
-5.969475,-1.253626,-14.562217
-5.730748,-1.293807,-14.271178
-5.958769,-1.162721,-14.314286
-6.278497,-1.671716,-14.838560
-6.389364,-2.005186,-15.009331
-7.280040,-1.696886,-15.201133
-7.315655,-1.781864,-15.496237
-7.381898,-1.866009,-15.721622
-7.132075,-2.228488,-15.708486
-7.053765,-2.380046,-15.327030
-7.044093,-2.768070,-15.563887
-6.341392,-2.246031,-15.412630
-6.411145,-1.945395,-15.309509
-6.055851,-1.646692,-15.242653
-6.304533,-1.515666,-14.961855
-6.281433,-1.407401,-14.842416
-6.428273,-1.454608,-14.781030
-6.357726,-1.284853,-14.693162
-6.534416,-1.144254,-14.960526
-6.865421,-0.933636,-15.222271
-6.817333,-0.886603,-15.175560
-6.081419,-1.226790,-14.847511
-5.753383,-1.025950,-14.661237
-5.815793,-1.181736,-14.472752
-5.891967,-1.248369,-14.482639
-5.991510,-1.100592,-14.584929
-6.089619,-1.323689,-14.246218
-5.812266,-0.746878,-14.729671
-5.671329,-0.409947,-15.041636
-5.673760,-0.050211,-15.366961
-5.764860,0.100421,-15.494535
-5.744774,0.124079,-15.493694
-5.760090,-0.187116,-15.145495
-5.662219,-0.644264,-14.703680
-5.843941,-0.844280,-14.527528
-5.874060,-0.833789,-15.058496
-6.012434,-0.880988,-15.144252
-5.839340,-0.641134,-15.139791
-5.926330,-0.943164,-15.182364
-6.262807,-1.260858,-15.317684
-6.513104,-1.702188,-15.676720
-6.538936,-1.895875,-15.603187
-7.129661,-1.584992,-15.457588
-7.669780,-1.217736,-15.749308
-7.452367,-1.354949,-15.064458
-7.428525,-1.268712,-15.035878
-7.352500,-1.100614,-14.945650
-6.571394,-1.773789,-14.780270
-6.500966,-1.812478,-14.681123
-5.834431,-1.699987,-14.494219
-5.730581,-1.491508,-14.553050
-5.592397,-1.593351,-15.208376
-5.811300,-1.657056,-15.337718
-6.027073,-1.576663,-15.519940
-6.226174,-2.150426,-15.351911
-6.369445,-2.290788,-15.275784
-6.408755,-2.012292,-15.069371
-6.321864,-1.688157,-15.079999
-6.037857,-1.537438,-15.280405
-6.174488,-1.905778,-15.036571
-6.450874,-2.425232,-14.979231
-6.786303,-2.388913,-15.569437
-6.748986,-1.896108,-15.818461
-6.703248,-1.587524,-15.127954
-6.681982,-1.606520,-14.988622
-6.907003,-1.442175,-15.281265
-6.798189,-1.454317,-15.035970
-6.890600,-1.468939,-15.229944
-6.576547,-1.426057,-15.690059
-6.128095,-1.498700,-15.710179
-6.368699,-1.816607,-15.391800
-6.010927,-2.019677,-15.330829
-6.230505,-1.859820,-15.076255
-6.466187,-1.799748,-15.572882
-6.827723,-1.773484,-15.800066
-6.559849,-1.607849,-15.982218
-6.389787,-1.737794,-15.601555
-6.457922,-2.263551,-15.121894
-6.258883,-2.117606,-15.498786
-6.928586,-2.489838,-15.534784
-6.602100,-2.698220,-15.494764
-6.122324,-3.110755,-15.411876
-6.467635,-3.159721,-15.403579
-6.578855,-3.207043,-15.624027
-7.000820,-2.991480,-16.177481
-6.780296,-2.865942,-16.246313
-6.676872,-2.321820,-15.824795
-6.616218,-1.454327,-15.675033
-6.589562,-1.628124,-15.615968
-6.641254,-2.205360,-15.410245
-6.509591,-2.278492,-15.252522
-6.492949,-2.187795,-14.983460
-6.460235,-2.072753,-14.791208
-5.629852,-1.376186,-14.814518
-5.459531,-1.341034,-14.997791
-6.133723,-1.930781,-14.757235
-5.891089,-1.400440,-14.906318
-5.806705,-1.062318,-14.968267
-5.686592,-1.203466,-14.806236
-5.893205,-1.315270,-14.977172
-5.224222,-1.236780,-15.222783
-6.146619,-1.326643,-15.170740
-5.837565,-1.582201,-15.021293
-5.989614,-1.426083,-14.762002
-6.128056,-1.696205,-14.786986
-6.244583,-1.835054,-14.885103
-5.795401,-1.538932,-14.949931
-5.216043,-0.960662,-15.129688
-5.075882,-0.712222,-15.050800
-4.558664,-0.382688,-15.471628
-4.632659,-0.217610,-15.223154
-5.625485,-0.086359,-14.960338
-4.665810,-0.009488,-14.357976
-5.698190,-0.480074,-14.994552
-5.897166,-0.604743,-15.355357
-5.766519,-0.836623,-15.365222
-5.599598,-0.943103,-14.883041
-5.103810,-0.852586,-14.504431
-5.397215,-1.148715,-14.688252
-5.499884,-1.119858,-14.755155
-5.670692,-1.097474,-14.882296
-5.179044,-1.030781,-14.970572
-4.805926,-0.883358,-15.028044
-4.938334,-0.777660,-15.126535
-5.142430,-0.640669,-15.159231
-5.454358,-1.273862,-14.938270
-5.729087,-1.197704,-15.024146
-5.747917,-1.426504,-15.020911
-5.795961,-1.189291,-14.952008
-6.098607,-0.862109,-15.382398
-5.942856,-0.799277,-15.500953
-5.888762,-0.887202,-15.442362
-5.653997,-0.976702,-15.039175
-5.687480,-1.003080,-15.213239
-5.421850,-0.866992,-14.833403
-5.315546,-0.381422,-15.467385
-5.211135,-0.529329,-15.530762
-5.314798,-0.892636,-15.623487
-5.309331,-1.101424,-15.323139
-5.200130,-1.109744,-15.111438
-5.738522,-0.758723,-14.937303
-5.933516,-0.910510,-15.009527
-5.912333,-1.001692,-15.067340
-5.533482,-1.763482,-15.093118
-5.470097,-1.586492,-15.010993
-5.401777,-1.547339,-15.093341
-5.949697,-1.619166,-15.271773
-6.045814,-2.129502,-15.413609
-6.458470,-1.428454,-15.824159
-6.622058,-1.242979,-15.942564
-6.043162,-1.663094,-15.396183
-5.845428,-1.600806,-15.322471
-5.206345,-1.367046,-14.956091
-5.190771,-1.370548,-14.842311
-5.367489,-1.336302,-15.364018
-5.534921,-0.717837,-15.484320
-5.514917,-0.246446,-15.463453
-5.523618,-0.010584,-15.392759
-5.337813,0.010364,-15.156417
-5.451454,-0.137576,-15.113229
-5.179073,-0.695936,-15.006214
-5.088514,-1.019909,-15.170865
-5.254853,-1.418558,-15.171073
-5.331888,-1.617070,-15.016306
-5.767073,-1.771649,-15.337324
-6.083642,-2.067804,-15.441331
-5.337515,-1.749192,-14.843656
-5.293726,-1.679423,-14.688384
-5.379186,-2.025761,-14.745229
-5.393287,-1.741255,-14.784340
-5.776743,-1.732974,-14.984355
-5.553554,-1.858474,-14.700740
-5.533931,-1.594590,-14.584151
-5.208100,-2.336889,-15.369061
-5.533321,-2.434773,-15.384238
-5.734580,-2.241828,-15.309635
-5.388543,-2.452071,-14.887078
-5.400401,-2.280974,-14.886963
-5.449596,-2.081919,-15.029710
-5.767824,-1.769959,-15.168600
-5.741765,-1.363799,-15.319513
-5.927402,-1.242477,-15.311830
-5.666239,-1.433824,-15.342485
-5.628821,-1.213076,-15.343325
-5.645590,-1.525085,-15.005654
-5.366318,-1.610558,-14.740001
-5.233247,-1.328584,-14.677467
-5.204799,-1.241439,-14.728004
-4.916247,-1.139502,-14.866641
-5.247144,-1.580080,-15.228033
-5.597631,-1.967186,-15.537561
-5.677130,-2.210712,-15.534428
-5.649904,-2.134013,-15.717200
-5.757856,-2.184088,-15.111623
-5.511657,-2.217542,-15.003468
-5.069569,-2.095416,-14.739120
-5.167112,-2.248421,-15.300948
-5.523956,-2.370722,-15.861854
-5.173034,-2.183242,-15.679775
-5.215256,-1.851489,-15.375646
-5.193707,-1.646637,-14.930075
-5.149628,-1.643213,-14.765126
-5.042750,-0.976938,-14.867556
-5.076865,-1.007299,-14.968431
-4.908868,-1.087878,-15.239983
-4.825698,-1.472371,-15.624009
-4.892017,-1.326656,-15.851571
-5.558530,-1.491180,-15.374551
-5.350810,-1.196336,-15.396518
-5.370551,-1.164239,-15.435246
-5.213070,-0.828385,-15.301445
-5.081770,-0.860765,-15.135351
-4.539859,-1.092558,-15.096742
-4.534281,-1.400346,-15.174078
-4.231354,-0.727171,-15.127328
-4.176707,-0.047927,-15.068444
-3.885906,0.291256,-14.782495
-4.275667,-0.149190,-15.060221
-4.325576,-0.193728,-14.902339
-4.476119,-0.384150,-14.922991
-4.432719,-0.703042,-15.196843
-4.709588,-1.117654,-14.977793
-4.775187,-1.298913,-15.103507
-4.819403,-1.444317,-14.967814
-4.844430,-1.513684,-15.210002
-4.740816,-1.736750,-15.334650
-4.318518,-1.495479,-14.829760
-4.309395,-1.763224,-14.762685
-4.314928,-2.011159,-14.869306
-4.574218,-1.315736,-14.934439
-4.747482,-0.981951,-15.169721
-4.321893,-0.909124,-14.962531
-4.406497,-0.933401,-15.093086
-4.404279,-0.914120,-15.197475
-4.257066,-1.017143,-15.180224
-4.384680,-0.719165,-15.267952
-4.304135,-0.770593,-15.007604
-4.582673,-0.814190,-14.920300
-4.404549,-0.646873,-14.917158
-4.253526,-0.754865,-15.136618
-4.251370,-0.798005,-15.258243
-4.402715,-1.042016,-15.032697
-4.302526,-0.724392,-14.969324
-4.352615,-0.458293,-15.034977
-4.412023,-0.857652,-14.970588
-4.275249,-0.911429,-14.922137
-4.117224,-0.827937,-15.098888
-3.995447,-0.873448,-14.929949
-4.131238,-0.730291,-15.041047
-4.171480,-0.666771,-15.116158
-4.568832,-0.853196,-15.154058
-4.899762,-1.273748,-15.035789
-4.869925,-1.853474,-15.260448
-4.801677,-2.150075,-15.565871
-4.648130,-1.818831,-15.417619
-4.392029,-1.488224,-15.121287
-4.368196,-1.236195,-14.975469
-4.493516,-0.986257,-15.156017
-4.552020,-1.148103,-15.258617
-4.894851,-0.178956,-14.975083
-5.141368,-0.552373,-15.416430
-4.984473,-0.757021,-15.277279
-4.754034,-1.123436,-15.204572
-4.464942,-1.347665,-15.227780
-4.826990,-1.534709,-15.253980
-5.363028,-1.221630,-15.260577
-5.004871,-1.113744,-15.245542
-4.364884,-1.280873,-15.041305
-4.562764,-1.301471,-15.062210
-4.063217,-1.260773,-15.042539
-4.087910,-1.318605,-15.256696
-4.539044,-1.581506,-15.482444
-4.454615,-1.674441,-15.630346
-4.597608,-1.841120,-15.826167
-3.995592,-1.387756,-15.757485
-3.796322,-1.171088,-15.651567
-3.873609,-1.038941,-15.167821
-3.478029,-0.630692,-15.062333
-3.472381,-0.539693,-15.135539
-3.693318,-0.795816,-15.468774
-4.195838,-1.602286,-15.690080
-4.354487,-1.982657,-15.673892
-4.202577,-1.882749,-15.333163
-4.406564,-1.449482,-15.033050
-3.850555,-1.644035,-15.066091
-3.634321,-1.374397,-14.874627
-3.857112,-1.520091,-14.986310
-4.033392,-1.256986,-14.857728
-4.219774,-1.496962,-14.981074
-3.825168,-1.056157,-15.527081
-4.042661,-1.423168,-15.828561
-4.199223,-1.455708,-15.790477
-4.196237,-1.789440,-15.605977
-3.933480,-2.020877,-15.474540
-4.250893,-2.117990,-15.103254
-4.027685,-1.896412,-15.049905
-3.959567,-1.610702,-14.820372
-3.881268,-1.187965,-15.011813
-4.050940,-1.012143,-15.251646
-3.363442,-0.539513,-15.119824
-2.816044,-0.260244,-15.074202
-2.812782,-0.046616,-15.488651
-3.442125,-0.820448,-15.485235
-3.392041,-1.282285,-15.570789
-3.425964,-1.699005,-15.579982
-3.650917,-1.827334,-15.604501
-3.793960,-2.000429,-15.779690
-3.898790,-2.150123,-15.915656
-3.909418,-1.822720,-15.517213
-3.855709,-1.821884,-15.428823
-3.537309,-1.824146,-15.250153
-3.394457,-1.618173,-15.129444
-3.611299,-1.454269,-15.165608
-3.451389,-1.517600,-15.088458
-2.973091,-1.562215,-14.956473
-2.957858,-1.194097,-15.336546
-3.667128,-0.849653,-15.560202
-3.609720,-1.032900,-15.815884
-3.553832,-0.984784,-15.894878
-3.459544,-0.715119,-15.839959
-3.523461,-0.696678,-15.593986
-3.764512,-0.154556,-15.487006
-3.802541,-0.113341,-15.473017
-3.670547,-0.504567,-15.536894
-3.704751,-0.656828,-15.905467
-3.796197,-1.211339,-15.938683
-3.966774,-0.884528,-15.971253
-4.310429,-0.295589,-15.819522
-4.145772,0.343989,-15.311136
-3.822828,0.150527,-15.176478
-3.382404,-0.073372,-15.393932
-2.890800,-0.167091,-15.373064
-3.395598,0.017016,-15.634761
-3.470535,-0.186559,-15.492337
-2.919200,-0.517943,-15.165326
-2.626957,-1.061583,-15.045859
-2.806617,-1.048031,-14.756697
-3.102728,-1.393043,-14.755239
-3.433330,-1.764411,-14.964537
-3.068558,-1.806288,-14.959971
-2.902061,-1.313449,-14.988579
-3.029212,-1.403430,-14.896809
-2.891695,-1.483578,-15.045389
-2.790011,-1.490761,-14.990338
-2.827863,-1.263491,-15.119338
-2.930504,-0.990114,-15.200957
-3.129182,-0.967146,-15.201839
-3.022731,-0.967509,-15.532818
-3.212678,-1.083156,-15.446079
-2.950480,-1.227548,-14.890739
-2.761291,-1.360540,-14.992435
-2.839435,-1.258808,-15.352075
-3.091305,-1.127582,-15.556593
-3.039381,-0.973771,-15.509354
-3.335785,-0.791005,-15.870594
-3.434051,-0.645995,-15.745658
-3.189210,-0.765039,-15.398856
-3.346065,-0.753261,-15.879279
-3.237455,-1.043943,-15.650682
-3.190536,-1.518452,-15.443342
-3.362877,-1.774717,-15.660769
-3.160613,-1.691639,-15.027845
-3.341551,-1.447948,-15.508951
-3.479505,-1.328677,-15.723989
-3.574107,-1.318345,-15.682017
-3.490558,-1.600072,-15.856997
-3.108458,-1.794893,-16.019594
-2.960382,-1.538872,-15.627481
-2.833421,-1.608001,-15.436137
-2.671312,-1.549628,-15.405494
-2.713030,-1.167000,-15.622181
-2.636874,-1.176933,-15.417119
-2.889210,-0.786079,-15.641572
-2.854558,-0.645892,-15.594836
-2.557458,-0.835661,-15.676682
-2.541534,-0.551550,-15.644779
-2.395721,-0.484787,-15.585583
-2.517173,-0.426650,-15.659958
-2.637032,-0.483840,-15.653408
-2.530304,-0.393818,-16.071857
-2.636959,-0.314013,-15.851889
-2.634622,-0.739358,-15.366973
-2.771918,-0.621385,-15.305246
-2.244473,-0.973382,-15.615785
-2.265380,-0.787773,-15.603644
-2.344776,-0.669994,-15.548601
-2.259059,-0.275612,-15.539773
-2.245375,-0.663671,-15.320382
-2.059483,-1.146017,-15.283288
-2.070131,-1.436381,-15.282624
-1.819748,-1.508537,-15.137495
-1.671383,-1.743180,-15.177776
-1.423566,-0.983876,-15.138559
-1.708516,-1.099434,-14.838763
-2.131974,-1.280242,-15.136295
-1.726832,-1.263631,-15.553707
-1.844357,-0.710496,-15.276536
-1.335009,-0.259824,-15.191689
-1.362074,-0.513785,-15.387601
-0.978559,-0.637012,-15.358889
-1.586574,-0.534236,-15.570380
-1.770869,-0.322025,-15.294379
-1.579146,-0.731477,-15.320095
-1.660162,-1.084492,-15.558789
-1.815534,-1.174083,-15.863804
-1.909340,-1.183033,-15.584985
-2.135441,-1.047292,-15.438023
-1.511606,-1.038894,-14.990843
-1.176790,-1.457997,-15.049239
-1.247990,-1.109260,-15.392323
-1.387723,-1.381484,-15.373085
-1.389789,-1.749765,-15.396525
-2.001922,-0.634884,-15.762806
-2.189528,-0.323659,-15.738754
-2.600743,-0.670609,-15.932152
-2.116750,-0.593871,-15.955755
-1.326629,0.307550,-15.606094
-1.086197,0.488685,-15.503506
-1.600077,-0.406587,-15.678645
-1.588791,-0.636083,-15.896367
-1.563911,-0.672204,-16.025475
-1.187208,-1.393736,-15.322634
-0.674902,-1.824763,-15.445099
-0.734154,-1.828089,-15.339564
-0.669662,-1.779553,-15.596902
-0.563342,-1.772104,-15.630718
-0.589742,-1.952243,-15.352612
-0.881998,-1.978599,-15.428131
-0.820062,-1.865396,-15.729716
-0.425861,-1.103707,-15.864960
-0.344119,-1.168427,-15.664018
-0.051090,-1.000305,-15.398940
0.002695,-0.851962,-15.417973
0.261348,-0.437445,-15.516051
0.072032,-1.090101,-15.967275
-0.197035,-0.422080,-15.131945
0.009959,-0.170328,-15.291802
0.099350,0.183115,-15.334878
0.558757,-0.554697,-15.761275
1.068669,-0.860086,-15.729420
0.853670,-0.596746,-15.884971
0.757461,-0.368581,-15.741702
1.536669,-0.691157,-15.639595
2.409719,-0.758464,-15.477153
3.232219,-0.642286,-15.430223
4.124096,-0.833184,-15.546084
3.881003,-0.785781,-15.435796
4.140580,-0.737227,-15.264182
5.202310,-0.808099,-14.965356
5.277471,-1.085472,-15.240374
5.365593,-0.873419,-15.211977
5.895588,-0.989799,-15.497709
6.363732,-1.108315,-15.635675
6.002130,-0.442255,-15.613439
6.882717,-1.017664,-15.492461
7.043447,-1.344081,-15.576368
7.307514,-1.757215,-15.353802
7.392785,-1.558973,-15.644645
8.145004,-1.904222,-15.405284
8.220935,-2.012298,-15.299865
8.115890,-1.608492,-15.379426
7.976176,-2.055270,-14.748031
7.973284,-1.989458,-14.755900
7.765220,-2.132521,-14.776114
8.083135,-1.973121,-14.719985
8.143301,-2.172005,-14.986822
8.338161,-1.802553,-15.036864
8.463517,-1.213122,-14.942429
8.693361,-1.625711,-14.852881
8.643550,-1.488776,-15.617836
8.641834,-1.361463,-15.686688
8.910675,-1.441279,-15.675969
8.660151,-1.156846,-15.563248
8.174786,-0.748976,-15.989577
