-6.559181,-0.986506,-14.902495
-6.630883,-1.182184,-14.779278
-6.814525,-1.251315,-14.936502
-6.860053,-1.215572,-15.078560
-6.676904,-1.090177,-15.167806
-6.626370,-0.891596,-15.388865
-6.696791,-0.915060,-15.196500
-6.601729,-0.742137,-14.902185
-6.466410,-0.850070,-14.897036
-6.430558,-0.831772,-14.858118
-6.559739,-0.929328,-14.828939
-6.627717,-1.020141,-14.875005
-6.585604,-1.007363,-14.816615
-6.762434,-1.118571,-14.737450
-6.706239,-1.082955,-14.759505
-6.454877,-1.067248,-14.742025
-6.256362,-1.187152,-14.636353
-6.240495,-1.127104,-14.547406
-6.099378,-0.899149,-14.694456
-6.223214,-0.828961,-14.666216
-6.401967,-0.887621,-14.763746
-6.397335,-0.681505,-14.809332
-6.391845,-0.715732,-14.967645
-6.495378,-0.859757,-14.955336
-6.619157,-0.661061,-15.098247
-6.635665,-0.728152,-15.137543
-6.724527,-0.896942,-15.129481
-6.751205,-0.939120,-15.132095
-6.813727,-0.729821,-14.756217
-6.806975,-0.643563,-14.946628
-6.686692,-0.588349,-15.011683
-6.767620,-0.498586,-14.904451
-6.673120,-0.469332,-14.972434
-6.537036,-0.513286,-15.003814
-6.546647,-0.442253,-14.966073
-6.481985,-0.683678,-14.853738
-6.576781,-0.812493,-14.888748
-6.546852,-0.893511,-14.856098
-6.600157,-0.828194,-14.935597
-6.560505,-0.885019,-14.798064
-6.636627,-0.990037,-14.894992
-6.542792,-0.846359,-14.790030
-6.504290,-0.863146,-14.983680
-6.476364,-0.962869,-15.067114
-6.544784,-1.057084,-14.840244
-6.578022,-1.110726,-14.842117
-6.518194,-1.025985,-14.706339
-6.598257,-0.836610,-14.894995
-6.461545,-0.791853,-15.019119
-6.583857,-0.649803,-15.174236
-6.633448,-0.810858,-15.080325
-6.772630,-0.972466,-14.979856
-6.787001,-1.005703,-15.010475
-6.865467,-1.201572,-15.026091
-6.776410,-1.078993,-15.024998
-6.769356,-1.091392,-14.987421
-6.398896,-1.106658,-14.880303
-6.355672,-1.099167,-14.828694
-6.282162,-1.116971,-14.745107
-6.359640,-1.292947,-14.668317
-6.451092,-1.159955,-14.731486
-6.658326,-1.003576,-14.810136
-6.543158,-1.053799,-14.797624
-6.473024,-1.207521,-14.924739
-6.415658,-1.338778,-14.890715
-6.478637,-1.408938,-14.915514
-6.376738,-1.255657,-14.965720
-6.371809,-1.242919,-14.916587
-6.419256,-1.232594,-14.510207
-6.198922,-1.184739,-14.272378
-6.215682,-1.355322,-14.383438
-6.177384,-1.390974,-14.316742
-6.298607,-1.526535,-14.273820
-6.299542,-1.497974,-14.391034
-6.378292,-1.414216,-14.423147
-6.240639,-1.482747,-14.538975
-6.302691,-1.364190,-14.662153
-6.542511,-1.132378,-14.730287
-6.572832,-1.092818,-14.659144
-6.535583,-1.084209,-14.776530
-6.652796,-0.926501,-14.813436
-6.629047,-1.039356,-14.759735
-6.450289,-1.141288,-14.735170
-6.514665,-1.144337,-14.816292
-6.645140,-1.301317,-14.945041
-6.732856,-1.242356,-14.958846
-6.600320,-1.182924,-14.844482
-6.624968,-1.282409,-14.895203
-6.538774,-1.209885,-14.757986
-6.430360,-0.872695,-14.888949
-6.260088,-0.843852,-14.681131
-6.324492,-0.932089,-14.709960
-6.327379,-1.099342,-14.970587
-6.424243,-0.904078,-14.943279
-6.312428,-1.113027,-14.620665
-6.183414,-1.161355,-14.518809
-6.244174,-1.127193,-14.512502
-6.234092,-1.276509,-14.645046
-6.305776,-1.302135,-14.620338
-6.516390,-1.028451,-14.634873
-6.593075,-0.964979,-14.878816
-6.562813,-1.068341,-15.025720
-6.505680,-0.925088,-15.017802
-6.511523,-0.607799,-15.145593
-6.530382,-0.536803,-15.132486
-6.548575,-0.724544,-15.059088
-6.728175,-0.877318,-15.014516
-6.718451,-0.915625,-14.929409
-6.845806,-1.029836,-14.885944
-6.683910,-1.109155,-14.868367
-6.658252,-1.037247,-14.841187
-6.537465,-0.988100,-15.056556
-6.569973,-0.867425,-14.815482
-6.462037,-0.978163,-15.080282
-6.481765,-0.861297,-15.104808
-6.483044,-1.112060,-15.017097
-6.595703,-1.065876,-15.144367
-6.317760,-1.184340,-14.889543
-6.175280,-1.211947,-14.802047
-6.035568,-0.873025,-14.805546
-5.938703,-0.679824,-14.771248
-5.984590,-0.595318,-14.735639
-5.893371,-0.540669,-14.862411
-6.088216,-0.605632,-14.855681
-6.246670,-0.816734,-14.943364
-6.375142,-0.767333,-14.918540
-6.227783,-0.963653,-14.805788
-6.376779,-0.989125,-14.682277
-6.313309,-0.929839,-14.822286
-6.327565,-1.022098,-14.764336
-6.566882,-0.948690,-14.934724
-6.513000,-0.973861,-15.082841
-6.641318,-0.900026,-15.149176
-6.619441,-0.895167,-15.250370
-6.915859,-1.079460,-15.203427
-6.796106,-1.161362,-14.925726
-6.630176,-0.832002,-15.017239
-6.579067,-0.825190,-15.113686
-6.523636,-0.917267,-15.141056
-6.489497,-0.985550,-15.003236
-6.576721,-1.241258,-15.028007
-6.496820,-1.173076,-15.072073
-6.484991,-1.150560,-15.058860
-6.553301,-0.965461,-15.102639
-6.546527,-0.941441,-15.083402
-6.527964,-0.863288,-14.854482
-6.543261,-0.943871,-15.137369
-6.420755,-0.925836,-15.028443
-6.415289,-0.875444,-14.969739
-6.280991,-0.864526,-14.845763
-6.628463,-1.131993,-14.936255
-6.444801,-1.058856,-14.973339
-6.509676,-1.157064,-15.011105
-6.493602,-0.938616,-15.022637
-6.371473,-1.074256,-14.913404
-6.243585,-1.191087,-14.615582
-6.265144,-1.003522,-14.794807
-6.357925,-1.118199,-14.733086
-6.204865,-1.026623,-14.719776
-6.315084,-1.253752,-14.812637
-6.359585,-1.320565,-15.097233
-6.231762,-1.363878,-14.620240
-6.156996,-1.296674,-14.748439
-6.144021,-1.250142,-14.856425
-6.386002,-1.175497,-14.869157
-6.466652,-1.103381,-14.706815
-6.277270,-1.313302,-14.632016
-6.328591,-1.220730,-14.636470
-6.211588,-1.219707,-14.703225
-6.309283,-1.219276,-14.801835
-6.189338,-1.068877,-14.645460
-6.445714,-1.189113,-14.796744
-6.445700,-1.108215,-14.812996
-6.322559,-0.984472,-14.870227
-6.379725,-0.987398,-14.779311
-6.345192,-1.023939,-14.877439
-6.259900,-1.203417,-14.845538
-6.221577,-1.600778,-14.895653
-6.235152,-1.563347,-15.001552
-6.231817,-1.467670,-15.083291
-6.654830,-1.303028,-15.066628
-6.780986,-1.207886,-14.970287
-6.433054,-0.931125,-14.631037
-6.409992,-0.786800,-14.840261
-6.367273,-0.864746,-14.834289
-6.264806,-0.711745,-14.789592
-6.304788,-0.692807,-14.875640
-6.258782,-0.705432,-14.862421
-6.233441,-0.806155,-14.838354
-6.366642,-0.781656,-14.915946
-6.427358,-0.839141,-14.928946
-6.490601,-0.795128,-15.055852
-6.591226,-0.767334,-14.987855
-6.374281,-0.710435,-14.867487
-6.237640,-0.733433,-14.903064
-6.289002,-1.028034,-14.715508
-6.223298,-1.393440,-14.766702
-6.524525,-1.254740,-14.936863
-6.564683,-1.247366,-14.900065
-6.464221,-1.241008,-14.912230
-6.273800,-1.380073,-14.807677
-6.305079,-1.298518,-14.748929
-6.220984,-1.324214,-14.791500
-6.137572,-1.454157,-14.936975
-6.174513,-1.303200,-14.843643
-6.239198,-1.143553,-14.981710
-6.247138,-1.119588,-14.781600
-6.228834,-1.013051,-14.562470
-6.128806,-0.797499,-14.745233
-6.068700,-0.798641,-14.806360
-6.134513,-0.780596,-14.776963
-6.025465,-0.950426,-14.709827
-6.274092,-0.970934,-14.848422
-6.103435,-1.002266,-14.785784
-6.124053,-1.176611,-14.979842
-6.305890,-1.268945,-14.875178
-6.023093,-1.115222,-14.992023
-6.210945,-1.441065,-14.882213
-6.131717,-1.286378,-14.978961
-6.222042,-1.188911,-14.859921
-6.286207,-1.261215,-14.623591
-6.184540,-1.316158,-14.909669
-5.959350,-1.200195,-14.801349
-6.006701,-1.023311,-14.894214
-6.020740,-0.982586,-14.947795
-5.853233,-1.170207,-14.858369
-5.695967,-1.265412,-14.831456
-5.654778,-1.205233,-14.840015
-5.798775,-1.225608,-14.796771
-5.748392,-1.144441,-14.753441
-5.834294,-1.076538,-14.893933
-6.022417,-1.030552,-14.905071
-6.101545,-0.995984,-15.026007
-6.137277,-0.820936,-15.209677
-5.975992,-0.743823,-15.048244
-6.032779,-0.714634,-15.003261
-6.141332,-0.718533,-14.988102
-6.069180,-0.797184,-14.808970
-5.796198,-0.874815,-14.627234
-5.691268,-0.826445,-14.915507
-5.922388,-0.690979,-15.048730
-5.946507,-0.692768,-15.028775
-6.185521,-0.557638,-15.038082
-6.418242,-0.494781,-14.988058
-6.413084,-0.333011,-15.048407
-6.194260,-0.510890,-15.092104
-6.260891,-0.600240,-14.847999
-6.321734,-0.527832,-14.694183
-6.255525,-0.411257,-14.761147
-5.882551,-1.143643,-14.679880
-5.757947,-1.152712,-14.813852
-5.825006,-1.213423,-14.666196
-5.929172,-1.270538,-14.696483
-5.936785,-1.213773,-14.845126
-5.892064,-1.082649,-14.762525
-6.012573,-1.247874,-14.847890
-6.052913,-1.190371,-14.937597
-6.187287,-0.838866,-14.976393
-6.193833,-0.767292,-14.985828
-6.252934,-0.670053,-14.955499
-6.432527,-0.840392,-14.993254
-6.154808,-0.971655,-14.958574
-6.013285,-1.123510,-14.892314
-5.878067,-0.953616,-14.967105
-5.963920,-1.011155,-14.947277
-6.005816,-1.081949,-14.921728
-5.838208,-1.136130,-14.836759
-5.862204,-1.201334,-14.885113
-5.855615,-1.226713,-14.885809
-5.824625,-1.260487,-14.803740
-5.840023,-1.283823,-14.785729
-5.674955,-1.202805,-14.923330
-5.909278,-1.198196,-14.931861
-5.858671,-1.108437,-14.968486
-5.850564,-1.094774,-15.010432
-5.888021,-1.305617,-14.885601
-5.799497,-1.433208,-14.765811
-6.015835,-1.032845,-15.067669
-6.027126,-0.781404,-14.795166
-5.759951,-0.575603,-14.812419
-5.632175,-0.491663,-14.871442
-5.641098,-0.559017,-14.849103
-5.604608,-0.527746,-14.785809
-5.753110,-0.518763,-14.737865
-5.597167,-0.604687,-14.677371
-5.494442,-0.928328,-14.581806
-5.773783,-0.981896,-15.009184
-5.774742,-0.870523,-14.923581
-5.840403,-0.902145,-14.863268
-5.847445,-0.844993,-14.998398
-5.871050,-0.800352,-15.069535
-5.908637,-0.622418,-14.775994
-5.578865,-1.059971,-14.793883
-5.608120,-1.056884,-14.845809
-5.766190,-0.878630,-14.867571
-5.842383,-0.752107,-14.958933
-5.681307,-0.843098,-14.999612
-5.593525,-0.997259,-14.906066
-5.692992,-1.046285,-15.045540
-5.798701,-1.287745,-15.086770
-5.714371,-1.140680,-14.775084
-5.702896,-0.887740,-14.710165
-5.733053,-0.844799,-14.999833
-5.689708,-0.835714,-14.849200
-5.709720,-0.839948,-14.895587
-5.706935,-0.945504,-14.877795
-5.658263,-1.305488,-14.641384
-5.607873,-1.337673,-14.840290
-5.660894,-1.187326,-14.923299
-5.603930,-1.166410,-14.833323
-5.653869,-1.134247,-14.894320
-5.661010,-0.961403,-14.838552
-5.707391,-1.120939,-15.040108
-5.649767,-0.909399,-14.956602
-5.563982,-0.969695,-14.871747
-5.512878,-1.007486,-14.823202
-5.483068,-0.947301,-14.908117
-5.560459,-0.898004,-14.843278
-5.737196,-1.002774,-14.691901
-5.458360,-1.046881,-14.777370
-5.536475,-0.994531,-14.908038
-5.558558,-0.977120,-14.950146
-5.539230,-1.094715,-14.812514
-5.559888,-1.113575,-14.775063
-5.583693,-1.210082,-14.839094
-5.715650,-1.219763,-15.026649
-5.543205,-1.290517,-14.824338
-5.548060,-1.266174,-14.867609
-5.476501,-1.018640,-14.867840
-5.517755,-0.983093,-14.888607
-5.613503,-1.011000,-14.904099
-5.726949,-1.102304,-14.961396
-5.654613,-1.112513,-14.890245
-5.589296,-1.109684,-14.920075
-5.294561,-1.070704,-14.926274
-5.342146,-0.825878,-14.890514
-5.403675,-0.922399,-14.975206
-5.459589,-0.753543,-14.949297
-5.523583,-0.735209,-15.052548
-5.829942,-0.962799,-15.025289
-5.732065,-0.834284,-15.135952
-5.511966,-0.895730,-15.025188
-5.340382,-1.181732,-14.689781
-5.440282,-1.094219,-14.726969
-5.622888,-1.010870,-14.960699
-5.430684,-1.272481,-14.679946
-5.446828,-1.238766,-14.689485
-5.536678,-1.208643,-14.609357
-5.624710,-1.028533,-14.632883
-5.844992,-0.865804,-14.814656
-5.673240,-0.866368,-14.892427
-5.592102,-0.850431,-14.926136
-5.287163,-0.833621,-14.933369
-5.289789,-0.969590,-14.917929
-5.219338,-0.803234,-15.020678
-5.264344,-0.702812,-15.040433
-5.320676,-0.594567,-15.035992
-5.268685,-0.383163,-14.869889
-5.307344,-0.393676,-14.819351
-5.352392,-0.287144,-14.864653
-5.598807,-0.596852,-14.871523
-5.537292,-0.941969,-14.789060
-5.553465,-1.057333,-14.742022
-5.384810,-0.838621,-14.755986
-5.338648,-0.845718,-14.947742
-5.333045,-0.879305,-15.197655
-5.228894,-0.894340,-14.939770
-5.347780,-0.957936,-14.774811
-5.368237,-1.017189,-14.656976
-5.424055,-1.235508,-14.974495
-5.482611,-1.293638,-14.984029
-5.687027,-1.240550,-14.899106
-5.629711,-1.266381,-14.853943
-5.595782,-1.014037,-14.981529
-5.586727,-0.953970,-14.964890
-5.668752,-0.943540,-14.858948
-5.929610,-1.122770,-14.993464
-5.714992,-0.975846,-14.919989
-5.320014,-0.988799,-14.985888
-5.622323,-0.807335,-14.978502
-5.790208,-0.786518,-14.867548
-5.583626,-0.726217,-14.992290
-5.661991,-0.859357,-14.958689
-5.551064,-1.053298,-14.903324
-5.424527,-0.915710,-14.955960
-5.440526,-0.859611,-14.984773
-5.483247,-0.936232,-14.915711
-5.532122,-1.106953,-14.988169
-5.642844,-1.222610,-14.930173
-5.746978,-1.173782,-14.971728
-5.824950,-1.402983,-15.034274
-5.910798,-1.394890,-15.019614
-5.853476,-1.291731,-15.029217
-5.785852,-1.361158,-15.034329
-5.526531,-1.186820,-15.164112
-5.464940,-1.200652,-15.115968
-5.526285,-1.288073,-14.942121
-5.623905,-1.240894,-15.008286
-5.669586,-1.194282,-15.090468
-5.686362,-1.315966,-15.016139
-5.363973,-1.151442,-14.839337
-5.278182,-0.849939,-14.829275
-5.293519,-0.759093,-14.967370
-5.301033,-0.704844,-14.884138
-5.567324,-0.627792,-14.977759
-5.679186,-0.610450,-15.036631
-5.727900,-0.608274,-15.066504
-5.668397,-0.679659,-15.091783
-5.656891,-0.752508,-15.255831
-5.585101,-0.864343,-14.841732
-5.691157,-0.851230,-14.938089
-5.923489,-1.111854,-14.953803
-6.042496,-0.995211,-15.142444
-6.072701,-0.718883,-15.387536
-5.934533,-0.573407,-15.357159
-6.009334,-0.687087,-15.188039
-6.098310,-0.615061,-15.299288
-5.603029,-0.704753,-14.941195
-5.524998,-0.620702,-14.918226
-5.707189,-0.742880,-15.047239
-5.675172,-0.772621,-15.184010
-5.761704,-0.954677,-15.129697
-5.781847,-0.953872,-14.973276
-5.696818,-0.970571,-14.944384
-5.653737,-0.888632,-14.970078
-5.801650,-0.777811,-15.053281
-5.538190,-0.708173,-15.093172
-5.562372,-0.952416,-15.101113
-5.699315,-0.992112,-15.135252
-5.706823,-0.932648,-15.184194
-5.587965,-0.897629,-15.089615
-5.647508,-1.058021,-14.924950
-5.491127,-1.108219,-14.803665
-5.360903,-0.951984,-14.814149
-5.384233,-1.038340,-14.846358
-5.431739,-1.074619,-14.777774
-5.466825,-1.108292,-14.857823
-5.324657,-1.289195,-14.713448
-5.257917,-1.304226,-14.778192
-5.143946,-1.495767,-14.961092
-5.228424,-1.461043,-14.846505
-5.285206,-1.509173,-14.984205
-5.222093,-1.279629,-14.895990
-5.682558,-0.916332,-15.157956
-5.796034,-0.913908,-15.202387
-5.585971,-0.978634,-15.119799
-5.473801,-1.007645,-15.175354
-5.608359,-0.824595,-15.079617
-5.686410,-0.968679,-14.825802
-5.583399,-0.967785,-14.815706
-5.601098,-0.951965,-14.694618
-5.732169,-0.965120,-14.806080
-5.799532,-0.919953,-15.073279
-5.958496,-0.946958,-15.130197
-5.936623,-0.928550,-15.042540
-5.722577,-0.996397,-15.032837
-5.728563,-0.946713,-15.027312
-5.612461,-0.860999,-14.923977
-5.434093,-0.823871,-14.959372
-5.474225,-0.802718,-14.939720
-5.326117,-1.005002,-14.876898
-5.282235,-1.145062,-14.988652
-5.516586,-1.303265,-15.042681
-5.567875,-1.366848,-15.018867
-5.599949,-1.341836,-14.955501
-5.595930,-1.186074,-15.153490
-5.964999,-1.167397,-15.155904
-5.841607,-1.090389,-15.328722
-5.841291,-1.148266,-15.286411
-5.836307,-1.091044,-15.177188
-5.627625,-1.214168,-15.085728
-5.186383,-1.260224,-14.947019
-5.151275,-1.265390,-14.776385
-5.631606,-1.276925,-14.959504
-5.663574,-1.263506,-14.962348
-5.777512,-0.960194,-14.899393
-5.725788,-1.087449,-14.914783
-5.607681,-0.993276,-14.884737
-5.343638,-0.948424,-14.791225
-5.369631,-0.918704,-14.848660
-5.228038,-1.063495,-14.952782
-5.519885,-1.022338,-15.005029
-5.646785,-0.849218,-15.042836
-5.752199,-0.670204,-15.084634
-5.882523,-0.710315,-15.076002
-5.819860,-0.744265,-15.097121
-5.711735,-0.863498,-15.195400
-5.752401,-0.969962,-15.183892
-5.891423,-1.072425,-15.266559
-5.726684,-1.147616,-15.037865
-5.502129,-1.019183,-14.926353
-5.598224,-1.005402,-15.095804
-5.600610,-1.097101,-15.024496
-5.588372,-1.187941,-15.098274
-5.617594,-1.120451,-15.170405
-5.598924,-1.090284,-15.014170
-5.693715,-1.223484,-14.891133
-5.678360,-1.349914,-14.965803
-5.789845,-1.351936,-15.029574
-5.573011,-1.203831,-14.889947
-5.658072,-1.081854,-15.068130
-5.727945,-1.223625,-15.075399
-5.676704,-1.204942,-15.127249
-5.556538,-1.063824,-15.140085
-5.405622,-1.008483,-15.144937
-5.203272,-0.928182,-15.050726
-5.378826,-0.695958,-15.017253
-5.219141,-0.799458,-14.718665
-5.108283,-0.765760,-14.688681
-5.117765,-1.030919,-14.594211
-5.242801,-0.974638,-14.806083
-5.286719,-1.058954,-14.865715
-5.299486,-1.098170,-14.850525
-5.549510,-1.199002,-14.975883
-5.659711,-1.074645,-15.004232
-5.600792,-0.795511,-15.008688
-5.488771,-0.657970,-15.007524
-5.411068,-0.568159,-15.009844
-5.380518,-0.631604,-14.888852
-5.437259,-0.708736,-14.826464
-5.334243,-0.971153,-14.871681
-5.394958,-0.883676,-14.958638
-5.474333,-0.930509,-14.800344
-5.634875,-0.767198,-14.755856
-5.450596,-0.915368,-14.867805
-5.317902,-0.774319,-14.799997
-5.315232,-0.788696,-14.820742
-5.394370,-0.665151,-14.919751
-5.408577,-0.586620,-15.110003
-5.403772,-0.520521,-14.957680
-5.155371,-0.818804,-14.903014
-5.291894,-0.739286,-15.022677
-5.429773,-0.706216,-15.000921
-5.492010,-0.742701,-15.040826
-5.543669,-0.813450,-15.005755
-5.496142,-0.932305,-14.923661
-5.580067,-1.132547,-15.028445
-5.450213,-0.884093,-14.930955
-5.359324,-0.934537,-14.760290
-5.193693,-1.054518,-14.673362
-4.958656,-1.161825,-14.410213
-5.245254,-1.042588,-14.823929
-5.314035,-0.947265,-14.860476
-5.528341,-1.161701,-14.887827
-5.437089,-0.950409,-14.842343
-5.525994,-0.857751,-14.959866
-5.634257,-0.834898,-15.007707
-5.448000,-1.056424,-14.990104
-5.465614,-1.130618,-14.975487
-5.450545,-1.075434,-14.940719
-5.422312,-0.996649,-14.942410
-5.471521,-1.046208,-14.872872
-5.473875,-1.110989,-15.031924
-5.544348,-1.018525,-15.159184
-5.529871,-1.109102,-15.046860
-5.440981,-1.137345,-14.986856
-5.434570,-1.028822,-14.955027
-5.389199,-0.941762,-14.947481
-5.362162,-0.891214,-14.867530
-5.408362,-0.923515,-14.901549
-5.381338,-0.949783,-14.846788
-5.408551,-1.003292,-14.970808
-5.678926,-1.106607,-15.057051
-5.491973,-1.080563,-15.027317
-5.577718,-0.934941,-14.974206
-5.492556,-0.919666,-15.113291
-5.455530,-0.674921,-15.100395
-5.494154,-0.655921,-15.006845
-5.316509,-0.734579,-14.905989
-5.354215,-0.842152,-14.714114
-5.321888,-1.053229,-14.763003
-5.524065,-1.054670,-15.026290
-5.606315,-0.951114,-15.146138
-5.229026,-1.009268,-14.950798
-5.275218,-0.961925,-14.835047
-5.486273,-0.856120,-14.803626
-5.501854,-1.053416,-14.758192
-5.369596,-0.916646,-14.716126
-5.401276,-0.825532,-14.867922
-5.534862,-0.973288,-14.962947
-5.423505,-0.979415,-15.020648
-5.484221,-1.117932,-14.951131
-5.470621,-1.075750,-14.958647
-5.411327,-0.767573,-14.906425
-5.358577,-0.843719,-14.977811
-5.341406,-0.885771,-15.076985
-5.287375,-1.067017,-15.045732
-5.319312,-1.015476,-15.237829
-5.345186,-1.029700,-15.140959
-5.452849,-1.139164,-15.270967
-5.363169,-1.073800,-15.037564
-5.293384,-1.147357,-14.958642
-5.601310,-0.882866,-14.713619
-5.600930,-0.917431,-14.643143
-5.558684,-0.978283,-14.896377
-5.455566,-1.051695,-14.878535
-5.369526,-1.034216,-14.865945
-5.470029,-1.078776,-14.844233
-5.574533,-1.076387,-14.849036
-5.524290,-1.144778,-14.615482
-5.395793,-1.141411,-14.848563
-5.489982,-1.159516,-14.942723
-5.593596,-1.253823,-14.953882
-5.571644,-1.179789,-15.027318
-5.271499,-1.257193,-14.901687
-5.208922,-1.085070,-14.724614
-5.110341,-1.089333,-14.773322
-5.321439,-1.155714,-14.547223
-5.365332,-1.095274,-14.670714
-5.602238,-0.853596,-15.069348
-5.654626,-0.927679,-15.074574
-5.446269,-0.951087,-14.939995
-5.237247,-0.950817,-14.902387
-5.120774,-0.984718,-14.872536
-5.168887,-1.104530,-14.813353
-5.184808,-0.930235,-14.760585
-5.392520,-0.728321,-14.711508
-5.448759,-0.732831,-14.924387
-5.398423,-0.935313,-15.002348
-5.494039,-1.179410,-15.047967
-5.571725,-1.233711,-15.040261
-5.311088,-1.142468,-14.927332
-5.291392,-0.997679,-14.847101
-5.124631,-1.025253,-14.972704
-5.167465,-0.965259,-14.904572
-5.208894,-1.106637,-14.808604
-5.279301,-1.106057,-14.711636
-5.388597,-1.188975,-14.768496
-5.492771,-1.228530,-14.968374
-5.550855,-1.166493,-14.883103
-5.564884,-1.217282,-14.825464
-5.491791,-1.161071,-14.912461
-5.415353,-0.950235,-14.842688
-5.427433,-0.928156,-14.761030
-5.333723,-0.870674,-14.846217
-5.378198,-0.923965,-14.823619
-5.282933,-0.925570,-14.851969
-5.249889,-0.968079,-14.852808
-5.305552,-1.049134,-14.855632
-5.360875,-1.152716,-14.859081
-5.382301,-0.985413,-14.746886
-5.306153,-0.869028,-14.758883
-5.172522,-1.266507,-14.913232
-5.370018,-1.433588,-14.934636
-5.520917,-0.810150,-15.132402
-5.718206,-0.767579,-15.224998
-5.693293,-0.772805,-15.094148
-5.486865,-0.894135,-15.075305
-5.556361,-0.865855,-15.172610
-5.388762,-0.907490,-15.187930
-5.363230,-0.911559,-14.954695
-5.603662,-0.678577,-15.085999
-5.748394,-0.499228,-15.100296
-5.623710,-0.498189,-15.079076
-5.626441,-0.695271,-15.156838
-5.508422,-0.975570,-15.141342
-5.447657,-1.235917,-15.156091
-5.406246,-1.278284,-15.086940
-5.264587,-1.288846,-14.993364
-5.163595,-1.281042,-14.854873
-5.104291,-1.170612,-14.874417
-4.996808,-0.964259,-14.731832
-5.151742,-0.999816,-14.600817
-5.140774,-1.133393,-14.680965
-5.202694,-1.217549,-14.735930
-5.292691,-1.119471,-14.831161
-5.296049,-1.109675,-14.927321
-5.225853,-1.094143,-14.999245
-5.397935,-1.043919,-15.102151
-5.486602,-1.140086,-15.135568
-5.513299,-0.970713,-15.078825
-5.569594,-0.848186,-15.207278
-5.522806,-0.948866,-15.053197
-5.460270,-1.063779,-14.820104
-5.217304,-1.125962,-14.832748
-5.257390,-1.096471,-14.849059
-5.566747,-0.983039,-15.054492
-5.384386,-1.122504,-14.971361
-5.377594,-0.785619,-15.006679
-5.420239,-0.594636,-15.044710
-5.316237,-0.597355,-14.914189
-5.219613,-0.612715,-14.822039
-5.137251,-0.684213,-14.829343
-5.304850,-0.750009,-14.883674
-5.275109,-0.981903,-14.757787
-5.221791,-0.911745,-14.968801
-5.124023,-0.955653,-15.032998
-5.098088,-1.001525,-14.818812
-5.178296,-1.080399,-14.748224
-5.223306,-1.153349,-14.726521
-5.229423,-1.144155,-14.701982
-5.223117,-1.069079,-14.716116
-5.169507,-0.992797,-14.742047
-5.318985,-0.987884,-14.830213
-5.369918,-1.036473,-14.786779
-5.326596,-1.079752,-14.915537
-5.557367,-1.035501,-14.974601
-5.453393,-0.935913,-14.952200
-5.340838,-0.974114,-14.729443
-5.278246,-0.996373,-14.764673
-5.082271,-1.137825,-14.650228
-5.022850,-1.133101,-14.692924
-4.940052,-1.379171,-14.699448
-5.140006,-1.302496,-14.741251
-5.255873,-1.255467,-14.833469
-5.483906,-1.298036,-14.999302
-5.176323,-1.215613,-14.609616
-5.004833,-1.222199,-14.497526
-4.733604,-1.029183,-14.522083
-4.845450,-1.019046,-14.594544
-5.052069,-1.068294,-14.489786
-5.031662,-1.108549,-14.715688
-5.219465,-1.093345,-14.894738
-5.440712,-1.102328,-14.957738
-5.422056,-1.012681,-15.079794
-5.487069,-0.900430,-14.911625
-5.447320,-0.999215,-14.861909
-5.073197,-1.242562,-14.668219
-5.202212,-1.190861,-14.712667
-5.299023,-1.146879,-14.747583
-5.406458,-0.911309,-15.063696
-5.276929,-0.907880,-15.101963
-5.327536,-1.005552,-15.069376
-5.509117,-1.010589,-15.026019
-5.420302,-0.960003,-14.930175
-5.161572,-0.553755,-14.820453
-5.121583,-0.674579,-14.866435
-5.274725,-0.796732,-14.883964
-5.160454,-0.728122,-14.892665
-5.111876,-0.719206,-14.882265
-5.050341,-0.913006,-14.722379
-5.131625,-0.962337,-14.911144
-5.223501,-0.832790,-14.846776
-5.475130,-0.776229,-14.837001
-5.571185,-0.907476,-14.898252
-5.734251,-1.033317,-14.953604
-5.436040,-0.861517,-14.856836
-5.392353,-0.768171,-14.885621
-5.488814,-0.815981,-15.129149
-5.670250,-0.668985,-15.037818
-5.549434,-0.712005,-14.990263
-5.359910,-0.949176,-15.097767
-5.405491,-0.910824,-15.165319
-5.326798,-0.888716,-15.066958
-5.398158,-1.000499,-15.083700
-5.316634,-1.119628,-14.810467
-5.318305,-1.169498,-14.773493
-5.384183,-1.214810,-14.799212
-5.109674,-1.029486,-14.657726
-5.239842,-1.014689,-14.825927
-5.294850,-1.165063,-14.840603
-5.396680,-0.999251,-15.009483
-5.287923,-0.849442,-15.077918
-5.207650,-0.832721,-14.989100
-5.362463,-0.743523,-14.958623
-5.420489,-0.588892,-15.059580
-5.394621,-0.540334,-15.067659
-5.412055,-0.676679,-15.123551
-5.576386,-0.745630,-15.134984
-5.609700,-0.842695,-15.039689
-5.327142,-0.968383,-14.959358
-5.376178,-0.963764,-15.021420
-5.361298,-1.007026,-15.046549
-5.342777,-1.143501,-15.131388
-5.329916,-1.317377,-15.013523
-5.163535,-1.335506,-14.901566
-5.014434,-1.403822,-14.863382
-5.114888,-1.412163,-14.800798
-5.257520,-1.371637,-14.758382
-5.220516,-1.388777,-14.712680
-5.089700,-1.239117,-14.619790
-4.969508,-1.146160,-14.808791
-4.949482,-1.187765,-14.820839
-4.999828,-1.308447,-14.714316
-5.060246,-1.405362,-14.608573
-5.054112,-1.135284,-14.531985
-5.028107,-0.937582,-14.644052
-4.942998,-0.990068,-14.718127
-4.781119,-0.988982,-14.674344
-4.818788,-0.882834,-14.746934
-4.790421,-0.875674,-15.043446
-4.925120,-0.897058,-14.995982
-5.148940,-0.910995,-14.910719
-5.323012,-1.004162,-14.991627
-5.276525,-1.107341,-15.032559
-5.077277,-0.894908,-14.904489
-5.071268,-0.688417,-15.028599
-5.239592,-0.756480,-15.069910
-5.192110,-0.948828,-14.899434
-5.135577,-0.958386,-14.896547
-5.248029,-0.972367,-14.795364
-5.292356,-0.636065,-14.876932
-5.295743,-0.672795,-14.731325
-5.460997,-0.566420,-14.668268
-5.428210,-0.584138,-14.865538
-5.678492,-0.628691,-14.674492
-5.522147,-0.826852,-15.048913
-5.382564,-0.946723,-15.114127
-5.245947,-1.043926,-15.128757
-5.344815,-1.050157,-15.038359
-5.368345,-0.968803,-14.976603
-5.510445,-0.839100,-14.967482
-5.165357,-0.732511,-14.820008
-5.090362,-0.757510,-14.897831
-5.198374,-0.756655,-14.995507
-5.184716,-0.792271,-14.898630
-5.008338,-0.772332,-14.846729
-4.938957,-0.849290,-14.777249
-4.841413,-0.781468,-14.810797
-4.722889,-0.717229,-14.748605
-4.846559,-0.934188,-14.737191
-5.159232,-1.323969,-14.838912
-5.136095,-1.328814,-14.741537
-4.997162,-1.520456,-14.634285
-5.070518,-1.523347,-14.734405
-5.161912,-1.299610,-14.694156
-5.324480,-1.280500,-14.683350
-5.543151,-1.102646,-14.758060
-5.368458,-1.017018,-14.842344
-5.366872,-0.771305,-15.045681
-5.284048,-0.737841,-15.047140
-5.324035,-0.664433,-14.904493
-5.444078,-0.702422,-14.950338
-5.310887,-0.645364,-15.159094
-5.184530,-0.565491,-15.109509
-5.012859,-0.597465,-14.931354
-4.868034,-0.645182,-14.782132
-5.036259,-0.529368,-14.976581
-5.210151,-0.921503,-15.232635
-5.210010,-0.918021,-15.200743
-5.224293,-0.887214,-15.310144
-5.340097,-0.776793,-15.099504
-5.653623,-0.942252,-15.143655
-5.507912,-0.733542,-15.141602
-5.524601,-0.746950,-15.112015
-5.612793,-0.938728,-15.090654
-5.604864,-1.184176,-14.895905
-5.519818,-1.202481,-14.936173
-5.392030,-1.268280,-14.976317
-5.168006,-1.249583,-14.986342
-5.227366,-1.143718,-14.912947
-5.173968,-0.996381,-14.942855
-5.270759,-1.034196,-14.906055
-5.329625,-1.333285,-14.857951
-5.277611,-1.210111,-14.778379
-5.311913,-1.224391,-14.718225
-5.218852,-1.449846,-14.855433
-5.216456,-1.344395,-15.108689
-5.178233,-0.884224,-15.044454
-5.376690,-0.703621,-15.127194
-5.211852,-1.112761,-14.927204
-5.298513,-1.089966,-14.970621
-5.218484,-1.099622,-15.029566
-5.167943,-1.265413,-14.983934
-5.181677,-1.088514,-15.028408
-5.271323,-1.025671,-15.079900
-5.288156,-0.830797,-14.978114
-5.365532,-0.497911,-14.863733
-5.276725,-0.592086,-14.955845
-5.448480,-0.684436,-14.731657
-5.447025,-0.777838,-14.684887
-5.510072,-0.832420,-14.866919
-5.531360,-1.045847,-14.878216
-5.287345,-0.890540,-15.096046
-5.250439,-0.892732,-15.060567
-5.396402,-0.940587,-15.017335
-5.234623,-0.894580,-14.909957
-5.171326,-0.737267,-14.998998
-5.193411,-0.843172,-14.961582
-5.369663,-0.760617,-14.798032
-5.294919,-0.748160,-14.767014
-5.319095,-0.798323,-14.867032
-5.257946,-0.776769,-14.855962
-5.223045,-0.894491,-14.906953
-5.280932,-0.833481,-15.008492
-5.445951,-0.900186,-15.114672
-5.174467,-0.888386,-14.921826
-5.150479,-0.723372,-14.892457
-5.686589,-0.841871,-15.010406
-5.533107,-0.862852,-15.073608
-5.455085,-0.768902,-14.773628
-5.467188,-0.943135,-14.853892
-5.301982,-0.920553,-14.976027
-5.576942,-0.947479,-15.033797
-5.462556,-0.961659,-15.111321
-5.163560,-0.949836,-14.885809
-5.207839,-0.915143,-14.677216
-5.341062,-0.901401,-14.788477
-5.431314,-0.956463,-14.962554
-5.369413,-0.977750,-15.030627
-5.452848,-0.896482,-15.022264
-5.440735,-1.020810,-15.038042
-5.344158,-1.035015,-15.008389
-5.145374,-0.996660,-14.899580
-5.302774,-1.110390,-15.074107
-5.145531,-1.087898,-14.968715
-5.070820,-1.214475,-15.084328
-5.114932,-0.925714,-14.981457
-5.114343,-0.917875,-14.873986
-4.933400,-0.932332,-15.019146
-5.165849,-0.709881,-15.177844
-5.117721,-0.871308,-14.849020
-5.056777,-0.859570,-14.945522
-5.126620,-1.022977,-14.915061
-5.196124,-1.000442,-15.132619
-5.257714,-0.886947,-15.011485
-5.146080,-0.778412,-14.945113
-5.259337,-0.706984,-15.078610
-5.270393,-0.769633,-14.969855
-5.158960,-0.870947,-14.886721
-5.173081,-0.723782,-14.902225
-5.367970,-0.645535,-14.814861
-5.279711,-0.891442,-14.951680
-5.274612,-0.944650,-15.127239
-5.487025,-1.072258,-14.963015
-5.383848,-1.034249,-14.969540
-5.330946,-1.067811,-14.988054
-5.333362,-1.139912,-14.952454
-5.250793,-1.237892,-15.048700
-5.349985,-1.292869,-15.136553
-5.229916,-1.235275,-15.232768
-5.154958,-1.107758,-15.174737
-5.282881,-1.103292,-15.081749
-5.354447,-1.078283,-14.963758
-5.510446,-0.901756,-14.926633
-5.432986,-1.130682,-15.037687
-5.374290,-1.164014,-15.036417
-5.401461,-1.216988,-14.882733
-5.647149,-1.154732,-15.114962
-5.491034,-1.232249,-15.080534
-5.364800,-1.118645,-14.927350
-5.274343,-0.991566,-14.928735
-5.361526,-0.855980,-14.918111
-5.413351,-0.925637,-14.947361
-5.371933,-0.891357,-15.011045
-5.355570,-0.706779,-15.026311
-5.267832,-0.910098,-14.754930
-5.375928,-0.895472,-14.904681
-5.201976,-0.722307,-15.008986
-5.452574,-0.746594,-15.037223
-5.630398,-0.971552,-15.057721
-5.692398,-1.027024,-15.176712
-5.629266,-0.902222,-15.237886
-5.485545,-0.861822,-14.848866
-5.301449,-1.163039,-14.656713
-5.173855,-1.159376,-14.624647
-5.448236,-1.160865,-14.880553
-5.298396,-1.106614,-14.863408
-5.268972,-0.916438,-15.007539
-5.396850,-1.014447,-15.055463
-5.184566,-1.031173,-14.853649
-5.053663,-0.907684,-14.848157
-5.018410,-0.840614,-14.981433
-5.374621,-0.693368,-15.204938
-5.320924,-0.604585,-15.253129
-5.243685,-0.796245,-15.250246
-5.358791,-0.910037,-15.112537
-5.260097,-0.895704,-15.145061
-5.258529,-0.905649,-15.013461
-5.301078,-0.907082,-14.959338
-5.488977,-0.841282,-15.104445
-5.565605,-0.884593,-15.151786
-5.433859,-0.915051,-15.060940
-5.483285,-1.109824,-15.066072
-5.360121,-1.073708,-15.126418
-5.309648,-0.941498,-15.028486
-5.285553,-0.819558,-15.088195
-5.088976,-0.663195,-15.043962
-5.059844,-0.590303,-14.944275
-5.265684,-0.993672,-14.833250
-5.341670,-1.062581,-14.723343
-5.192931,-1.030707,-14.783638
-5.379591,-1.094626,-14.922536
-5.335644,-1.098997,-14.994967
-5.260717,-1.024221,-15.090464
-5.444599,-0.840723,-14.999931
-5.458370,-0.793873,-15.193857
-5.462692,-0.687428,-15.267489
-5.515535,-0.826419,-15.128509
-5.371722,-0.941526,-15.014628
-5.340431,-0.978557,-14.983445
-5.230975,-0.743570,-14.937945
-5.235776,-0.722769,-14.960752
-5.288230,-1.073723,-15.035202
-5.344576,-0.982477,-15.127317
-5.456671,-1.024120,-15.166332
-5.504038,-0.891292,-15.230221
-5.261093,-0.891333,-15.249173
-5.351521,-0.946354,-15.221972
-5.278167,-0.879035,-15.294532
-5.174669,-0.928568,-15.117296
-5.354765,-1.104467,-15.191294
-5.336228,-1.142522,-14.952874
-5.288902,-1.190119,-14.943184
-5.157157,-1.259801,-14.740458
-5.468578,-1.304655,-14.810688
-5.606787,-1.401304,-14.829456
-5.511998,-1.293767,-14.790790
-5.471487,-1.164588,-14.893208
-5.379722,-0.925479,-15.050545
