-6.989352,-3.555206,-14.074062
-7.071903,-3.589725,-14.091355
-7.120276,-3.545702,-14.146630
-7.294820,-3.506180,-14.290586
-7.246290,-3.546603,-14.249427
-7.169121,-3.523915,-14.240602
-7.204133,-3.523898,-14.145146
-7.171727,-3.491188,-14.132979
-6.947082,-3.519762,-14.041389
-7.022799,-3.535695,-14.099271
-7.084350,-3.380598,-13.982334
-7.066930,-3.369314,-13.935703
-7.027801,-3.465629,-14.044090
-6.990290,-3.514377,-14.070755
-7.098613,-3.507252,-14.035643
-7.058468,-3.554799,-14.073262
-6.975404,-3.533194,-14.167058
-7.003620,-3.587724,-14.104493
-7.042622,-3.530085,-14.165106
-7.151673,-3.480238,-14.063600
-7.082821,-3.458601,-14.059476
-7.010369,-3.325346,-14.101446
-7.119492,-3.170386,-14.090647
-7.210928,-3.072902,-14.245481
-7.096403,-3.200656,-14.215187
-7.123415,-3.218062,-14.263416
-7.181251,-3.178813,-14.250055
-7.178300,-3.271840,-14.229025
-7.177868,-3.217842,-14.062773
-7.230895,-3.067360,-13.976447
-7.228493,-3.041697,-13.955674
-7.136987,-3.056828,-13.902777
-7.271444,-3.283799,-14.014076
-7.381659,-3.304753,-14.181650
-7.465889,-3.262569,-14.316590
-7.679316,-3.434959,-14.417857
-7.752642,-3.470303,-14.425342
-7.777461,-3.544775,-14.355743
-7.766435,-3.419048,-14.317653
-7.769604,-3.410358,-14.333959
-7.929350,-3.385394,-14.354738
-8.035065,-3.367100,-14.395501
-8.070022,-3.357477,-14.395309
-7.920192,-3.448541,-14.397729
-7.900289,-3.456978,-14.402128
-7.827790,-3.493961,-14.305954
-7.782828,-3.433423,-14.313586
-7.786382,-3.440959,-14.383856
-7.856153,-3.341698,-14.353434
-7.844989,-3.455132,-14.393683
-7.840083,-3.566272,-14.421394
-7.843029,-3.493989,-14.413111
-7.900547,-3.491047,-14.419190
-8.110471,-3.598437,-14.536660
-8.075270,-3.575889,-14.550989
-7.975569,-3.622004,-14.433651
-8.111676,-3.622589,-14.520164
-8.251699,-3.704418,-14.568076
-8.485975,-3.875666,-14.640190
-8.393933,-3.817310,-14.593934
-8.269448,-3.882300,-14.561986
-7.995751,-4.064044,-14.571196
-7.902222,-3.995687,-14.555581
-7.940059,-3.815513,-14.503881
-7.943492,-3.843250,-14.529982
-7.868074,-4.006343,-14.536230
-7.937025,-4.005089,-14.473500
-7.881506,-3.977120,-14.530358
-7.647725,-3.993153,-14.451120
-7.391429,-4.071874,-14.384896
-7.264561,-4.048167,-14.381508
-7.569208,-3.798912,-14.374307
-7.888455,-3.593248,-14.414971
-7.881895,-3.407206,-14.428150
-7.822557,-3.363586,-14.408086
-7.805544,-3.515715,-14.324251
-7.940755,-3.378501,-14.431568
-7.945236,-3.295674,-14.402707
-7.671246,-3.314924,-14.345032
-7.613785,-3.261983,-14.347518
-7.648296,-3.320521,-14.423737
-7.679752,-3.450303,-14.521952
-7.658671,-3.496712,-14.371442
-7.657031,-3.355736,-14.302688
-7.465724,-3.265158,-14.228438
-7.385493,-3.218370,-14.197029
-7.370794,-3.073449,-14.168993
-7.415290,-3.061393,-14.158589
-7.330579,-3.195397,-14.013462
-7.425994,-3.145565,-14.130223
-7.468825,-3.085593,-14.202942
-7.369424,-3.101229,-14.203823
-7.322531,-3.107282,-14.032832
-7.182132,-3.275406,-14.064397
-7.025432,-3.386900,-14.104175
-7.116040,-3.435874,-14.127395
-7.165943,-3.458995,-14.193266
-7.237011,-3.508398,-14.187946
-7.392226,-3.537941,-14.284458
-7.433985,-3.542010,-14.321635
-7.489789,-3.504615,-14.308238
-7.371671,-3.488357,-14.295675
-7.250934,-3.242637,-14.286016
-7.236048,-3.373863,-14.326691
-7.294665,-3.350115,-14.373323
-7.257773,-3.311750,-14.258451
-7.336593,-3.271730,-14.203367
-7.304879,-3.294162,-14.130610
-7.254670,-3.278687,-14.172970
-7.235875,-3.339698,-14.071632
-7.175922,-3.298155,-14.090466
-7.286094,-3.483648,-14.165533
-7.399135,-3.471539,-14.164464
-7.385945,-3.470820,-14.134142
-7.273921,-3.250958,-14.098918
-7.117377,-3.309274,-14.066879
-7.059211,-3.329933,-13.949148
-6.922421,-3.323353,-13.915096
-6.678684,-3.406294,-13.990615
-6.655922,-3.512547,-13.977412
-6.602479,-3.549783,-13.880847
-6.571381,-3.447889,-13.886988
-6.761579,-3.441759,-13.803385
-6.761575,-3.553982,-13.912614
-6.778457,-3.631891,-13.926642
-6.742473,-3.571413,-13.933713
-6.719271,-3.490897,-13.976751
-6.889822,-3.498860,-13.982152
-6.833443,-3.490606,-13.938583
-6.738065,-3.478783,-14.070154
-6.750355,-3.581928,-13.998654
-6.751352,-3.435629,-13.998674
-6.883111,-3.555766,-14.008717
-6.967458,-3.572570,-14.115220
-7.065489,-3.560135,-14.114849
-6.895603,-3.729048,-14.150710
-6.890260,-3.576674,-14.168987
-6.947709,-3.605537,-14.214399
-7.047913,-3.665143,-14.173191
-7.067616,-3.627346,-14.170238
-7.035675,-3.769911,-14.212818
-7.074502,-3.705459,-14.203867
-6.964598,-3.603228,-14.106419
-6.868146,-3.600933,-14.156573
-7.036747,-3.709947,-14.096396
-6.888599,-3.680790,-14.184225
-6.992911,-3.663486,-14.188092
-7.041257,-3.586447,-14.242491
-7.175126,-3.535802,-14.249889
-7.291211,-3.488597,-14.289020
-7.335636,-3.525821,-14.260769
-7.198089,-3.203623,-14.134231
-7.111568,-3.223529,-14.076100
-7.114101,-3.244167,-14.081832
-7.040889,-3.214156,-14.118871
-6.914495,-3.319928,-14.030581
-6.787460,-3.272715,-13.942151
-6.746668,-3.290333,-13.947887
-6.815323,-3.445973,-13.947002
-6.918097,-3.460643,-14.044216
-7.029568,-3.423103,-14.138116
-7.120865,-3.641599,-14.231314
-7.159148,-3.678733,-14.309265
-7.224321,-3.629748,-14.258184
-7.296037,-3.803975,-14.307202
-7.420117,-4.010074,-14.406061
-7.473941,-4.055331,-14.366920
-7.453098,-4.061619,-14.438186
-7.446795,-4.082319,-14.528551
-7.343678,-4.130359,-14.380869
-7.243344,-4.080455,-14.276736
-7.212849,-4.077201,-14.221295
-7.000980,-4.027415,-14.216419
-7.237201,-3.932247,-14.315708
-7.302397,-4.072409,-14.389243
-7.336756,-4.003347,-14.455878
-7.313796,-4.113437,-14.382009
-7.441512,-4.004059,-14.481754
-7.444376,-3.891273,-14.454360
-7.386159,-3.939276,-14.449713
-7.300150,-3.856457,-14.341076
-7.213973,-3.677353,-14.349213
-7.067841,-3.374278,-14.252092
-7.026765,-3.193144,-14.210986
-6.990814,-3.197774,-14.172063
-6.713932,-3.154574,-14.082329
-6.719176,-3.171120,-13.991658
-6.645897,-3.350641,-14.036334
-6.524859,-3.417784,-14.053387
-6.498680,-3.359311,-13.990441
-6.344217,-3.432593,-13.904638
-6.342381,-3.584773,-13.891929
-6.343667,-3.371342,-13.899240
-6.202333,-3.728477,-13.901400
-6.206511,-3.717603,-13.918133
-6.248035,-3.746083,-14.025761
-6.304062,-3.808292,-14.098186
-6.365773,-3.811796,-14.150868
-6.241855,-3.813814,-14.028876
-6.290674,-3.866662,-13.923560
-6.449054,-3.792728,-14.024199
-6.356003,-3.842083,-13.977751
-6.212794,-3.761117,-13.878734
-6.154551,-3.692338,-14.014446
-6.223325,-3.650845,-14.037992
-6.201545,-3.713739,-14.025726
-6.173506,-3.742498,-13.986103
-6.172259,-3.625364,-13.985756
-6.320134,-3.590278,-13.972998
-6.366782,-3.541526,-13.972833
-6.270422,-3.597430,-13.997972
-6.115303,-3.542842,-13.914856
-6.194980,-3.668169,-13.985585
-6.197169,-3.555353,-13.923652
-6.155064,-3.543454,-13.879593
-6.154680,-3.452683,-13.857370
-6.145169,-3.564696,-13.902920
-6.244913,-3.505306,-13.995225
-6.249238,-3.502105,-13.983626
-6.215823,-3.486905,-14.118620
-6.130291,-3.656413,-14.145792
-6.025148,-3.691339,-14.149512
-6.044789,-3.678866,-14.048946
-6.117288,-3.676098,-14.023368
-6.326174,-3.690365,-14.160436
-6.327482,-3.599871,-14.087977
-6.326191,-3.343558,-14.025249
-6.388188,-3.253865,-14.120629
-6.464017,-3.166186,-14.120803
-6.465920,-3.116697,-14.098001
-6.464920,-3.204910,-14.123682
-6.346724,-3.291271,-14.135985
-6.365457,-3.371032,-14.184224
-6.604983,-3.388457,-14.235744
-6.560605,-3.424401,-14.271124
-6.446380,-3.612375,-14.267719
-6.629739,-3.332607,-14.303885
-6.925972,-2.947793,-14.371907
-6.990850,-2.879395,-14.422361
-6.891824,-2.970820,-14.278804
-6.880303,-3.130655,-14.263968
-6.683550,-3.358650,-14.283642
-6.578046,-3.304404,-14.306231
-6.519106,-3.385491,-14.393814
-6.546411,-3.598840,-14.283331
-6.476251,-3.794299,-14.337680
-6.478622,-3.902435,-14.479116
-6.447875,-3.875697,-14.428774
-6.367785,-3.846363,-14.312590
-6.309198,-3.906948,-14.260670
-6.326673,-4.023514,-14.237163
-6.327028,-3.890168,-14.268031
-6.211179,-4.132789,-14.265841
-6.167287,-3.966305,-14.263985
-6.105038,-4.054181,-14.171167
-6.188128,-3.880002,-14.179905
-6.249661,-3.642873,-14.133422
-6.077975,-3.525691,-14.030402
-6.129106,-3.376175,-14.085136
-6.188305,-3.280900,-14.142109
-6.190716,-3.383978,-14.211700
-6.228368,-3.468871,-14.301818
-6.240535,-3.562389,-14.314803
-6.296505,-3.584511,-14.398680
-6.216077,-3.729110,-14.285586
-6.221485,-3.680302,-14.321832
-6.243156,-3.673415,-14.364350
-6.295793,-3.636977,-14.336343
-6.326978,-3.648770,-14.294938
-6.273831,-3.652062,-14.257918
-6.272028,-3.548504,-14.304565
-6.380122,-3.397723,-14.327001
-6.391199,-3.406333,-14.414323
-6.376545,-3.447055,-14.357013
-6.281769,-3.396975,-14.255734
-6.287541,-3.484851,-14.226667
-6.333490,-3.369115,-14.251031
-6.249451,-3.200934,-14.199347
-6.424986,-2.993582,-14.275831
-6.487309,-2.759336,-14.402066
-6.267480,-2.872009,-14.341665
-6.300445,-2.897297,-14.363319
-6.272583,-2.966310,-14.278973
-6.106605,-2.804139,-14.376286
-6.255357,-3.064050,-14.206998
-6.408213,-3.270654,-14.151253
-6.210479,-3.186855,-14.125215
-5.906617,-3.103713,-14.176030
-5.868933,-3.130776,-14.234849
-5.850276,-3.193695,-14.275715
-5.950586,-3.197984,-14.198222
-5.976771,-3.166332,-14.295357
-5.942472,-3.169889,-14.181661
-5.871887,-3.017419,-14.159797
-5.989595,-2.906660,-14.186620
-5.982040,-2.924407,-14.257864
-5.977064,-2.983701,-14.157660
-6.096887,-2.998317,-14.205596
-6.044830,-3.302441,-14.346283
-6.005060,-3.336471,-14.303452
-6.033992,-3.492066,-14.369764
-6.010851,-3.444703,-14.301440
-6.064355,-3.761580,-14.350285
-5.855179,-3.785049,-14.326648
-5.849984,-3.898964,-14.306652
-5.809039,-4.099222,-14.279813
-5.790499,-4.150811,-14.278082
-5.817330,-4.124368,-14.374865
-5.834044,-4.137570,-14.405969
-5.889062,-4.236328,-14.279551
-5.905626,-4.211168,-14.324601
-5.953008,-4.244801,-14.409449
-5.935852,-4.140856,-14.379214
-5.861488,-4.041045,-14.408258
-6.020170,-4.060491,-14.454754
-5.979738,-4.049535,-14.415915
-5.783089,-4.139972,-14.268949
-5.752106,-4.090509,-14.396224
-5.715001,-4.091385,-14.478090
-5.687594,-4.216617,-14.375542
-5.385874,-4.086478,-14.161053
-5.304371,-4.092628,-14.139235
-5.291518,-3.848197,-14.133221
-5.274486,-3.828232,-14.172777
-5.209816,-3.888986,-14.207111
-5.110553,-3.987056,-14.116787
-4.956797,-4.095380,-13.980654
-4.961758,-4.098601,-13.974275
-4.875082,-4.047995,-13.907493
-4.932993,-4.032115,-13.997085
-4.929239,-4.129943,-14.045980
-4.929953,-4.292154,-14.005984
-4.986019,-4.495434,-13.893199
-4.988906,-4.579896,-14.005648
-5.087900,-4.549037,-14.000556
-5.108151,-4.434925,-14.114161
-5.217170,-4.413080,-14.140609
-5.175657,-4.460371,-14.077609
-5.170536,-4.591894,-14.073975
-5.115717,-4.424409,-14.154172
-5.107444,-4.303643,-14.085408
-5.183310,-4.300269,-14.014263
-5.083378,-4.280715,-13.923745
-4.943510,-4.249382,-13.857626
-4.863393,-4.189416,-13.920315
-4.916036,-4.270093,-13.975431
-4.897833,-4.451594,-14.013287
-4.930771,-4.435578,-14.040596
-4.976913,-4.415195,-14.082007
-5.126225,-4.481096,-14.079880
-5.116014,-4.558164,-14.054108
-5.079543,-4.550818,-14.074306
-5.018849,-4.590995,-13.978974
-5.044231,-4.613028,-14.101189
-5.054195,-4.607516,-14.081363
-4.920737,-4.784106,-13.978257
-4.888621,-4.869202,-14.099772
-4.962549,-4.985945,-14.098171
-5.005299,-5.044286,-14.088566
-5.075963,-4.949127,-14.114611
-5.259185,-4.912480,-14.143023
-5.245968,-4.842605,-14.130401
-5.313933,-4.784524,-14.204436
-5.272794,-4.748273,-14.255043
-5.308895,-4.634563,-14.300090
-5.350975,-4.613897,-14.235284
-5.336855,-4.539732,-14.271536
-5.449335,-4.478313,-14.347190
-5.569260,-4.306650,-14.414001
-5.462787,-4.401443,-14.511825
-5.475484,-4.545305,-14.472214
-5.530336,-4.379678,-14.372390
-5.519381,-4.213292,-14.356080
-5.528879,-4.035876,-14.413727
-5.558332,-3.907038,-14.359078
-5.633937,-3.919870,-14.402128
-5.496076,-3.905305,-14.375119
-5.470975,-3.944521,-14.364685
-5.460975,-3.980820,-14.421618
-5.566935,-3.924703,-14.383726
-5.657156,-3.968943,-14.349195
-5.675330,-3.872772,-14.365623
-5.738955,-3.960483,-14.445958
-5.608296,-4.181361,-14.381068
-5.662071,-4.210649,-14.464158
-5.701950,-4.164314,-14.429029
-5.598318,-4.113933,-14.372872
-5.536128,-3.909437,-14.337466
-5.383299,-3.733789,-14.303221
-5.164116,-3.545570,-14.208627
-4.992907,-3.659634,-14.184192
-4.952610,-3.642144,-14.116198
-4.861516,-3.529870,-14.111614
-4.970859,-3.421478,-14.102721
-4.902130,-3.421698,-14.239622
-5.006136,-3.374183,-14.117778
-4.996063,-3.361849,-14.010996
-5.046423,-3.306826,-14.046766
-4.979949,-3.325351,-14.069579
-4.939611,-3.338000,-14.131072
-4.961574,-3.363282,-14.194866
-5.009101,-3.375171,-14.229789
-4.958946,-3.347834,-14.182010
-4.939272,-3.250216,-14.221487
-4.935565,-3.118685,-14.175510
-5.053715,-3.203107,-14.108535
-5.054916,-3.266841,-14.158527
-5.126679,-3.410206,-14.240614
-5.170493,-3.401265,-14.250345
-5.149055,-3.470624,-14.314637
-5.182001,-3.446831,-14.384861
-5.314378,-3.424168,-14.409007
-5.465732,-3.432760,-14.425579
-5.563388,-3.579898,-14.471421
-5.512815,-3.740949,-14.494619
-5.494092,-3.753405,-14.495411
-5.438490,-3.490698,-14.497976
-5.363417,-3.502467,-14.446524
-5.328834,-3.240137,-14.409346
-5.432997,-3.107965,-14.331842
-5.366480,-3.083657,-14.313742
-5.342535,-3.198119,-14.206706
-5.362824,-3.193917,-14.079952
-5.433216,-3.214851,-14.113793
-5.198071,-3.276681,-14.258743
-5.106576,-3.291986,-14.304876
-4.932432,-3.424083,-14.280773
-4.803949,-3.485955,-14.325811
-4.969879,-3.420281,-14.238236
-5.032272,-3.427692,-14.300777
-5.128130,-3.464987,-14.351052
-5.390678,-3.360455,-14.439912
-5.370524,-3.553624,-14.509313
-5.240771,-3.545801,-14.475026
-5.238702,-3.590618,-14.520244
-5.308588,-3.541282,-14.556079
-5.373113,-3.602317,-14.549685
-5.477148,-3.398883,-14.455673
-5.472189,-3.449075,-14.536029
-5.372663,-3.432418,-14.496285
-5.317673,-3.410392,-14.352283
-5.258232,-3.438082,-14.367334
-5.193791,-3.555358,-14.456654
-5.325503,-3.799492,-14.424709
-5.253585,-3.809332,-14.413995
-5.168269,-3.690094,-14.467104
-5.155465,-3.635431,-14.436866
-5.214356,-3.744790,-14.447371
-5.042961,-3.580925,-14.404769
-4.987328,-3.405474,-14.320485
-4.933589,-3.272172,-14.329781
-4.969876,-3.213275,-14.270485
-4.968842,-2.963147,-14.178624
-5.026035,-2.892567,-14.139600
-5.251600,-2.901943,-14.208570
-5.492500,-2.971613,-14.428334
-5.556955,-2.966112,-14.408459
-5.453382,-2.870986,-14.210389
-5.362354,-2.712965,-14.230131
-5.366408,-2.760020,-14.188411
-5.392046,-2.732759,-14.342478
-5.173085,-2.771797,-14.250579
-4.950984,-2.861290,-14.157397
-5.081767,-2.900492,-14.209403
-5.259015,-2.846465,-14.360517
-5.399144,-3.058428,-14.627784
-5.411984,-3.272930,-14.605004
-5.486370,-3.473103,-14.524900
-5.420152,-3.558554,-14.491438
-5.365791,-3.419053,-14.457085
-5.316268,-3.400672,-14.456534
-5.287387,-3.412728,-14.382365
-5.159987,-3.421533,-14.362600
-5.076631,-3.392888,-14.348481
-5.008282,-3.486909,-14.351326
-5.026366,-3.366498,-14.331813
-4.929119,-3.235910,-14.269522
-4.799280,-3.219385,-14.331277
-4.690589,-3.274453,-14.358759
-4.695842,-3.293212,-14.226813
-4.499392,-3.554519,-14.428851
-4.388168,-3.688900,-14.423752
-4.430427,-3.631418,-14.418014
-4.370435,-3.615899,-14.402316
-4.090351,-3.609203,-14.238886
-3.993646,-3.661924,-14.145926
-3.942384,-3.708651,-14.109005
-3.923811,-3.771041,-14.148962
-3.994792,-3.757266,-14.194770
-3.914963,-3.909430,-14.204977
-3.823110,-4.041838,-14.081083
-3.785825,-4.024232,-14.029955
-3.731512,-4.027652,-14.022214
-3.687464,-4.045580,-14.131861
-3.718913,-4.079598,-14.178725
-3.886758,-3.748688,-14.261163
-4.010520,-3.627755,-14.245111
-3.867200,-3.539789,-14.178212
-3.697457,-3.352876,-14.077725
-3.750068,-3.428967,-14.060707
-3.882561,-3.612209,-14.229920
-4.017965,-3.766711,-14.372836
-4.002302,-3.750485,-14.288878
-4.039907,-3.715313,-14.321160
-4.059655,-3.654940,-14.378787
-3.989529,-3.648352,-14.267547
-3.739402,-3.618412,-14.184449
-3.743434,-3.580445,-14.135769
-3.750859,-3.578219,-14.137577
-3.585717,-3.555810,-14.046098
-3.452240,-3.620816,-14.045853
-3.521102,-3.612660,-14.129554
-3.515657,-3.631191,-14.129600
-3.356911,-3.600301,-13.997440
-3.515039,-3.418434,-13.953236
-3.530029,-3.457607,-13.937697
-3.481170,-3.503456,-13.919833
-3.424565,-3.431896,-13.859399
-3.426183,-3.658729,-13.911480
-3.350941,-3.735189,-13.861738
-3.244748,-3.713145,-13.871430
-3.189349,-3.492370,-13.809773
-3.195729,-3.566060,-13.901619
-3.312219,-3.580921,-14.034844
-3.460701,-3.670825,-14.073293
-3.603875,-3.760257,-14.165103
-3.454752,-3.724762,-14.123475
-3.246402,-3.669166,-14.096525
-3.199726,-3.749494,-14.095218
-3.208786,-3.855990,-14.113381
-3.242887,-3.898685,-14.189635
-3.330646,-4.002086,-14.180088
-3.421099,-4.064118,-14.227611
-3.523709,-4.127873,-14.222350
-3.587287,-4.084715,-14.233728
-3.425212,-4.248293,-14.158180
-3.375675,-3.964848,-14.155720
-3.392578,-3.967300,-14.059118
-3.422842,-3.923517,-14.093740
-3.602262,-3.808806,-14.158916
-3.252646,-3.901413,-14.048556
-3.341020,-3.800301,-14.151348
-3.376041,-3.789865,-14.201804
-3.394563,-3.768364,-14.258204
-3.509626,-3.731478,-14.250939
-3.559748,-3.748283,-14.178958
-3.451374,-3.681501,-14.252982
-3.448032,-3.711143,-14.230762
-3.414845,-3.636438,-14.240776
-3.502824,-3.528979,-14.230349
-3.554961,-3.514172,-14.234632
-3.605247,-3.539521,-14.265317
-3.612411,-3.612925,-14.211942
-3.563488,-3.574742,-14.138734
-3.661074,-3.613370,-14.342803
-3.636579,-3.623770,-14.191266
-3.537713,-3.607241,-14.244260
-3.578246,-3.658392,-14.178203
-3.520668,-3.612278,-14.133368
-3.335251,-3.647810,-14.165639
-3.279193,-3.542218,-14.145137
-3.099822,-3.441859,-14.112314
-3.082240,-3.339387,-14.113874
-3.012008,-3.144516,-14.164838
-2.967097,-3.080933,-14.062971
-3.018370,-3.282695,-14.072505
-3.078096,-3.596458,-14.050615
-3.094751,-3.497204,-14.120813
-3.226206,-3.542341,-14.156031
-3.228731,-3.490014,-14.165918
-3.293907,-3.570052,-14.280077
-3.315659,-3.617257,-14.384574
-3.393299,-3.555534,-14.380255
-3.044705,-3.637545,-14.223486
-3.056429,-3.610583,-14.236890
-3.052639,-3.597861,-14.147369
-2.975038,-3.642190,-14.058599
-2.961385,-3.694732,-14.056004
-3.012446,-3.522060,-14.046386
-3.029567,-3.280502,-14.083937
-3.108497,-3.326400,-14.066950
-3.216249,-3.410666,-14.097733
-3.213428,-3.298755,-14.017939
-3.240364,-3.217780,-14.103242
-3.104346,-3.150396,-14.059278
-3.119155,-3.051066,-14.204348
-3.194154,-3.038986,-14.166055
-3.232472,-3.087562,-14.113762
-3.165359,-3.306488,-14.117672
-3.329299,-3.371016,-14.239254
-3.324735,-3.298531,-14.262619
-3.368327,-3.218514,-14.171855
-3.408770,-3.124808,-14.109176
-3.483882,-3.181186,-14.245666
-3.622488,-3.016906,-14.158394
-3.726285,-3.127221,-14.303764
-3.668043,-3.094579,-14.256040
-3.961622,-3.318816,-14.340161
-4.076450,-3.353033,-14.380374
-4.079342,-3.312877,-14.357275
-3.988165,-3.259870,-14.309982
-3.845077,-3.338368,-14.291401
-3.825358,-3.319682,-14.334772
-3.704367,-3.367631,-14.326835
-3.391161,-3.605702,-14.328168
-3.384899,-3.624277,-14.353132
-3.390232,-3.692872,-14.382974
-3.530179,-3.357260,-14.333860
-3.575628,-3.368392,-14.359047
-3.501865,-3.507080,-14.353068
-3.656646,-3.512427,-14.391756
-3.787951,-3.473157,-14.475116
-3.737009,-3.434109,-14.405484
-3.805205,-3.429525,-14.442591
-3.755652,-3.421276,-14.481513
-3.753642,-3.564578,-14.462036
-3.931835,-3.318621,-14.448589
-3.961819,-3.424191,-14.530757
-4.003855,-3.429177,-14.499439
-4.036638,-3.531138,-14.517315
-4.106002,-3.480808,-14.450245
-4.194254,-3.419481,-14.480146
-4.406932,-3.344716,-14.541250
-4.356516,-3.364112,-14.563295
-4.240926,-3.361263,-14.624672
-4.308328,-3.207017,-14.585064
-4.535676,-3.078869,-14.619462
-4.534850,-2.923579,-14.538468
-4.407080,-2.981441,-14.383933
-4.389925,-3.027383,-14.292439
-4.316569,-3.082527,-14.314353
-4.276364,-3.089896,-14.390875
-4.343283,-3.045475,-14.395242
-4.494306,-2.872937,-14.398181
-4.531026,-2.719053,-14.309879
-4.411519,-2.670912,-14.163787
-4.333195,-2.750462,-14.184682
-4.248025,-2.784968,-14.178774
-4.027215,-2.914359,-14.381585
-4.069407,-3.122746,-14.256650
-4.074159,-3.104722,-14.292425
-4.183249,-3.043007,-14.353292
-4.301707,-3.006469,-14.543528
-4.344539,-2.985604,-14.674882
-4.417433,-2.880925,-14.639518
-4.249986,-2.641235,-14.474775
-4.331732,-2.575682,-14.414909
-4.347831,-2.523258,-14.444262
-4.143744,-2.596247,-14.244702
-4.207563,-2.605119,-14.181727
-4.202075,-2.634238,-14.238019
-4.247193,-2.645689,-14.305387
-4.247358,-2.684821,-14.268017
-4.303895,-2.791035,-14.334500
-4.255871,-2.836941,-14.405837
-4.166567,-2.839047,-14.270336
-4.229535,-2.950245,-14.385348
-4.271236,-3.208632,-14.439900
-4.221760,-3.475081,-14.477610
-4.210512,-3.333216,-14.430208
-4.316086,-3.253932,-14.505975
-4.314989,-3.196778,-14.445131
-4.246730,-3.322060,-14.463064
-4.248076,-3.469708,-14.538628
-4.217802,-3.675879,-14.547699
-4.236299,-3.867430,-14.545230
-4.288241,-3.896770,-14.626443
-4.247220,-3.833195,-14.606300
-4.263362,-3.892078,-14.632757
-4.241585,-3.917258,-14.648311
-4.193383,-3.879170,-14.641970
-4.195059,-4.070493,-14.675451
-4.171476,-4.288958,-14.577000
-4.166884,-4.347947,-14.640739
-4.170648,-4.284577,-14.576468
-4.243892,-4.070713,-14.646688
-4.224761,-4.014111,-14.674093
-4.366446,-3.841336,-14.602612
-4.239995,-3.947829,-14.668534
-4.239006,-3.941227,-14.627757
-4.372037,-4.091232,-14.580381
-4.361760,-4.209357,-14.615811
-4.353466,-4.291207,-14.686681
-4.378693,-4.476230,-14.617835
-4.378486,-4.478087,-14.674841
-4.430827,-4.376518,-14.714783
-4.317137,-4.296607,-14.693056
-4.403294,-4.148214,-14.669214
-4.444428,-4.024009,-14.582619
-4.281938,-4.102492,-14.582685
-4.107318,-4.181516,-14.647759
-4.095531,-4.262269,-14.656549
-3.967818,-4.019436,-14.647167
-3.977527,-4.117016,-14.571067
-4.021263,-4.159607,-14.585034
-4.009490,-4.298188,-14.539410
-3.865727,-4.229518,-14.679575
-4.155523,-4.250972,-14.592333
-4.155892,-4.133915,-14.600768
-4.156911,-4.039351,-14.622756
-4.146063,-3.975965,-14.611071
-4.261835,-3.942300,-14.556623
-4.294428,-3.881988,-14.593851
-4.349825,-3.821053,-14.580637
-4.261208,-3.722599,-14.580157
-4.264889,-3.837159,-14.616677
-4.206157,-3.949537,-14.576085
-4.185073,-3.892962,-14.607608
-4.102093,-3.773594,-14.600422
-4.143062,-3.723128,-14.526359
-4.183056,-3.748047,-14.530094
-4.068669,-3.780856,-14.562865
-3.996028,-3.772630,-14.530098
-3.933106,-3.690668,-14.517588
-3.895032,-3.684425,-14.544880
-3.797871,-3.683691,-14.581045
-3.812402,-3.646175,-14.569139
-3.764050,-3.630463,-14.592155
-3.765247,-3.653059,-14.603948
-3.578951,-3.738389,-14.661690
-3.630270,-3.836756,-14.592943
-3.580381,-3.831001,-14.568187
-3.447158,-3.829435,-14.646523
-3.313390,-3.720214,-14.616652
-3.418483,-3.838661,-14.617612
-3.445765,-3.926722,-14.607993
-3.475527,-4.095270,-14.644193
-3.500403,-4.239498,-14.631513
-3.546958,-4.235556,-14.612298
-3.599577,-4.212785,-14.639437
-3.492591,-4.312133,-14.698309
-3.457392,-4.415896,-14.691830
-3.437238,-4.428109,-14.640533
-3.500375,-4.495896,-14.619961
-3.480294,-4.623052,-14.645465
-3.455629,-4.410766,-14.557312
-3.442892,-4.368143,-14.533564
-3.466005,-4.346160,-14.668416
-3.358353,-4.430206,-14.556471
-3.310343,-4.486208,-14.575072
-3.468095,-4.385622,-14.600517
-3.512192,-4.412886,-14.605883
-3.547242,-4.171621,-14.619690
-3.460818,-4.147593,-14.616999
-3.422176,-4.147491,-14.690316
-3.311816,-4.153029,-14.733441
-3.305099,-4.135607,-14.667343
-3.482811,-4.080916,-14.593957
-3.470199,-4.075457,-14.616039
-3.458727,-4.090526,-14.572298
-3.484163,-4.100309,-14.623857
-3.466089,-4.167346,-14.654684
-3.618343,-4.202842,-14.651896
-3.568648,-4.245186,-14.624518
-3.564210,-4.304348,-14.559248
-3.537264,-4.336600,-14.589761
-3.492914,-4.263796,-14.629961
-3.618568,-4.117027,-14.566543
-3.608886,-4.194568,-14.577465
-3.481705,-4.379910,-14.596831
-3.422364,-4.453490,-14.599279
-3.359940,-4.544028,-14.635832
-3.433689,-4.446633,-14.562414
-3.420991,-4.619750,-14.646855
-3.396467,-4.686472,-14.624075
-3.379767,-4.746104,-14.700043
-3.311967,-4.775829,-14.662421
-3.402311,-4.973032,-14.669623
-3.307506,-5.104018,-14.591865
-3.331588,-5.271737,-14.535620
-3.454230,-5.369716,-14.593441
-3.459721,-5.383781,-14.580628
-3.438482,-5.418347,-14.543108
-3.397814,-5.405971,-14.518098
-3.361256,-5.495106,-14.513403
-3.485909,-5.353904,-14.466372
-3.721893,-5.365255,-14.519050
-3.542531,-5.203246,-14.625608
-3.418427,-5.213236,-14.604615
-3.324360,-5.324113,-14.759027
-3.130836,-5.148610,-14.631849
-3.056447,-5.022346,-14.617674
-3.190459,-5.163430,-14.578285
-2.939157,-4.956245,-14.620032
-2.725016,-4.785926,-14.701507
-2.827413,-4.959915,-14.555701
-2.780675,-4.819810,-14.629162
-2.633155,-4.884227,-14.579112
-2.563344,-4.660918,-14.706798
-2.511417,-4.669966,-14.641616
-2.364978,-4.776826,-14.617406
-2.308243,-4.725890,-14.709436
-2.403563,-4.592847,-14.629844
-2.457453,-4.453741,-14.680887
-2.462635,-4.401691,-14.764481
-2.356113,-4.332229,-14.846687
-2.558348,-4.247030,-14.722020
-2.642874,-4.296393,-14.634250
-2.850749,-4.221942,-14.696564
-2.466874,-4.468455,-14.661359
-2.128685,-4.670953,-14.617394
-2.117987,-4.736608,-14.658354
-2.127065,-4.792511,-14.661322
-2.193730,-4.756201,-14.701190
-2.260040,-4.743530,-14.633787
-2.170212,-4.771595,-14.636815
-2.295567,-4.724276,-14.688218
-1.976383,-4.757481,-14.642895
-1.948374,-4.854196,-14.572359
-2.050618,-4.926147,-14.613534
-2.049978,-5.023188,-14.618822
-1.958896,-5.024582,-14.601178
-1.983929,-5.029538,-14.663332
-1.938830,-5.051485,-14.655651
-2.034480,-5.077998,-14.634106
-1.995040,-5.077737,-14.563533
-2.024211,-5.046720,-14.572266
-2.175023,-4.917590,-14.663682
-2.172492,-4.929351,-14.718471
-2.220427,-4.873498,-14.631235
-2.237174,-4.890160,-14.627982
-2.684803,-4.925213,-14.606123
-2.640236,-4.803802,-14.734147
-2.732136,-4.991303,-14.722039
-2.812317,-4.740232,-14.617102
-2.810434,-4.609235,-14.604669
-2.771563,-4.546927,-14.572775
-2.721273,-4.545605,-14.594755
-2.511445,-4.499724,-14.576610
-2.545679,-4.336922,-14.637807
-2.451441,-4.363236,-14.656114
-2.468906,-4.355227,-14.679368
-2.416778,-4.439291,-14.694018
-2.480742,-4.531811,-14.664647
-2.427976,-4.639344,-14.625266
-2.381752,-4.497822,-14.665754
-2.349513,-4.348258,-14.633907
-2.232270,-4.169134,-14.637108
-2.234179,-4.039522,-14.619008
-2.329001,-4.117212,-14.636082
-2.525578,-4.296628,-14.670239
-2.574566,-4.337129,-14.590584
-2.479493,-4.310275,-14.553818
-2.537185,-4.314639,-14.560715
-2.468549,-4.430856,-14.502772
-2.442171,-4.141614,-14.612164
-2.459074,-3.920436,-14.665820
-2.517104,-3.967633,-14.607375
-2.539473,-3.807423,-14.683333
-2.494564,-3.845458,-14.662684
-2.542092,-3.890715,-14.620229
-2.613354,-3.859992,-14.587413
-2.671023,-3.830883,-14.582181
-2.768504,-3.770800,-14.592655
-2.780174,-3.803149,-14.545589
-2.391105,-3.978257,-14.499397
-2.113588,-3.921196,-14.465446
-1.953125,-3.951958,-14.488964
-1.791164,-3.879268,-14.569033
-1.698979,-4.022968,-14.588679
-1.652463,-3.778045,-14.524952
-1.711372,-3.907010,-14.520073
-1.707092,-4.013493,-14.689491
-1.666948,-3.916339,-14.576310
-1.528016,-3.842752,-14.595443
-1.462573,-3.786240,-14.654766
-1.420681,-3.741791,-14.684247
-1.423144,-3.757278,-14.676160
-1.334894,-3.657050,-14.698272
-1.511193,-3.649627,-14.593329
-1.565581,-3.713878,-14.592414
-1.737234,-3.860670,-14.539427
-1.757665,-3.873668,-14.552027
-1.649336,-3.859862,-14.544932
-1.765748,-3.867214,-14.586536
-1.855791,-3.876964,-14.594923
-1.816742,-3.883417,-14.468225
-1.976452,-3.849154,-14.524426
-2.001685,-3.929141,-14.510140
-1.967167,-4.020432,-14.614479
-1.982293,-4.157522,-14.654183
-1.967990,-3.999190,-14.580040
-2.113245,-3.874951,-14.601613
-2.155036,-3.735684,-14.559230
-2.038244,-3.708987,-14.587435
-2.124667,-3.781498,-14.582308
-2.238464,-3.728758,-14.524518
-2.173526,-3.869019,-14.620606
-2.110933,-3.911331,-14.469085
-2.140919,-3.962212,-14.487103
-2.187315,-3.968444,-14.562875
-2.132733,-3.962530,-14.521793
-2.264980,-3.907090,-14.464983
-2.289153,-3.923454,-14.502412
-2.271162,-4.002305,-14.548814
-2.218081,-4.139347,-14.646709
-2.123497,-3.940869,-14.590766
-1.998386,-4.093452,-14.650426
-1.972574,-4.186421,-14.694592
-1.926995,-4.256901,-14.611144
-1.859759,-4.350333,-14.649849
-1.894480,-4.382611,-14.593078
-1.853514,-4.447918,-14.609992
-1.855485,-4.550109,-14.607761
-1.827601,-4.408410,-14.613629
-1.650371,-4.619386,-14.598832
-1.583531,-4.580687,-14.699700
-1.640464,-4.422503,-14.677855
-1.672775,-4.478325,-14.583151
-1.692599,-4.413344,-14.602445
-1.670397,-4.343841,-14.640493
-1.662362,-4.387484,-14.628642
-1.657336,-4.431724,-14.592589
-1.515146,-4.461341,-14.593385
-1.578846,-4.480344,-14.630031
-1.470831,-4.651757,-14.639527
-1.421465,-4.757424,-14.704468
-1.238412,-4.727006,-14.660673
-1.242811,-4.823995,-14.612501
-1.236150,-4.865667,-14.613374
-1.114699,-4.941244,-14.650184
-1.061904,-4.981350,-14.581933
-1.052866,-5.002095,-14.626329
-1.189286,-5.028210,-14.591679
-1.292992,-4.916069,-14.623864
-1.298327,-4.886538,-14.620796
-1.294941,-4.729033,-14.620672
-1.220098,-4.877092,-14.607339
-1.213232,-4.658492,-14.641372
-1.225530,-4.690180,-14.669969
-1.216808,-4.865680,-14.640910
-1.111172,-5.029580,-14.661320
-1.061162,-5.122634,-14.686039
-1.080926,-5.111443,-14.635161
-1.113862,-5.085872,-14.620309
-0.962167,-5.129070,-14.566322
-1.001892,-5.103043,-14.589654
-1.090313,-5.127674,-14.604449
-1.187722,-4.985080,-14.590596
-1.177058,-4.916157,-14.599514
-1.284199,-4.914308,-14.565896
-1.146966,-4.948442,-14.591115
-0.967134,-4.837422,-14.577591
-0.841786,-4.727290,-14.671108
-0.770274,-4.658523,-14.703530
-0.790503,-4.635817,-14.627184
-0.781845,-4.624375,-14.634468
-0.749970,-4.672058,-14.668155
-0.820171,-4.751231,-14.684134
-0.735987,-4.812168,-14.630680
-0.854169,-4.675606,-14.600380
-0.795065,-4.722233,-14.651110
-0.843762,-4.519481,-14.583230
-1.001689,-4.382727,-14.630199
-1.127355,-4.197453,-14.641685
-1.078595,-4.263219,-14.553482
-0.993179,-4.369194,-14.619690
-1.044423,-4.244635,-14.612782
-1.060199,-4.251879,-14.610830
-1.100667,-4.296041,-14.657723
-1.330005,-4.376930,-14.589552
-1.299638,-4.318611,-14.611856
-1.290974,-4.255121,-14.564446
-1.224707,-4.279128,-14.522155
-1.320286,-4.338530,-14.623863
-1.212412,-4.207861,-14.598265
-1.319792,-4.144327,-14.601948
-1.117541,-4.169055,-14.651469
-1.066125,-4.270015,-14.564700
-0.963579,-4.325003,-14.465741
-0.939532,-4.243824,-14.491839
-1.130091,-4.279592,-14.560776
-1.119824,-4.291359,-14.539175
-1.076909,-4.304060,-14.551261
-1.115368,-4.256997,-14.524377
-1.256277,-4.337359,-14.527053
-1.195731,-4.496746,-14.581885
-0.924280,-4.742598,-14.612521
-1.015204,-4.592576,-14.668409
-1.174673,-4.657208,-14.587528
-1.159948,-4.782317,-14.517849
-0.995322,-4.783053,-14.417417
-0.921456,-4.852116,-14.486261
-1.017796,-4.732721,-14.454560
-0.920254,-4.595367,-14.443159
-0.886895,-4.660177,-14.565371
-0.769450,-4.829977,-14.590204
-0.735017,-4.839944,-14.631195
-0.668636,-4.908456,-14.636660
-0.589933,-5.009690,-14.591850
-0.639064,-4.851466,-14.604285
-0.659662,-4.893295,-14.593900
-0.621526,-4.793174,-14.569946
-0.627260,-4.804809,-14.517186
-0.549329,-4.814565,-14.580586
-0.328175,-4.775480,-14.601263
-0.261284,-4.809137,-14.622231
-0.267901,-4.751597,-14.724669
-0.277304,-4.744187,-14.785254
-0.405259,-4.603517,-14.651643
