1.459600
8.534800
8.041500
7.935400
8.213700
7.238700
6.638500
6.611800
6.636000
6.901700
7.634200
6.802300
7.016500
7.452000
7.790300
7.249900
7.491100
6.540700
6.490000
6.492200
6.494600
6.642500
6.431400
6.638000
6.371500
6.626800
6.702600
6.632000
6.778300
6.599500
6.999100
6.745900
7.075700
6.936900
6.601600
6.571200
7.635900
7.404900
7.750500
7.487900
7.756600
6.639300
7.492500
6.822800
6.863500
6.623700
7.148800
6.925400
8.005200
7.113800
6.783100
6.598600
6.730300
6.978400
6.520100
6.839000
6.604900
6.882100
7.509300
7.666000
8.142700
8.393200
7.108600
6.796900
7.002900
7.049200
6.714400
6.922800
7.587300
7.277100
6.525400
6.909900
6.882500
7.479500
7.060100
7.462200
6.943300
7.375200
7.536300
6.892000
7.549000
7.077100
6.677700
6.623000
6.723100
6.591200
6.809700
6.435200
6.852500
7.837000
7.891800
6.736100
7.022800
7.633100
7.253500
7.848200
8.034900
6.761400
7.144500
6.984400
7.494300
6.585600
8.161500
6.585100
7.357800
6.528000
7.083200
6.443600
6.794800
6.931300
8.587700
6.487400
6.777300
6.998900
6.600500
7.183100
7.165200
6.755300
6.656000
7.353300
6.705000
6.963100
6.738200
7.549400
6.972500
7.486100
6.785700
8.462100
8.276800
7.698100
7.085200
7.322300
6.599900
7.751300
6.517600
7.027800
6.562700
8.705500
7.009900
7.562200
6.593000
7.773100
6.869800
6.996300
6.832400
7.015700
6.750700
6.985600
7.135300
7.602900
6.975000
6.489900
7.089800
6.814400
6.810900
7.080000
7.302000
6.597600
8.783900
10.061800
6.562900
7.254300
6.536200
6.785000
7.150600
6.833800
7.577200
7.654600
6.942500
6.968500
7.076100
7.271800
7.300900
6.667300
10.030200
8.186700
8.907100
7.880400
6.533600
7.532500
6.751600
7.020700
6.833600
6.818700
6.937200
7.378600
6.937000
6.942900
6.756700
7.125600
6.792300
6.739700
6.703500
6.562700
6.530200
6.539600
7.107100
7.441500
7.237700
6.699900
6.753200
8.030700
6.596100
7.057400
6.509300
6.798200
6.490700
6.694700
6.447100
7.082500
6.575300
7.357400
7.447300
7.052400
7.330800
7.908300
11.257900
8.193300
9.690700
8.777600
8.427500
7.046900
9.736000
8.086600
9.255700
22.355900
8.689400
7.616200
7.069400
7.587900
8.117800
8.790100
7.550900
8.058600
7.317000
7.211300
8.382500
7.195100
7.551400
7.321900
8.385700
7.508700
8.977300
7.747400
7.796000
6.949700
7.265300
7.172100
9.074200
10.029300
7.346300
7.497300
6.684900
8.090100
7.848500
8.289900
8.051200
7.613400
6.799700
8.317200
7.743200
7.254200
7.013100
7.164100
6.525700
8.326700
9.994200
7.561900
7.374500
7.733700
8.026200
7.995000
7.664800
7.171700
7.163200
7.496400
7.539100
7.851100
7.358300
8.173000
6.887900
6.823500
7.262300
8.128100
8.422300
8.551900
8.140800
6.829600
7.977100
7.850100
7.183500
6.969100
7.698500
7.746100
6.877900
7.655400
6.917900
8.450900
7.631700
7.604900
7.243600
7.682600
7.151300
8.201600
7.775200
7.839300
7.094700
7.839700
7.002600
8.267600
8.105000
7.988600
8.322400
8.097700
8.092400
9.712800
7.830700
6.772400
7.009500
7.087300
7.329900
7.602400
7.422800
7.147400
7.197200
6.495800
8.385400
7.257700
6.889500
6.599900
7.779900
7.020100
7.088600
6.794500
7.638700
7.993600
8.672200
6.791200
7.875600
7.653600
7.478700
7.313300
7.179900
6.643000
7.174000
7.573500
7.133700
6.882600
7.106600
6.659700
7.638600
6.683400
6.789900
6.667200
6.643300
7.656700
8.081000
7.182200
6.983800
6.993400
6.734300
6.543600
6.952500
8.127300
6.689100
6.638600
6.440400
6.956800
7.811300
8.228700
7.984200
6.822600
6.595500
6.537500
6.426600
6.785600
6.654900
6.584400
6.646700
6.721600
6.544400
6.665700
6.528600
6.486100
6.631500
6.627900
6.807300
6.526200
6.770900
6.746100
6.612300
6.723900
7.149500
7.417300
7.446400
7.214400
6.647700
6.574200
6.441900
6.861600
6.527200
6.954500
6.823500
7.048800
6.615200
6.885400
6.501400
6.751800
6.980700
8.277800
8.108700
7.716600
7.495500
8.878700
8.752500
7.401800
7.231300
6.766800
6.783500
7.171500
6.654600
8.734700
6.898900
7.212600
6.634400
6.740000
6.605000
6.925500
6.753900
6.743800
6.562100
6.624400
7.352400
7.100300
6.878500
6.650200
7.013400
6.574200
6.593100
6.830800
6.609100
6.753700
6.463400
6.453300
6.597200
7.220400
7.056000
6.405800
6.659300
6.709000
7.224600
7.007600
6.742200
6.919000
6.563400
6.669400
6.637700
6.690600
6.867200
7.116100
6.721600
7.170300
6.657600
6.795900
6.691400
7.065700
7.157700
6.655500
7.020600
6.916100
7.002400
6.872000
6.733700
7.059300
7.269400
6.586500
6.721600
6.542000
7.042400
6.572500
7.137600
6.631600
6.630700
6.714300
6.526600
7.063300
9.880900
7.134200
7.651500
7.033500
7.351700
7.089400
7.648600
7.141900
7.437600
6.573300
7.519700
8.569700
13.267300
9.626300
6.886400
8.262600
10.561900
7.275600
6.989200
6.746700
7.462900
7.020000
7.108500
7.139900
6.754000
7.304800
6.862800
6.980100
7.423800
8.233600
7.231600
7.826200
6.616800
7.864600
7.898300
8.340800
8.053400
8.335700
8.671400
7.863900
7.771900
7.178500
7.342700
7.084600
7.215500
6.782300
7.235000
6.936700
7.987800
7.889800
7.334100
6.678000
7.419700
6.691800
7.089000
6.897500
6.894000
6.889100
7.153000
7.415700
7.821300
8.017100
7.817100
6.565500
7.128500
6.713700
7.582900
6.812000
7.719900
7.429500
7.814200
7.122700
7.244800
6.994100
7.574400
7.001100
7.910500
6.897400
7.549400
6.796300
7.151800
7.263600
7.321300
7.127900
6.995800
6.604700
7.175200
6.582400
7.079000
7.001700
6.748800
6.742300
6.539000
7.411300
6.723800
7.287900
7.256300
7.915600
7.942000
7.110600
6.905800
6.570100
6.764800
6.639300
7.033300
7.656000
6.764900
6.664900
6.544200
6.756200
6.848900
7.384100
6.761600
6.857500
6.894500
6.470600
7.092500
6.852800
6.998600
6.917800
7.252300
6.599800
6.764900
6.551900
6.999100
6.439700
7.022700
6.484900
6.808800
7.191200
8.620200
7.400800
7.486100
6.917900
7.254100
6.858500
6.873900
7.037300
7.386000
6.498400
6.445700
6.960100
6.522100
7.243900
6.524500
7.167900
6.483100
6.795400
6.466300
6.719000
6.881500
7.776400
7.174200
7.809800
7.396600
7.229300
6.597000
6.630400
6.450200
6.535800
6.781000
6.844500
7.153600
6.725900
7.037600
6.736800
6.967700
7.337200
7.484800
7.994000
7.416300
6.775800
7.055400
6.532600
7.025600
6.588100
6.812900
6.623300
7.242800
7.133700
7.764800
6.582300
7.064300
7.229700
7.694400
6.889500
7.035000
7.551300
8.778500
9.424200
10.859800
8.651300
11.869300
9.344900
9.492400
8.458800
9.082700
10.852200
9.843400
9.998000
8.464300
8.485800
6.754900
7.887800
8.763700
10.599300
8.788900
7.735700
7.793200
7.476700
7.484300
8.483300
7.866300
10.168600
11.101400
9.599200
7.768600
7.984900
7.359200
10.293700
7.900300
14.143100
9.566600
10.078000
7.975100
9.417200
7.859000
9.772000
12.407800
9.995000
10.071800
9.744400
10.169700
11.465500
10.412600
14.330900
11.392400
10.445200
9.582000
9.799300
7.564600
7.791700
6.829000
6.918700
7.519800
7.564700
7.449200
7.792900
7.125700
8.030600
7.151700
7.549400
7.630500
7.620200
7.722700
7.718800
7.520600
7.719200
9.121700
18.245600
18.583700
18.214500
9.134400
9.615200
7.407300
7.537300
7.867200
8.707700
7.733200
9.437300
8.739600
8.497500
7.779000
7.032200
7.282000
8.171900
8.109000
7.980800
8.856500
7.683500
10.127200
8.920800
10.731400
9.208400
8.097200
7.857700
7.696500
8.175800
8.460400
10.106500
10.959800
7.731900
8.001900
8.082400
10.064900
8.148500
9.355200
9.175000
7.317700
7.953400
8.039100
14.748800
8.105900
7.832000
9.163200
8.115500
7.036500
8.925800
6.973600
7.841400
8.459900
7.909200
9.204600
7.992100
8.299200
10.176700
8.570300
7.468800
8.334800
10.115500
10.130700
8.555700
7.760200
8.138100
8.633700
8.035600
8.784600
9.730000
7.274300
8.717900
7.737700
8.706000
7.394600
8.799200
9.794400
7.919300
7.332200
7.154900
7.617100
7.542400
8.540600
10.355400
9.515200
7.839100
7.514100
9.583600
7.517000
6.988800
7.289400
7.689700
9.264900
7.426400
10.248500
9.341100
9.958400
8.934000
9.223300
10.086200
8.375500
8.885500
9.125900
9.253600
7.734400
7.493100
8.025700
9.342800
8.262100
7.565300
7.899400
7.478300
7.584200
8.046000
7.643400
9.121700
8.744000
7.450300
8.027600
8.398700
8.037300
7.630200
7.284800
8.253700
7.933500
8.390000
10.009000
7.625200
7.627400
8.475600
9.418800
9.122400
7.532700
8.436600
7.995200
8.257500
7.443600
7.700700
7.791900
8.220800
7.564800
8.235400
7.708100
8.025400
7.570900
7.791700
9.050800
7.483600
7.611800
7.495400
8.171600
7.389600
7.875800
7.717900
7.837200
8.256800
7.916200
8.225700
9.501900
9.296700
15.909000
9.217900
8.846100
7.934500
8.178000
8.743300
12.809400
8.879000
9.067000
13.878000
7.422300
7.837600
7.877600
9.385900
9.152400
8.890700
9.309000
9.766900
8.395100
8.102400
8.925000
16.717800
8.341800
8.122500
7.471900
9.449000
9.673900
9.158000
9.146200
7.974400
9.825600
8.119000
8.368400
9.513300
10.377400
10.496700
9.887000
8.605600
8.386600
8.298700
10.109900
10.151900
8.214100
8.092900
8.191500
9.866900
10.311100
10.038900
7.387100
8.103100
8.374300
8.459000
7.417900
7.540100
8.144900
7.729800
7.930300
7.135400
7.591800
8.944600
8.647800
9.541800
13.279000
11.522400
11.310500
11.604200
11.767100
8.910700
7.627300
9.550700
10.761100
9.892100
9.290600
10.076500
11.010200
9.509100
9.790100
9.012900
13.999500
11.905800
9.067400
10.873800
9.306500
7.901200
7.997800
8.482800
10.025300
7.852500
8.385100
8.653900
8.704200
7.903500
7.388000
7.393300
7.440800
7.788300
