342.050700
322.852700
337.734100
360.919400
339.071100
319.589600
317.139200
288.876300
326.678100
284.150300
262.107100
233.693900
242.649900
245.367900
245.061400
245.189400
246.036000
253.927700
249.894700
247.142000
246.995900
241.616200
249.436800
240.022700
248.712900
256.606200
252.961900
241.428000
246.602800
255.885600
248.443900
243.775200
246.007000
244.793800
238.376000
246.613600
250.731000
243.458500
248.034800
254.760800
256.656000
247.372900
251.386400
269.794100
244.478400
239.724100
257.662400
247.913800
252.893300
281.759500
256.196900
254.174100
245.978400
250.981700
256.527800
254.918800
248.259200
249.342800
311.026800
253.552500
247.606500
252.970300
250.816400
248.964400
246.569200
247.489100
255.409200
254.583000
246.085000
251.358400
255.883600
251.807800
257.084700
254.908500
254.523000
253.219100
250.199200
246.939800
251.458700
250.938700
263.660800
247.459700
249.089200
250.468300
250.332700
251.542800
244.317300
246.096700
244.735400
249.972500
257.914400
263.968700
251.172800
252.824600
245.462100
247.083900
247.062800
247.826200
252.666000
246.039100
244.807700
247.039100
246.132300
251.171900
249.730400
246.230800
256.733700
254.418700
256.080200
246.191400
252.723400
246.010100
246.800000
253.808700
249.563200
243.986900
254.123300
286.441600
259.877500
258.724100
261.711300
266.172600
263.540200
259.148600
261.309900
254.958500
264.754300
249.280400
243.853600
249.573800
244.923800
248.548500
242.929500
240.488200
244.249000
254.433500
268.846900
266.258200
275.050900
264.576500
269.746100
266.020100
267.515100
266.147600
257.491800
266.036000
262.256200
275.418800
269.657100
266.286500
257.420500
262.126400
263.814700
260.962700
261.224000
261.324800
261.507900
246.351600
243.977400
259.011400
254.192000
245.459200
239.598200
244.978500
239.891400
246.946200
250.976800
254.389900
242.526800
250.836200
256.834100
250.680300
251.705900
255.038600
256.010500
248.428900
252.882300
249.861500
262.651100
263.010000
262.555100
269.662300
253.798500
265.228800
246.253500
252.973900
251.180400
245.659500
248.778500
253.672800
242.179000
243.716400
276.187000
257.692200
253.560900
266.914700
257.213300
259.566300
255.521600
246.962100
254.560600
244.552800
253.182600
252.609200
251.382800
260.374400
254.078300
248.157500
247.278400
255.279600
255.371900
253.419300
261.846900
254.601100
262.816800
246.665200
254.262400
238.547900
260.093200
263.284400
259.862100
237.812000
252.307200
258.898600
254.791200
260.702500
260.743100
245.089600
247.448600
254.910400
249.900400
267.848400
277.587900
255.196700
268.865100
267.114700
251.665500
255.574200
277.724600
268.805500
260.934800
256.517200
261.589600
258.733800
251.331200
260.533900
255.908200
254.023300
258.308600
250.453100
256.799600
255.168400
241.523900
255.045500
257.081700
246.570500
260.044600
280.920000
264.957100
302.190600
242.540200
241.634400
248.076500
257.470300
255.813500
260.841000
256.354200
256.047200
248.388200
256.022700
252.066200
247.644400
245.649500
245.438400
242.304100
251.436100
259.568900
248.962900
247.931800
253.393800
259.918600
266.284800
259.184700
256.151000
260.804700
267.542200
264.115300
258.794800
255.662900
255.267900
257.580700
246.698300
251.622900
256.488300
257.997800
256.194000
251.393000
271.054600
263.841700
246.492500
256.635900
248.688800
258.761600
269.974200
264.669700
265.022900
265.860900
268.236800
262.197000
277.100200
270.489300
274.919400
269.632200
265.402200
273.440300
250.321500
259.729600
253.761700
256.016100
257.521200
251.494900
254.589800
258.210300
247.338600
255.735100
256.436400
260.668300
253.162900
257.018500
264.646400
254.544600
294.820900
281.238100
273.923300
269.071300
282.848400
256.931700
257.719000
254.648600
274.658600
271.851300
268.782600
263.795500
251.389500
258.751900
274.115000
270.011900
270.384000
275.457500
268.720400
266.568000
266.824900
279.812200
287.333800
273.242000
266.629200
271.486200
276.325100
253.046600
254.986500
258.390500
252.415700
261.427600
261.502700
273.120800
272.615800
280.987500
262.849800
264.006800
262.053400
272.674700
273.410300
268.537400
265.093500
271.892500
273.907000
273.402900
268.088000
276.463600
283.898800
274.227400
278.644900
278.495600
280.534100
270.625100
278.891300
274.311900
279.757900
268.576300
281.817000
271.259700
268.304100
269.780000
271.461400
268.198800
277.273500
269.950300
273.183900
289.072200
271.288700
264.831100
276.873400
270.498500
264.101600
268.108600
269.097100
264.379300
263.890300
272.607000
256.609000
261.650500
256.786200
262.312100
263.699800
262.047200
260.147700
262.365100
264.282100
259.571500
261.256400
259.767800
259.133400
261.652800
260.713100
258.735400
262.183100
261.095000
262.612500
260.711200
265.486700
263.184700
264.348800
260.364500
263.093800
254.727100
259.879700
274.201500
269.745800
266.309100
273.860500
270.810400
279.476800
277.409200
274.744400
269.719700
271.185700
268.655000
263.914900
276.980200
275.066500
273.756200
280.581700
267.877800
274.381700
272.646500
248.671900
254.371400
247.475500
254.165600
252.059700
259.133700
258.562500
262.339500
256.677500
254.374100
261.287100
262.499700
255.824000
255.776100
259.857300
262.984900
284.240600
257.155000
257.179400
255.788300
254.973000
258.980400
256.889100
263.352800
262.723000
257.721500
259.571300
270.949100
265.147100
275.558600
264.693400
258.574800
259.747300
252.323000
252.556400
249.799100
255.575600
255.099800
254.481700
256.095000
259.258800
253.424500
252.471200
255.951400
259.897300
254.225400
255.239700
257.919400
253.299500
252.392600
269.318400
273.043800
272.491900
275.601800
270.250200
280.277500
297.970600
283.016500
274.741500
276.067100
279.588300
286.133400
277.028000
279.042800
268.224900
276.293000
271.884600
269.894500
270.147800
270.616100
279.072400
272.190100
277.682500
273.497300
283.164400
274.248200
267.481200
271.820700
273.440500
265.572300
265.487600
267.078400
277.049600
298.071400
253.601800
243.876400
249.601300
244.400100
245.375600
253.547100
247.490600
251.674900
252.669400
245.195800
248.752500
251.052100
246.587800
242.335800
250.271100
255.070600
250.542800
254.359200
243.197800
246.317700
249.032200
241.759900
244.821800
242.079100
244.623500
242.804900
240.704300
247.910800
246.006000
247.460000
250.966500
251.513800
248.668400
264.842800
254.611300
253.511700
252.922300
253.116700
260.464700
263.391500
259.848700
257.613500
266.214900
258.116500
259.284700
267.677000
262.648200
252.310900
252.783100
259.880300
256.310200
254.117800
243.087100
253.579300
257.013500
254.111200
250.505000
250.290600
249.966400
257.052000
255.481100
254.189100
260.096500
254.571600
259.600600
257.578400
260.032100
252.769400
265.595400
258.118500
262.440000
265.231400
266.639800
262.755800
266.162700
258.328700
261.017600
275.142200
280.610300
262.884400
266.933100
263.259900
259.382600
264.790400
265.209500
271.320800
267.428600
294.285300
301.617300
273.115200
275.156000
272.814400
263.687000
268.031400
263.355700
268.337700
264.632300
263.341900
268.156900
269.054000
267.091700
270.404800
268.925100
274.192600
263.886600
267.358100
264.896200
271.443800
269.047900
268.514400
275.643600
267.199300
268.439600
263.821400
274.193800
274.042900
266.253600
269.544200
291.086900
269.776000
269.426400
268.537100
260.826200
267.450800
271.811700
270.475200
264.483500
268.597700
265.248500
267.417400
270.494000
265.702800
264.490400
263.127100
259.662100
264.867900
270.344600
263.627700
263.793000
262.202200
267.015700
258.977900
267.146800
265.815600
261.224100
261.642300
267.753700
272.339500
278.759600
291.648300
265.789400
261.792500
261.105300
253.847300
260.074800
251.628500
244.754500
252.798500
259.231300
252.567300
258.725800
257.081900
260.527700
255.155800
258.526700
256.505400
258.665000
261.422600
275.893200
251.365500
259.075000
247.481000
250.643200
247.652200
247.456300
256.052500
275.541500
257.737100
258.433600
259.724000
265.418100
265.483000
259.003500
264.690300
258.333300
264.088400
260.239600
267.501000
266.706100
257.802200
256.781300
265.620700
266.307700
259.808700
253.354800
255.291800
253.219700
256.435800
259.339300
259.516000
255.808000
256.869700
258.690300
264.911000
259.309800
251.463100
265.295000
250.673400
256.944800
259.792300
263.100100
259.545600
255.686500
253.127400
253.136900
253.012300
257.957600
251.276700
260.288600
262.145800
262.690100
258.777400
256.568900
263.762000
253.350000
282.589500
266.670000
263.330200
257.264200
256.590400
258.457200
254.961100
255.224400
247.804800
261.056900
258.959600
266.893600
259.956100
257.486900
268.982500
267.122500
261.924300
253.472200
265.689200
260.172100
264.964100
253.977600
258.263800
249.276100
265.030400
248.602000
255.547300
277.575700
259.514000
244.229200
255.647500
267.295400
257.053600
254.835700
254.220600
258.885300
260.916400
257.187600
256.013200
258.628400
255.869300
259.186700
257.542000
257.561500
255.961200
260.725300
258.487000
255.273700
273.048300
252.420900
256.758100
256.418300
260.342800
254.779700
257.765000
254.020600
254.874000
253.725600
250.770100
257.753000
272.922300
253.262100
254.732300
253.865400
257.212500
257.260400
257.767700
254.091900
254.693400
261.225600
262.772600
253.654300
256.008600
262.048800
258.293100
258.829400
262.980100
257.329000
254.503300
255.812300
269.960700
273.551900
261.616200
256.207700
260.906600
258.075900
267.844200
259.573800
266.931500
257.059400
256.389300
253.766300
264.833000
262.317300
264.079600
255.779800
259.486000
253.084900
260.081100
265.461500
250.628900
278.146700
256.377000
257.846100
267.058300
246.490500
251.318200
252.467500
255.571800
258.832500
261.707500
260.941900
259.791000
257.964600
261.380700
258.427600
258.159000
257.505200
271.668400
261.093400
260.997700
251.556000
262.985800
263.856300
262.246300
262.565800
255.698800
265.560700
260.179100
262.640900
273.441700
257.459100
269.559800
267.642800
255.855200
258.001000
263.392000
259.822100
254.723400
254.415000
268.514300
256.788400
263.095700
260.314100
254.665300
248.184800
252.058000
251.735100
256.705800
261.530000
258.500000
288.735000
273.120400
271.756400
259.076700
260.791400
248.265200
265.719800
260.969200
283.730200
294.512800
266.623400
295.658200
316.219600
264.286300
265.309700
263.438300
266.423500
255.590300
272.595900
262.317600
260.666800
265.267900
263.888200
266.664300
292.681600
262.055500
259.875100
265.500100
265.870900
265.377200
254.490000
257.394600
262.867500
260.273800
252.747400
316.452100
273.086800
257.238900
257.609000
299.891100
275.782100
258.521800
256.272600
251.272800
259.831800
252.658700
261.732500
261.369600
265.835400
263.973500
258.219500
278.522300
272.121800
255.806500
253.177800
258.954800
255.471400
269.203500
266.709800
268.555200
267.324200
263.524800
264.425200
269.523200
273.583100
263.167700
258.459300
266.832600
262.692200
266.384500
271.489500
261.698300
267.766200
263.578400
277.402600
274.432800
279.600900
273.723000
281.600400
271.888300
279.848800
280.276100
278.555800
274.123000
273.248900
