328.542600
261.075900
308.772700
340.814400
303.057700
332.522200
286.410700
315.814600
290.219000
307.160000
252.670600
257.520100
260.415600
242.350800
255.622900
244.959200
236.710000
235.825500
244.622500
237.437800
251.918500
240.215700
240.588300
243.714000
239.007600
242.394100
246.554600
232.282800
229.555400
237.472100
241.232600
240.684100
236.827800
237.374100
234.854100
237.390700
251.442100
248.749300
248.076700
250.486600
254.110100
261.019300
257.468700
254.939300
245.656100
256.372500
247.732000
251.547500
246.042300
242.644500
245.479400
250.965500
246.983700
250.345900
239.273000
252.305100
243.366700
251.155700
244.665100
269.975300
240.598300
251.953200
244.571700
268.032300
281.249400
256.265400
254.933900
251.268100
256.969400
262.912500
248.471400
240.741100
251.684600
252.217200
257.886100
252.409300
253.706300
258.920700
260.056700
254.192400
257.302900
241.375300
258.748400
244.760000
251.478000
244.283700
246.797000
254.382100
256.173000
258.703900
250.085300
248.775100
244.258100
262.879900
249.584200
253.802400
252.335200
258.381800
255.098700
254.786800
248.676200
245.748300
265.487800
247.650300
248.824700
256.672000
244.828700
252.900500
250.098100
258.683300
253.567400
255.403400
248.963500
253.725100
257.757600
256.279000
256.295000
250.977800
244.490600
245.610000
245.266400
244.187200
251.782300
252.352900
257.443100
248.308100
247.246700
241.350700
240.198400
254.870200
248.630600
254.562300
242.175100
298.439400
265.751800
240.889000
256.734100
267.051800
257.219700
267.565800
255.534500
250.722900
250.260300
250.897500
254.043000
255.175300
259.202000
256.102900
262.111100
257.534900
257.871400
257.452600
264.604500
258.546000
256.996600
248.177700
255.118200
255.484800
250.607000
253.521400
256.934200
261.913100
249.329400
242.625500
248.162500
249.660800
251.740900
271.747100
251.056400
246.092400
241.502300
246.412500
243.952800
254.366300
249.995300
242.208800
238.228900
231.753600
242.174400
239.105300
248.882000
243.717400
253.591600
254.293800
249.411100
252.576700
252.707900
251.118400
251.242100
254.479500
234.666700
241.644600
244.170700
259.324800
255.939000
257.575500
255.256300
256.623600
258.135600
260.957600
257.908900
260.435400
263.371700
255.429700
260.157700
258.085200
258.976700
262.757400
286.859700
261.575300
253.921700
254.828100
269.687200
263.513600
257.188500
259.626400
258.114300
262.872600
270.938200
254.589800
266.680300
262.754900
252.812500
247.669500
243.250800
248.647100
252.445600
250.202900
255.310900
251.160200
246.318500
255.814900
242.972100
256.200400
241.927900
249.506200
247.259000
247.443200
252.034400
249.924800
261.948500
251.591300
263.206300
264.995700
257.472200
254.716600
254.218600
256.124800
258.570200
246.095200
262.115400
258.291100
305.547200
356.645500
329.490200
317.232500
285.752500
331.740400
283.039000
283.275700
287.688400
351.405400
351.647200
317.917400
300.790200
278.082000
261.324800
253.738500
262.176000
262.889600
289.195300
257.828700
258.558600
251.473100
258.340000
253.637900
255.562000
262.087000
255.918900
253.984000
260.049600
272.438400
259.138600
263.851000
262.343900
254.844400
256.943200
253.766400
249.221200
253.581800
243.712700
259.054900
252.242200
258.086500
250.468000
252.070500
254.200700
254.607800
255.059600
244.042300
238.767100
238.104000
242.881000
244.229700
236.161900
241.642600
245.233900
247.036600
253.352700
240.433800
236.669600
232.332300
232.291800
248.662300
239.497600
237.937500
238.402200
239.973300
253.665300
247.121300
252.650400
245.229800
244.723700
237.756400
249.138700
236.147000
263.774200
262.020700
245.087800
241.169100
237.870700
241.761900
243.184900
243.082500
251.259300
265.929400
271.393200
250.808800
246.467200
251.385000
247.236600
253.940100
247.890600
262.781200
252.219800
259.911000
250.775100
256.753000
252.395400
292.459000
259.693700
247.382600
244.041800
241.946200
252.766300
258.754000
249.875600
256.614800
251.799200
246.632900
259.359900
247.908600
256.777100
249.960400
247.449700
233.888900
238.977000
241.266300
242.619100
245.943600
238.769400
239.517400
240.383200
243.182700
249.540900
248.757800
245.599400
245.894800
242.747500
239.031000
249.884700
243.132400
245.316900
245.960000
253.538100
248.400700
257.112600
244.021500
254.483600
251.775400
241.544600
241.156800
244.897900
237.371200
234.797100
242.654000
242.197500
254.263700
246.248200
243.687100
250.470500
250.501700
250.725600
244.915400
246.338300
254.143900
250.201300
252.487700
247.836000
240.185200
246.192900
241.763000
243.145800
240.484000
237.227300
237.753100
243.822600
244.553300
236.827300
249.071700
244.359900
247.330500
249.598400
237.204100
244.999200
258.166000
247.023800
237.292400
237.912200
234.231100
247.390100
234.972100
238.691100
241.914000
232.140200
242.437700
234.007800
236.818300
237.111200
245.827200
242.138700
241.720100
246.948100
258.401800
247.813200
251.129000
260.846000
259.901200
248.928100
247.294000
257.027900
257.917800
259.007700
243.041600
249.534700
249.656800
252.601100
252.901300
249.791700
249.187600
265.537700
251.458400
253.080900
250.894400
254.695700
258.529600
249.238100
251.014300
253.006000
258.102300
260.454300
253.802500
259.578300
250.448200
254.730100
251.184500
249.442700
258.474100
252.263100
251.019400
254.483400
254.367800
255.674900
260.579700
250.331600
249.202600
254.284200
248.515000
258.014100
268.198300
262.282200
261.497900
256.806100
261.268100
259.370900
258.016100
252.353500
255.713600
254.356400
260.676800
279.319500
262.546300
262.196800
253.821100
266.468300
261.080600
258.267300
253.033000
275.782100
261.581800
251.927700
261.391000
253.374000
254.365100
256.464300
257.771300
254.967700
251.332800
255.342300
257.257900
262.623600
258.038900
258.325400
256.350600
254.629200
256.726500
261.199700
259.621900
256.045300
260.016300
263.356800
255.761800
260.021300
265.065600
274.775200
257.622500
262.925200
259.772800
260.395400
269.608900
279.075900
342.941900
356.584200
319.051300
312.145200
296.302900
308.763800
298.515700
283.789700
264.491000
258.730100
287.701200
330.503700
286.886500
290.404500
279.617600
258.353500
272.375200
263.621900
252.575700
270.973800
275.795100
277.615000
260.004200
263.914700
260.460800
261.596600
271.267200
258.478800
458.328600
432.811100
333.176700
378.977600
394.898500
386.954200
363.386100
327.450700
309.052700
310.438500
285.072800
271.870900
283.163400
260.676900
265.924500
256.975300
255.726100
255.766100
252.909200
253.841700
278.243100
300.067200
286.936000
278.685100
276.897900
276.222300
276.103100
278.033500
283.617700
287.795400
278.731400
283.456900
288.610700
282.786200
284.803100
277.590100
260.570900
269.775700
259.143300
262.608600
259.560000
265.307000
268.431700
263.216400
259.511700
264.035700
265.088800
265.067700
265.917200
259.353500
258.957100
265.934100
264.939600
267.591800
259.269200
259.952400
270.352500
263.507300
265.134500
261.959300
262.182500
255.638600
268.311900
266.666500
272.696500
255.739300
267.256600
262.133500
261.638900
265.619100
264.806700
275.895800
279.370400
279.679100
275.761300
267.978400
270.506900
271.899900
268.292800
279.672400
263.303800
272.920700
266.658400
277.301400
269.302600
269.366600
285.334800
267.904300
270.678800
267.600200
271.084600
275.921100
275.035800
271.459500
265.229400
280.770000
273.054200
268.515600
276.682600
262.304700
274.493300
271.262600
268.618800
257.895100
265.018200
270.759100
264.259900
260.891700
273.498900
271.123000
279.412600
270.281300
272.022200
270.298200
271.687900
277.837200
271.326500
268.301400
291.668800
274.392900
276.954000
259.933100
258.266000
255.997200
250.966800
257.579500
250.777300
248.929700
252.456300
252.955500
255.054700
251.516600
251.275200
263.798400
253.019000
250.989300
266.271000
267.795300
272.422700
268.539700
265.350000
261.937200
260.728800
260.494500
265.437700
263.672600
262.852500
262.810400
267.195000
254.922500
263.515100
265.330200
260.542500
279.537200
290.402000
274.808100
280.278600
276.749200
273.396800
277.039800
276.130100
277.976900
276.189700
278.125900
295.944400
275.028000
274.149500
270.702700
267.109800
269.677800
249.504400
260.054300
250.856800
252.401300
254.947500
257.544200
249.412400
255.629000
255.602300
255.036200
255.781200
260.570000
252.575700
258.835400
262.289400
254.063700
254.887900
255.485800
251.353800
256.844600
265.223100
256.219900
255.745000
252.150500
243.704100
248.299600
254.985000
261.070600
251.763400
249.996400
255.223400
251.407300
254.883100
256.925200
263.167400
253.024400
251.867700
250.732700
253.950500
256.833600
256.452400
257.068100
258.947100
256.141200
255.396300
271.559900
258.241500
256.664800
250.296300
260.591900
250.187800
257.422300
252.175800
254.204300
251.548200
257.068600
253.079900
253.395900
249.343300
250.973500
260.839300
254.085000
257.829800
273.481800
254.687700
257.691100
259.981400
248.760100
251.823200
254.647000
260.164000
255.539600
248.479300
253.207500
267.229700
263.306300
255.459000
272.167200
261.891900
253.008000
251.512400
251.336900
254.931700
263.818600
277.615100
270.713000
273.714000
258.669800
263.795800
269.743300
261.938500
263.183500
270.490200
262.344000
267.220300
267.566100
259.770300
263.741100
263.726800
275.436700
266.464700
264.507400
266.475600
260.389800
272.436200
264.693600
268.424500
273.624400
269.724100
269.930000
261.525900
258.592000
265.660000
265.358500
259.062500
272.606100
257.671400
253.785900
250.765700
247.511100
254.552500
254.160400
251.944700
254.905100
257.151300
259.232400
249.955100
256.388100
262.375500
254.459700
259.153900
256.210300
251.552600
277.934400
251.927900
254.384300
249.061200
256.254500
259.509600
254.558600
251.467000
253.016700
254.485100
256.432800
247.869500
252.437100
250.614700
259.907700
253.975800
251.946900
245.909300
256.174600
255.153100
249.009500
248.491800
268.061400
251.205800
252.601400
252.775700
257.821200
257.414100
255.971100
286.843100
283.888400
261.024700
260.235900
270.151800
254.009600
262.856400
259.031800
264.747600
252.447400
251.658500
255.028600
259.465400
251.540500
248.525000
246.722800
254.399400
256.426900
264.503500
241.981200
252.627100
253.847800
251.137200
244.310900
250.263300
250.268900
255.766300
249.993800
257.381500
254.797600
248.532200
248.110200
270.367500
250.895900
256.848700
256.498900
250.822800
262.122300
250.935700
259.446300
275.024500
254.133500
282.461700
260.351100
261.188600
256.704100
260.772600
250.435100
255.619500
252.002700
254.604600
258.454600
255.162900
256.154500
260.168300
253.690800
263.311800
263.363900
266.725300
267.414700
260.033400
266.339000
262.325900
271.578700
262.353100
263.883000
254.677500
252.709100
262.417700
257.898900
269.875300
260.977600
258.363200
253.147300
255.044500
253.461100
255.291700
276.400800
262.059600
261.805100
260.259800
263.277700
251.384200
257.594200
245.949700
249.957900
246.524400
243.022700
252.088600
251.965400
254.220700
240.287200
250.714600
253.383100
297.034200
262.445200
248.462200
271.167400
285.750200
