70.503700
60.397200
53.693100
50.693500
49.775900
52.002000
51.208400
48.912200
51.810400
53.500300
55.449200
50.256900
50.967300
50.900000
51.347300
53.170700
53.651400
52.237100
51.930700
51.805900
51.351300
52.083300
51.662600
49.424200
48.928600
49.500600
50.100400
49.699100
49.071600
50.591300
49.827100
50.759700
50.272400
51.304100
51.934100
53.185800
55.249500
52.940300
51.549400
51.469400
50.153200
49.829100
48.040700
47.614700
50.806000
46.749900
48.657400
61.867100
51.478000
52.619400
52.641800
50.777300
54.373400
52.590400
53.770700
51.202500
57.972700
53.419300
51.040500
54.870200
52.545500
52.019200
51.780100
51.265300
52.960800
52.979900
52.659500
52.649500
53.715900
53.419400
55.605300
49.677700
49.700500
49.966500
51.103100
51.118000
50.957400
53.962100
53.522000
54.968800
54.476000
55.310700
51.508600
51.070300
52.126600
52.016000
54.913500
57.528400
50.052000
55.659800
52.398500
52.140400
49.219500
50.389300
53.454000
51.013900
46.834700
45.702500
53.338800
52.669300
51.503400
55.061000
50.102600
51.503900
50.999200
48.339800
47.789400
47.224500
48.521200
49.659900
50.046800
50.735000
50.920900
54.516600
54.209600
51.008400
52.247000
54.527400
55.100800
53.768300
54.013600
51.975800
49.788900
54.882600
54.106600
54.312800
59.688700
59.546100
55.307400
54.211200
54.300900
50.857100
52.051700
51.833700
50.349400
51.312200
49.844800
50.864800
50.550800
47.822600
51.819200
55.642400
54.639500
52.377900
55.027000
49.488300
50.589800
53.385600
49.731600
49.005500
55.004200
54.042100
53.337400
56.915100
52.899700
53.254800
50.842200
52.494200
48.729600
50.507700
53.424500
53.915600
51.048500
53.092000
51.055100
50.371700
55.050100
55.933000
49.417700
53.238000
52.845800
52.732600
52.927400
53.571700
52.166500
51.252800
51.393900
54.313600
51.160300
49.407900
49.923400
52.459100
51.167300
52.154900
51.500300
51.999800
49.631400
49.533700
54.571200
58.073400
60.764800
54.184100
53.275900
53.778100
51.987700
50.299600
51.083800
50.171700
55.274100
51.312700
51.229500
54.122000
52.385500
49.601600
52.869000
52.719300
52.468800
56.574600
55.036000
51.976000
59.441000
56.030400
60.801400
56.004800
58.760300
53.459400
53.105800
54.874900
55.634500
56.242600
59.951300
49.593800
54.565600
55.233300
51.460700
52.293200
52.698100
51.383600
54.685400
54.103800
55.086900
57.114800
51.925400
56.008000
56.246200
52.018900
51.559800
52.018900
55.523400
54.385700
53.348700
54.546200
50.111500
51.674700
52.822700
53.284900
53.629100
55.309700
52.552800
46.950500
51.039000
49.313800
53.847400
52.894700
49.756500
50.663300
50.999300
49.518100
47.839000
46.972300
45.999700
43.636300
47.087400
45.703200
43.616600
43.731700
43.142800
43.325300
41.659000
41.289500
46.999400
41.724500
41.355500
44.748700
41.273300
44.504700
46.779500
45.682800
45.728700
45.090400
47.437200
50.004500
48.736100
47.544000
46.068800
45.765300
45.544400
45.540100
51.301900
53.723800
44.719500
49.672600
49.083100
51.964700
48.041100
47.963900
45.909100
46.701600
45.038000
50.078200
48.256600
48.002900
48.812700
48.184700
48.013200
50.448400
47.508800
47.737000
48.353000
47.079200
47.378400
46.285800
45.438700
45.535600
48.094800
51.285300
43.094700
42.521400
45.525100
47.142600
50.804700
55.446700
82.517000
71.597100
68.050100
68.458100
57.421100
59.381900
59.096300
57.174700
63.430400
63.742900
67.319700
61.225100
68.281300
60.115300
57.553000
62.406000
63.823500
57.532200
55.239600
48.643800
50.949300
49.839200
51.137000
52.197600
55.732400
54.237800
52.731500
49.329100
52.333100
50.911400
54.221600
53.959400
52.763600
50.487100
52.404600
51.900000
53.281900
54.821500
50.922100
51.326800
52.458300
51.248000
51.706100
53.666700
55.398900
49.348300
55.102900
69.710500
54.719300
54.161500
53.095800
58.930500
58.602400
56.605700
58.576000
52.406200
55.169300
53.519000
53.790000
54.843800
52.358700
53.899400
54.960900
53.299500
52.071400
58.454200
54.929900
55.031900
52.852400
52.405500
51.963000
51.173000
50.272200
47.482000
50.747900
53.534500
50.953900
51.048200
50.351900
51.512200
91.450800
69.507700
55.023400
56.253300
53.210700
54.972900
52.140500
57.297000
56.558000
57.287500
54.831200
54.523900
58.963900
52.232600
52.547100
53.799300
57.010700
50.948800
55.942000
52.720700
50.545200
54.591100
51.524200
50.637700
50.733500
53.456300
56.053400
53.212400
54.718100
54.319000
54.456300
54.655400
46.446800
49.263400
52.656100
48.700400
49.073100
50.797900
52.522900
51.955000
52.202200
52.244900
49.359800
49.244800
48.838100
48.968300
50.064000
52.931400
51.209500
50.475700
53.172800
50.854100
50.791500
52.107900
52.115800
51.975300
53.247600
50.393400
51.300000
54.325700
49.229600
49.700600
49.134600
51.717300
46.359600
50.072700
49.971000
50.763800
48.834600
48.670600
48.741200
49.157400
48.848600
46.664500
49.172200
48.762500
49.751300
49.301900
52.088900
52.311900
51.202200
52.246400
52.256500
50.153600
51.578800
49.140400
51.763500
50.007900
52.623400
52.965000
48.989100
49.712700
47.567500
47.629600
50.229100
52.317400
51.189100
50.996700
50.637100
52.395500
51.912800
52.953200
50.462200
47.313900
49.969600
54.405300
50.253400
50.801900
49.741200
50.209200
50.629600
50.209500
50.835200
51.094200
50.446900
49.538300
49.959600
49.805900
50.240900
50.942000
51.667200
46.619900
49.540300
50.593200
49.533200
50.454600
50.288400
49.734500
52.213800
53.136900
55.469600
55.639400
48.830100
49.533600
50.147400
51.364900
49.012400
53.015300
47.154300
50.908800
45.271100
46.454200
50.890100
47.636400
47.299500
48.839600
60.780000
49.368200
53.768900
51.951600
51.417500
49.015600
49.345300
49.324700
50.262800
47.640600
46.636400
48.817200
48.812300
54.290900
47.776100
50.209500
48.378800
46.621900
48.148400
52.754200
50.559800
45.785400
47.487700
47.851600
49.058700
48.427200
52.165200
47.752600
49.249100
48.943400
48.024100
48.808300
49.209700
49.019500
50.256700
48.850800
47.497500
54.085100
50.940600
49.264400
50.578600
48.848700
45.448600
45.963400
46.675600
47.756000
49.553300
48.081200
50.130100
49.267200
47.614200
46.545500
50.357400
49.572800
45.807000
47.477600
44.584300
44.050000
44.511900
48.930000
48.135100
47.141100
47.323500
47.866600
46.377500
47.851800
46.144700
48.224900
47.998000
46.803300
46.920600
47.183700
46.984100
46.999000
46.252700
48.991800
49.233700
46.877500
46.943200
45.011100
46.499800
47.894300
48.193800
47.159300
45.913600
46.039700
44.715500
49.573300
49.618100
48.443600
48.061400
49.874800
51.355500
48.336800
46.549600
47.245200
49.532100
50.781500
51.851900
49.606600
48.445400
49.731000
54.696900
49.320400
47.697100
46.227600
48.887400
48.767100
49.516300
48.922300
48.385800
53.564800
52.154300
49.816000
53.093700
51.287600
45.911700
47.750200
48.172300
49.208900
50.570700
54.942400
50.598800
50.863800
47.990100
49.712300
54.166800
52.606600
49.322300
50.724600
49.805700
48.884600
48.889900
47.522800
48.594600
48.706600
50.148200
48.557300
47.511900
51.011400
46.100500
49.249100
48.519900
45.737300
47.824200
51.537000
47.605100
48.017200
48.510300
49.318300
48.071900
84.398100
62.055300
55.770400
49.652600
49.314000
48.477800
48.790700
49.118100
52.667700
62.177300
53.133600
60.701900
69.266700
52.604600
52.937500
50.665000
50.069100
48.019800
51.826800
52.607700
58.319000
50.216100
51.031500
48.769200
49.109300
49.278800
47.126700
46.066500
46.029900
48.395100
52.698400
53.557900
47.926700
47.990700
49.800500
50.450200
48.124300
50.040700
47.575500
46.724700
44.849300
46.215300
47.313200
48.562500
49.025800
50.283200
48.900100
44.460600
43.898500
43.580000
46.666700
44.573500
46.188700
45.743000
44.430800
48.889200
48.721400
45.450500
42.541200
43.723300
41.773000
42.619900
43.594500
45.709700
44.918000
45.447900
43.340500
42.129000
44.451100
45.877000
46.123800
44.899600
43.399800
45.860500
43.918800
43.625700
46.159800
49.804300
45.915000
47.262200
45.472300
42.607000
42.868100
41.410200
43.181600
41.515700
43.175700
40.278000
43.312200
41.822100
39.346900
41.756600
44.495900
45.004700
43.932600
42.499000
46.721600
48.112600
46.187600
46.168400
42.789200
