-6.582408,-3.149301,-2.009142
-6.582408,-3.149301,-2.009142
-6.582408,-3.149301,-2.009142
-6.582397,-3.149293,-2.009148
-6.582397,-3.149293,-2.009148
-6.582397,-3.149293,-2.009148
-6.582397,-3.149293,-2.009148
-6.582397,-3.149293,-2.009148
-6.582397,-3.149293,-2.009148
-6.582397,-3.149293,-2.009148
-6.582397,-3.149293,-2.009148
-6.582397,-3.149293,-2.009148
-6.582397,-3.149293,-2.009148
-6.582397,-3.149293,-2.009148
-6.582397,-3.149293,-2.009148
-6.582397,-3.149293,-2.009148
-6.582397,-3.149293,-2.009148
-6.582397,-3.149293,-2.009148
-6.582397,-3.149293,-2.009148
-6.582139,-3.149169,-2.009279
-6.582139,-3.149169,-2.009279
-6.582139,-3.149169,-2.009279
-6.582139,-3.149169,-2.009279
-6.582139,-3.149169,-2.009279
-6.582139,-3.149169,-2.009279
-6.582139,-3.149169,-2.009279
-6.582139,-3.149169,-2.009279
-6.582139,-3.149169,-2.009279
-6.582139,-3.149169,-2.009279
-6.582139,-3.149169,-2.009279
-6.581718,-3.148970,-2.009491
-6.581718,-3.148970,-2.009491
-6.581718,-3.148970,-2.009491
-6.581718,-3.148970,-2.009491
-6.581718,-3.148970,-2.009491
-6.581718,-3.148970,-2.009491
-6.581718,-3.148970,-2.009491
-6.581718,-3.148970,-2.009491
-6.581186,-3.148716,-2.009760
-6.581186,-3.148716,-2.009760
-6.581186,-3.148716,-2.009760
-6.581186,-3.148716,-2.009760
-6.581186,-3.148716,-2.009760
-6.580586,-3.148430,-2.010062
-6.580586,-3.148430,-2.010062
-6.580586,-3.148430,-2.010062
-6.579941,-3.148118,-2.010389
-6.579941,-3.148118,-2.010389
-6.579495,-3.147882,-2.010662
-6.578797,-3.147553,-2.011012
-6.578090,-3.147214,-2.011368
-6.574577,-3.141343,-2.002437
-6.573831,-3.140989,-2.002815
-6.573072,-3.140630,-2.003203
-6.572300,-3.140264,-2.003597
-6.571512,-3.139891,-2.003998
-6.570720,-3.139513,-2.004401
-6.569994,-3.139104,-2.004909
-6.572695,-3.139501,-2.004349
-6.572023,-3.139207,-2.004732
-6.571157,-3.138796,-2.005174
-6.569939,-3.133130,-2.006424
-6.568164,-3.132297,-2.007325
-6.567271,-3.131876,-2.007785
-6.566378,-3.131458,-2.008236
-6.565475,-3.131034,-2.008693
-6.563652,-3.130175,-2.009620
-6.562719,-3.129737,-2.010091
-6.561805,-3.129313,-2.010553
-6.560821,-3.128847,-2.011053
-6.558821,-3.127912,-2.012063
-6.557823,-3.127440,-2.012573
-6.556809,-3.126966,-2.013085
-6.546806,-3.128249,-2.013057
-6.545755,-3.127757,-2.013589
-6.545755,-3.127757,-2.013589
-6.544693,-3.127254,-2.014128
-6.543593,-3.126736,-2.014685
-6.542932,-3.136508,-2.013665
-6.541812,-3.135976,-2.014235
-6.530340,-3.136215,-2.016067
-6.530340,-3.136215,-2.016067
-6.529569,-3.135826,-2.016528
-6.528423,-3.135280,-2.017110
-6.527306,-3.134733,-2.017684
-6.523105,-3.133225,-2.019843
-6.521958,-3.132666,-2.020432
-6.520798,-3.132103,-2.021028
-6.519646,-3.131542,-2.021623
-6.520434,-3.131361,-2.021689
-6.519519,-3.130934,-2.022134
-6.518219,-3.130121,-2.023050
-6.517967,-3.129827,-2.023372
-6.521354,-3.124405,-2.023777
-6.511665,-3.121450,-2.024892
-6.510348,-3.120834,-2.025559
-6.509019,-3.120215,-2.026233
-6.507673,-3.119586,-2.026917
-6.506308,-3.118949,-2.027608
-6.504316,-3.117974,-2.028613
-6.502911,-3.117312,-2.029327
-6.502111,-3.117017,-2.029852
-6.500679,-3.116340,-2.030580
-6.497772,-3.114967,-2.032057
-6.496324,-3.114283,-2.032798
-6.497283,-3.107165,-2.025016
-6.489959,-3.103313,-2.026047
-6.488485,-3.102618,-2.026804
-6.487001,-3.101922,-2.027568
-6.484162,-3.100566,-2.029037
-6.483887,-3.100077,-2.029469
-6.482368,-3.099357,-2.030254
-6.477098,-3.097597,-2.029466
-6.477286,-3.097354,-2.029757
-6.474154,-3.095877,-2.031369
-6.472558,-3.095125,-2.032191
-6.470689,-3.094226,-2.033126
-6.464279,-3.089262,-2.032677
-6.459450,-3.085449,-2.031377
-6.459450,-3.085449,-2.031377
-6.456070,-3.086738,-2.027587
-6.444718,-3.085481,-2.017694
-6.442972,-3.084655,-2.018598
-6.439964,-3.083250,-2.020209
-6.438194,-3.082413,-2.021125
-6.436418,-3.081569,-2.022045
-6.436418,-3.081203,-2.022371
-6.431238,-3.078534,-2.021601
-6.436141,-3.071113,-2.016124
-6.434327,-3.070260,-2.017062
-6.428723,-3.066602,-2.020931
-6.425057,-3.064877,-2.022832
-6.425057,-3.064877,-2.022832
-6.424282,-3.064609,-2.023438
-6.422417,-3.063725,-2.024407
-6.412266,-3.066517,-2.028876
-6.411984,-3.066355,-2.029287
-6.405374,-3.063142,-2.020869
-6.403772,-3.062362,-2.021726
-6.403211,-3.062030,-2.022243
-6.399633,-3.060375,-2.024139
-6.398082,-3.059672,-2.024996
-6.396727,-3.059061,-2.025779
-6.386115,-3.060642,-2.026301
-6.384160,-3.059698,-2.027323
-6.382751,-3.059055,-2.027952
-6.380781,-3.058102,-2.028984
-6.363567,-3.060270,-2.018184
-6.361495,-3.059279,-2.019268
-6.361495,-3.059279,-2.019268
-6.360268,-3.058670,-2.020019
-6.360268,-3.058670,-2.020019
-6.356002,-3.053037,-2.017905
-6.356002,-3.053037,-2.017905
-6.353836,-3.051994,-2.019040
-6.348271,-3.048698,-2.018154
-6.340660,-3.047286,-2.017750
-6.338825,-3.045738,-2.019162
-6.336586,-3.044666,-2.020337
-6.334346,-3.043592,-2.021511
-6.334312,-3.043254,-2.022024
-6.330978,-3.041505,-2.024020
-6.330033,-3.041094,-2.024712
-6.327335,-3.050095,-2.025488
-6.325028,-3.048939,-2.026713
-6.320756,-3.041669,-2.026410
-6.323315,-3.034858,-2.028354
-6.319445,-3.033400,-2.030026
-6.317018,-3.032216,-2.031340
-6.308749,-3.025789,-2.028773
-6.306299,-3.024618,-2.030072
-6.298388,-3.015324,-2.026661
-6.287526,-3.016725,-2.026835
-6.289249,-3.011071,-2.027891
-6.284204,-3.008678,-2.030594
-6.281669,-3.007475,-2.031958
-6.279115,-3.006263,-2.033331
-6.278615,-3.010096,-2.030788
-6.276022,-3.008847,-2.032208
-6.273417,-3.007600,-2.033626
-6.270834,-3.006357,-2.035038
-6.270374,-3.006656,-2.035218
-6.266632,-3.005061,-2.037349
-6.242070,-2.993047,-2.016408
-6.235965,-2.991531,-2.019531
-6.228975,-2.995171,-2.018855
-6.226361,-2.993922,-2.020312
-6.224859,-2.992996,-2.021398
-6.220460,-2.990808,-2.024010
-6.218777,-2.989544,-2.025318
-6.218777,-2.989544,-2.025318
-6.216826,-2.988664,-2.026568
-6.211103,-2.984881,-2.026086
-6.207996,-2.993616,-2.026708
-6.203701,-2.991243,-2.029423
-6.201072,-2.989991,-2.030921
-6.200728,-2.982319,-2.035325
-6.198124,-2.981078,-2.036813
-6.192433,-2.976912,-2.036139
-6.186610,-2.980397,-2.034913
-6.182267,-2.986261,-2.035948
-6.179814,-2.985096,-2.037375
-6.179814,-2.985096,-2.037375
-6.168094,-2.983204,-2.031255
-6.160768,-2.981154,-2.031401
-6.156985,-2.979881,-2.033835
-6.150929,-2.986703,-2.034444
-6.148040,-2.985328,-2.036051
-6.141727,-2.982246,-2.035752
-6.140752,-2.981392,-2.036711
-6.129760,-2.984122,-2.036358
-6.119928,-2.980463,-2.028965
-6.118300,-2.989072,-2.028508
-6.116723,-2.988411,-2.029576
-6.111393,-2.985730,-2.032488
-6.104415,-2.981219,-2.036899
-6.101418,-2.979783,-2.038534
-6.098420,-2.978348,-2.040174
-6.090071,-2.977278,-2.040405
-6.087096,-2.975858,-2.042049
-6.087096,-2.975858,-2.042049
-6.077646,-2.978212,-2.042172
-6.077646,-2.978212,-2.042172
-6.068827,-2.987935,-2.040427
-6.065843,-2.986476,-2.042071
-6.067591,-2.979896,-2.043398
-6.068061,-2.970528,-2.042562
-6.061729,-2.967074,-2.042263
-6.057031,-2.959430,-2.035361
-6.048751,-2.958980,-2.035033
-6.045586,-2.953233,-2.033902
-6.043216,-2.952166,-2.035298
-6.041340,-2.947130,-2.045180
-6.035476,-2.944371,-2.048455
-6.028187,-2.943061,-2.048349
-6.029572,-2.942628,-2.048731
-6.016697,-2.939314,-2.048234
-6.014124,-2.938117,-2.049840
-6.002295,-2.929026,-2.048800
-5.999859,-2.927769,-2.050388
-5.997165,-2.926436,-2.051982
-5.994998,-2.925319,-2.053227
-5.988485,-2.922194,-2.056885
-5.985509,-2.920712,-2.058623
-5.985509,-2.920712,-2.058623
-5.984775,-2.919643,-2.059690
-5.981482,-2.918068,-2.061541
-5.971004,-2.906069,-2.050909
-5.968045,-2.904619,-2.052457
-5.954866,-2.901798,-2.056109
-5.946502,-2.904952,-2.056180
-5.936958,-2.903433,-2.049927
-5.923204,-2.903739,-2.052180
-5.913404,-2.907202,-2.056837
-5.913404,-2.907202,-2.056837
-5.912849,-2.911466,-2.055459
-5.906340,-2.907003,-2.055253
-5.907364,-2.909128,-2.057449
-5.904149,-2.907513,-2.059320
-5.892437,-2.903912,-2.061696
-5.889053,-2.902222,-2.063634
-5.887142,-2.900977,-2.065061
-5.883821,-2.899295,-2.066972
-5.871315,-2.889256,-2.066629
-5.868312,-2.887676,-2.068351
-5.869182,-2.881026,-2.069816
-5.862490,-2.877028,-2.070646
-5.859736,-2.875571,-2.072332
-5.847762,-2.864504,-2.064747
-5.849786,-2.857252,-2.066786
-5.840117,-2.854656,-2.072080
-5.837790,-2.853602,-2.073601
-5.834937,-2.852283,-2.075339
-5.814661,-2.850863,-2.077069
-5.811183,-2.849169,-2.079036
-5.796704,-2.849672,-2.077145
-5.794434,-2.848485,-2.078675
-5.792420,-2.847456,-2.080097
-5.782366,-2.850999,-2.079900
-5.773411,-2.857184,-2.083815
-5.772282,-2.856047,-2.085069
-5.768768,-2.854334,-2.087122
-5.756587,-2.851876,-2.085165
-5.760241,-2.843012,-2.079077
-5.757973,-2.833903,-2.083128
-5.754062,-2.826386,-2.085907
-5.744051,-2.815492,-2.084695
-5.738734,-2.812892,-2.089110
-5.736670,-2.811615,-2.090743
-5.733255,-2.810021,-2.092842
-5.729800,-2.808391,-2.095005
-5.720078,-2.814942,-2.093981
-5.705507,-2.812378,-2.093078
-5.701830,-2.817626,-2.093307
-5.701830,-2.817626,-2.093307
-5.698442,-2.820837,-2.091164
-5.690632,-2.824646,-2.094740
-5.689738,-2.829592,-2.094068
-5.678226,-2.828994,-2.092632
-5.667121,-2.835700,-2.083571
-5.667121,-2.835700,-2.083571
-5.650581,-2.829879,-2.080743
-5.650581,-2.829879,-2.080743
-5.651625,-2.822397,-2.084669
-5.651625,-2.822397,-2.084669
-5.647532,-2.820412,-2.087119
-5.648868,-2.813069,-2.088907
-5.645866,-2.811615,-2.090876
-5.638881,-2.817806,-2.093572
-5.630324,-2.808824,-2.094778
-5.624631,-2.806629,-2.098306
-5.615727,-2.795366,-2.088360
-5.615070,-2.782845,-2.082055
-5.599824,-2.782441,-2.085431
-5.595895,-2.780549,-2.087888
-5.590478,-2.778319,-2.091347
-5.576769,-2.774210,-2.091064
-5.565558,-2.771195,-2.093381
-5.563489,-2.769687,-2.095268
-5.559681,-2.767754,-2.097721
-5.563066,-2.768464,-2.108618
-5.560765,-2.758631,-2.113897
-5.553200,-2.759364,-2.113738
-5.537290,-2.766719,-2.112998
-5.530096,-2.763088,-2.117628
-5.519664,-2.765523,-2.118685
-5.516910,-2.764129,-2.120608
-5.511281,-2.760960,-2.124587
-5.503920,-2.760789,-2.124519
-5.490654,-2.756138,-2.124355
-5.481617,-2.744041,-2.108425
-5.460694,-2.738564,-2.098894
-5.453783,-2.736761,-2.104252
-5.436524,-2.734794,-2.109167
-5.416392,-2.730987,-2.102962
-5.416698,-2.718002,-2.103325
-5.413349,-2.716340,-2.105648
-5.410882,-2.714816,-2.107661
-5.407973,-2.713391,-2.109714
-5.398836,-2.713304,-2.109486
-5.383090,-2.701477,-2.107167
-5.375427,-2.700712,-2.107447
-5.377584,-2.696057,-2.111893
-5.369279,-2.697113,-2.112093
-5.348112,-2.700279,-2.102499
-5.349894,-2.700831,-2.099017
-5.341691,-2.692515,-2.100174
-5.337393,-2.684407,-2.103366
-5.323816,-2.684246,-2.106842
-5.324522,-2.674651,-2.105701
-5.317314,-2.669657,-2.106172
-5.312620,-2.667581,-2.109390
-5.297171,-2.656211,-2.115086
-5.293100,-2.654216,-2.117700
-5.284612,-2.648017,-2.109422
-5.276543,-2.644353,-2.110419
-5.275969,-2.643151,-2.111661
-5.257812,-2.631884,-2.113749
-5.250633,-2.630884,-2.115952
-5.241975,-2.631362,-2.116383
-5.229301,-2.643141,-2.118096
-5.214283,-2.650383,-2.115484
-5.209714,-2.655796,-2.116369
-5.186529,-2.663617,-2.105505
-5.183305,-2.668626,-2.106039
-5.178541,-2.675767,-2.107302
-5.173916,-2.675216,-2.105819
-5.159519,-2.668875,-2.107950
-5.152654,-2.668357,-2.107142
-5.144086,-2.679180,-2.097168
-5.139467,-2.676760,-2.100399
-5.130359,-2.666600,-2.096035
-5.130417,-2.649116,-2.105303
-5.122794,-2.646659,-2.106732
-5.118351,-2.644386,-2.109874
-5.102505,-2.642268,-2.107232
-5.097066,-2.639822,-2.111146
-5.090324,-2.637099,-2.124763
-5.086236,-2.634904,-2.127640
-5.086236,-2.634904,-2.127640
-5.084308,-2.633053,-2.129743
-5.052350,-2.635182,-2.125831
-5.048981,-2.633321,-2.128338
-5.040145,-2.631813,-2.129447
-5.035968,-2.629586,-2.132308
-5.034438,-2.622552,-2.138966
-5.018601,-2.601501,-2.139224
-5.019429,-2.582317,-2.136730
-5.013571,-2.578910,-2.141471
-5.009287,-2.576767,-2.144521
-5.006599,-2.575475,-2.146652
-4.987238,-2.557816,-2.137420
-4.979245,-2.559757,-2.138273
-4.970998,-2.546767,-2.139307
-4.959453,-2.548020,-2.141171
-4.937808,-2.546632,-2.144617
-4.934740,-2.545055,-2.147153
-4.929649,-2.534995,-2.152282
-4.922781,-2.535488,-2.144754
-4.916164,-2.533317,-2.149752
-4.906209,-2.537033,-2.151372
-4.903161,-2.535294,-2.153817
-4.891244,-2.526660,-2.151804
-4.875415,-2.523832,-2.152050
-4.869704,-2.527608,-2.153394
-4.864900,-2.535730,-2.156522
-4.862651,-2.535311,-2.157912
-4.844759,-2.527600,-2.161235
-4.838852,-2.525144,-2.165242
-4.838852,-2.525144,-2.165242
-4.834429,-2.513034,-2.157426
-4.830911,-2.511015,-2.160230
-4.822392,-2.510237,-2.161870
-4.813905,-2.502716,-2.163837
-4.806555,-2.498589,-2.169744
-4.800711,-2.488076,-2.167183
-4.798551,-2.486235,-2.169595
-4.774270,-2.477429,-2.172575
-4.775204,-2.467984,-2.176226
-4.769928,-2.461963,-2.172278
-4.749443,-2.480807,-2.169000
-4.736179,-2.486845,-2.169278
-4.727710,-2.494150,-2.172600
-4.724224,-2.498450,-2.172916
-4.717518,-2.506374,-2.175424
-4.703092,-2.499568,-2.176532
-4.697633,-2.501765,-2.178582
-4.671159,-2.492884,-2.177815
-4.666558,-2.490328,-2.181363
-4.662489,-2.471114,-2.179314
-4.656703,-2.460602,-2.175042
-4.648170,-2.450831,-2.177031
-4.638429,-2.442103,-2.171383
-4.635192,-2.426918,-2.174150
-4.618907,-2.432240,-2.174324
-4.618177,-2.432123,-2.175971
-4.608743,-2.426907,-2.178290
-4.600034,-2.420993,-2.181617
-4.594152,-2.415850,-2.182623
-4.590178,-2.413893,-2.185942
-4.571272,-2.416157,-2.187167
-4.554919,-2.405893,-2.185485
-4.542512,-2.401907,-2.190607
-4.538541,-2.399894,-2.193747
-4.528495,-2.395484,-2.185297
-4.518013,-2.392110,-2.188403
-4.506241,-2.403350,-2.191191
-4.503841,-2.401242,-2.193855
-4.494129,-2.402356,-2.195420
-4.494129,-2.402356,-2.195420
-4.489130,-2.387256,-2.194550
-4.482949,-2.384994,-2.199427
-4.466941,-2.368441,-2.203110
-4.451548,-2.364791,-2.204901
-4.448150,-2.362883,-2.207976
-4.444474,-2.360667,-2.211315
-4.423313,-2.357837,-2.200087
-4.411720,-2.347561,-2.205607
-4.406331,-2.346591,-2.208595
-4.367698,-2.342392,-2.204962
-4.349217,-2.314179,-2.195358
-4.349217,-2.314179,-2.195358
-4.344503,-2.311645,-2.199492
-4.340089,-2.309237,-2.203507
-4.331165,-2.303703,-2.202743
-4.302737,-2.314638,-2.190583
-4.279597,-2.310588,-2.176304
-4.269927,-2.304520,-2.181175
-4.265608,-2.302204,-2.185352
-4.263680,-2.300278,-2.188677
-4.265948,-2.303346,-2.191686
-4.261318,-2.310382,-2.192593
-4.254708,-2.317874,-2.180121
-4.237535,-2.319632,-2.180935
-4.225663,-2.322290,-2.188960
-4.203082,-2.328730,-2.186333
-4.202903,-2.318558,-2.190535
-4.199866,-2.300167,-2.180046
-4.194863,-2.297197,-2.185042
-4.177771,-2.275219,-2.182697
-4.154578,-2.268031,-2.175592
-4.147398,-2.262220,-2.177367
-4.138610,-2.251002,-2.181208
-4.128429,-2.231581,-2.183081
-4.117654,-2.240449,-2.190956
-4.117654,-2.240449,-2.190956
-4.109240,-2.237683,-2.193139
-4.110477,-2.231342,-2.210536
-4.089990,-2.224109,-2.210684
-4.086467,-2.221913,-2.210119
-4.072263,-2.227261,-2.209277
-4.048725,-2.203045,-2.220706
-4.041246,-2.196228,-2.220085
-4.038687,-2.194144,-2.222950
-4.003401,-2.176622,-2.225152
-3.976312,-2.153793,-2.214860
-3.967204,-2.145058,-2.207657
-3.972972,-2.124782,-2.210206
-3.969007,-2.122656,-2.214162
-3.965581,-2.121635,-2.218447
-3.954778,-2.123591,-2.221308
-3.942039,-2.126436,-2.223747
-3.933343,-2.116012,-2.226674
-3.929573,-2.124702,-2.228462
-3.925826,-2.112934,-2.230392
-3.923005,-2.110770,-2.233810
-3.914167,-2.105461,-2.237192
-3.894469,-2.088627,-2.239711
-3.890961,-2.086426,-2.243619
-3.862861,-2.077325,-2.242568
-3.862861,-2.077325,-2.242568
-3.859045,-2.075144,-2.246136
-3.854003,-2.065506,-2.254786
-3.853351,-2.055878,-2.258999
-3.832727,-2.040664,-2.251837
-3.822132,-2.038281,-2.256308
-3.810856,-2.069394,-2.248757
-3.796475,-2.076003,-2.246336
-3.779664,-2.078563,-2.247286
-3.767628,-2.091668,-2.244596
-3.759213,-2.087229,-2.247041
-3.742618,-2.084415,-2.246537
-3.742618,-2.084415,-2.246537
-3.744271,-2.074839,-2.248896
-3.718912,-2.077647,-2.251132
-3.678629,-2.025354,-2.250260
-3.677716,-2.014909,-2.256020
-3.677692,-2.013679,-2.257380
-3.662833,-2.015959,-2.261616
-3.655133,-2.012697,-2.269690
-3.640490,-2.027153,-2.270440
-3.637091,-2.024877,-2.273701
-3.630755,-2.017806,-2.275327
-3.609887,-1.992132,-2.266836
-3.605977,-1.989675,-2.270590
-3.595022,-1.991382,-2.273043
-3.578273,-1.973896,-2.268927
-3.575253,-1.971374,-2.272483
-3.569228,-1.959874,-2.274322
-3.553657,-1.951713,-2.278781
-3.543794,-1.947039,-2.290778
-3.531829,-1.938436,-2.299985
-3.531829,-1.938436,-2.299985
-3.525084,-1.927252,-2.294250
-3.511450,-1.921787,-2.275095
-3.492404,-1.918834,-2.274697
-3.461773,-1.900548,-2.278583
-3.450493,-1.892896,-2.273636
-3.450688,-1.891946,-2.276165
-3.402377,-1.885501,-2.267324
-3.388234,-1.858001,-2.256285
-3.374167,-1.834894,-2.257190
-3.351599,-1.813387,-2.250756
-3.336022,-1.811903,-2.238257
-3.329583,-1.811092,-2.249412
-3.315311,-1.815059,-2.254075
-3.310511,-1.798034,-2.255446
-3.296930,-1.831882,-2.256367
-3.285923,-1.832857,-2.253063
-3.277029,-1.824022,-2.250601
-3.272883,-1.821547,-2.255067
-3.260500,-1.820169,-2.254825
-3.258900,-1.819040,-2.257922
-3.252155,-1.823827,-2.262185
-3.239928,-1.809139,-2.277202
-3.236135,-1.797262,-2.277660
-3.219536,-1.809728,-2.282656
-3.198644,-1.804105,-2.295372
-3.182594,-1.779454,-2.269823
-3.175534,-1.776211,-2.272535
-3.165310,-1.775743,-2.275228
-3.131046,-1.757957,-2.268271
-3.129088,-1.755923,-2.271728
-3.131497,-1.751040,-2.286262
-3.117434,-1.772316,-2.280494
-3.104990,-1.755727,-2.282103
-3.071098,-1.709840,-2.293826
-3.058339,-1.688137,-2.295051
-3.056751,-1.673787,-2.296951
-3.035199,-1.677335,-2.297310
-3.028623,-1.675510,-2.303513
-3.025768,-1.673892,-2.306198
-3.006499,-1.669775,-2.314568
-3.001395,-1.658786,-2.305691
-2.994040,-1.655430,-2.308982
-2.989685,-1.639872,-2.310803
-2.982239,-1.626887,-2.313561
-2.963274,-1.631056,-2.324264
-2.963635,-1.620100,-2.328004
-2.961744,-1.618512,-2.330983
-2.955038,-1.605172,-2.332804
-2.940318,-1.584343,-2.337438
-2.936659,-1.591857,-2.340878
-2.922689,-1.573489,-2.339481
-2.914455,-1.574597,-2.340305
-2.901743,-1.588303,-2.324944
-2.863889,-1.595265,-2.318974
-2.857181,-1.602221,-2.319844
-2.845574,-1.608644,-2.326630
-2.830303,-1.604786,-2.325040
-2.803211,-1.591922,-2.332307
-2.791194,-1.590872,-2.334448
-2.741590,-1.585052,-2.334068
-2.734097,-1.578981,-2.337020
-2.720914,-1.562972,-2.325641
-2.713744,-1.556087,-2.329692
-2.717866,-1.539948,-2.344551
-2.712305,-1.538395,-2.353368
-2.703506,-1.533652,-2.357837
-2.707608,-1.519860,-2.355257
-2.694587,-1.488732,-2.351065
-2.663700,-1.497751,-2.341246
-2.660520,-1.495667,-2.345423
-2.647048,-1.486826,-2.339072
-2.632566,-1.474460,-2.352769
-2.613578,-1.472247,-2.361803
-2.603970,-1.434236,-2.355874
-2.605633,-1.424221,-2.358704
-2.588499,-1.419395,-2.365958
-2.590136,-1.421112,-2.365143
-2.568352,-1.431253,-2.365589
-2.547408,-1.407882,-2.368690
-2.542018,-1.394777,-2.364837
-2.536948,-1.380994,-2.367156
-2.498412,-1.383015,-2.365241
-2.487857,-1.363396,-2.365731
-2.458576,-1.348002,-2.350882
-2.443766,-1.331368,-2.357950
-2.447997,-1.329536,-2.355927
-2.433488,-1.302851,-2.359231
-2.431088,-1.315675,-2.357580
-2.387974,-1.333172,-2.339114
-2.372455,-1.338233,-2.345268
-2.365665,-1.361543,-2.342598
-2.349642,-1.341323,-2.358956
-2.333959,-1.343162,-2.357060
-2.340979,-1.319319,-2.362114
-2.319442,-1.316424,-2.345616
-2.302747,-1.315175,-2.354944
-2.293978,-1.326276,-2.364787
-2.295461,-1.321351,-2.364764
-2.248511,-1.322524,-2.360056
-2.246034,-1.319730,-2.364665
-2.246034,-1.319730,-2.364665
-2.229384,-1.309635,-2.358620
-2.231945,-1.297686,-2.361506
-2.213422,-1.268498,-2.389539
-2.196267,-1.273702,-2.389585
-2.144891,-1.245325,-2.398425
-2.137674,-1.228328,-2.396810
-2.123101,-1.194687,-2.398671
-2.116436,-1.178909,-2.412114
-2.116652,-1.177257,-2.416757
-2.098413,-1.170267,-2.410685
-2.094869,-1.167310,-2.410404
-2.086257,-1.165771,-2.412539
-2.075501,-1.129527,-2.406751
-2.068290,-1.124006,-2.415658
-2.046411,-1.106972,-2.412392
-2.045262,-1.106517,-2.415863
-2.039586,-1.103873,-2.417702
-2.037744,-1.102629,-2.421659
-2.025922,-1.090071,-2.430854
-2.026322,-1.077264,-2.424199
-2.017888,-1.105334,-2.420641
-1.996433,-1.094730,-2.418736
-1.965021,-1.120658,-2.415316
-1.925377,-1.108729,-2.414180
-1.923641,-1.092361,-2.414449
-1.916858,-1.092737,-2.415918
-1.907773,-1.092646,-2.415630
-1.887768,-1.056443,-2.412381
-1.868339,-1.037317,-2.430278
-1.862420,-1.024103,-2.431904
-1.826661,-1.023690,-2.415193
-1.826661,-1.023690,-2.415193
-1.805484,-1.030726,-2.425483
-1.782649,-1.013374,-2.428249
-1.783399,-1.012609,-2.429987
-1.787163,-1.010481,-2.446493
-1.777272,-0.978961,-2.444270
-1.749174,-0.977704,-2.444893
-1.721750,-0.965157,-2.442300
-1.719312,-0.962393,-2.450422
-1.712144,-0.971882,-2.452684
-1.706339,-0.963369,-2.455694
-1.675616,-0.936688,-2.467239
-1.670870,-0.930280,-2.477259
-1.671801,-0.939204,-2.480947
-1.665428,-0.909678,-2.483520
-1.651341,-0.897905,-2.485687
-1.645912,-0.885228,-2.486801
-1.637176,-0.866920,-2.478443
-1.616535,-0.847147,-2.481509
-1.617122,-0.848045,-2.482744
-1.589492,-0.883262,-2.471845
-1.533265,-0.835253,-2.441823
-1.524046,-0.826276,-2.441327
-1.524293,-0.825829,-2.443919
-1.487838,-0.837721,-2.425826
-1.462422,-0.818362,-2.429246
-1.454587,-0.808263,-2.426682
-1.452254,-0.806580,-2.427192
-1.417172,-0.808863,-2.432747
-1.408036,-0.807440,-2.433033
-1.390441,-0.782847,-2.428837
-1.377843,-0.777968,-2.427917
-1.355460,-0.788508,-2.429910
-1.348646,-0.777766,-2.434153
-1.345984,-0.781339,-2.442518
-1.346834,-0.774147,-2.453953
-1.325979,-0.764053,-2.456286
-1.292762,-0.743260,-2.467308
-1.292126,-0.719809,-2.468526
-1.293538,-0.721782,-2.470678
-1.287397,-0.680328,-2.470303
-1.271657,-0.644403,-2.483536
-1.246208,-0.653324,-2.484546
-1.234987,-0.625110,-2.487245
-1.235551,-0.624449,-2.489375
-1.247270,-0.620666,-2.498454
-1.193670,-0.638918,-2.497837
-1.186265,-0.606949,-2.495655
-1.172274,-0.609431,-2.499169
-1.159738,-0.629677,-2.498830
-1.148354,-0.633280,-2.501222
-1.137608,-0.634974,-2.504479
-1.122335,-0.634950,-2.505427
-1.107402,-0.647643,-2.506072
-1.104609,-0.649987,-2.513935
-1.070505,-0.620636,-2.514216
-1.073148,-0.620056,-2.514045
-1.026252,-0.600538,-2.488772
-1.016066,-0.570415,-2.486137
-1.020196,-0.568753,-2.483169
-1.003336,-0.562913,-2.489760
-0.969944,-0.521581,-2.477231
-0.971936,-0.520984,-2.478437
-0.948008,-0.520830,-2.481472
-0.941376,-0.497570,-2.477819
-0.930724,-0.482721,-2.484266
-0.910337,-0.427058,-2.500110
-0.887803,-0.434854,-2.500178
-0.870968,-0.420306,-2.489995
-0.852400,-0.396266,-2.491111
-0.853072,-0.394906,-2.494317
-0.841083,-0.397334,-2.497124
-0.850695,-0.380275,-2.502522
-0.808967,-0.430359,-2.504256
-0.793229,-0.415957,-2.508188
-0.772108,-0.423914,-2.511723
-0.753424,-0.416462,-2.505210
-0.752250,-0.420969,-2.514315
-0.742994,-0.421545,-2.505646
-0.718909,-0.426442,-2.508259
-0.714750,-0.408348,-2.497331
-0.703404,-0.370915,-2.505910
-0.685005,-0.345478,-2.505530
-0.666551,-0.347065,-2.500071
-0.654187,-0.354196,-2.504034
-0.654138,-0.331002,-2.502927
-0.616318,-0.329539,-2.510489
-0.603343,-0.327462,-2.506656
-0.579292,-0.303594,-2.505634
-0.567835,-0.277921,-2.510100
-0.532099,-0.250465,-2.516346
-0.507235,-0.229604,-2.515703
-0.505034,-0.233134,-2.517678
-0.505582,-0.233178,-2.520009
-0.493933,-0.225728,-2.519734
-0.484132,-0.228626,-2.518086
-0.470549,-0.216569,-2.525412
-0.454426,-0.182433,-2.518848
-0.433775,-0.222746,-2.507893
-0.414848,-0.212302,-2.503856
-0.411271,-0.209794,-2.502804
-0.382086,-0.191067,-2.500146
-0.372929,-0.183354,-2.499187
-0.358707,-0.161703,-2.498617
-0.353168,-0.153930,-2.498173
-0.357454,-0.189452,-2.494591
-0.307147,-0.149294,-2.502930
-0.311743,-0.138509,-2.502980
-0.287921,-0.144504,-2.497948
-0.279021,-0.140231,-2.496022
-0.271077,-0.126796,-2.505019
-0.225837,-0.055235,-2.510580
-0.195204,-0.049077,-2.515924
-0.178908,-0.044990,-2.523386
-0.169095,-0.015587,-2.524033
-0.150098,-0.028799,-2.522334
-0.152658,-0.028873,-2.522359
-0.155934,-0.016650,-2.528143
-0.131722,-0.004412,-2.523172
-0.103220,0.008361,-2.525833
-0.089789,0.012813,-2.518301
-0.094208,0.066889,-2.509918
-0.072542,0.031337,-2.503328
-0.050351,0.004439,-2.495487
-0.025914,0.001310,-2.495975
-0.028757,0.002682,-2.496938
-0.003160,0.012078,-2.495668
0.025939,0.020716,-2.504511
0.036860,0.015619,-2.508884
0.054569,0.042467,-2.504632
0.060909,0.046218,-2.502330
0.066006,0.061640,-2.508588
0.067910,0.111231,-2.501296
0.106076,0.116902,-2.520743
0.126951,0.137535,-2.512074
0.124886,0.137509,-2.511873
0.146153,0.187864,-2.519324
0.148655,0.192147,-2.520172
0.166536,0.199865,-2.514837
0.206026,0.205612,-2.508589
0.218038,0.197051,-2.510532
0.234881,0.206600,-2.508552
0.248034,0.231747,-2.499139
0.261179,0.228194,-2.493749
0.258350,0.228825,-2.493673
0.262157,0.240733,-2.497077
0.306275,0.216612,-2.481991
0.321230,0.213722,-2.479647
0.332800,0.212553,-2.478732
0.346201,0.228644,-2.479979
0.354503,0.235876,-2.478521
0.372444,0.256385,-2.461842
0.372444,0.256385,-2.461842
0.383700,0.284380,-2.451510
0.391044,0.296084,-2.479464
0.418002,0.306231,-2.480373
0.419910,0.311911,-2.479830
0.443879,0.359236,-2.477756
0.457478,0.358461,-2.461920
0.462194,0.358495,-2.456923
0.466159,0.373774,-2.455601
0.482912,0.374774,-2.454253
0.506317,0.393416,-2.463957
0.524590,0.414478,-2.461874
0.512890,0.421654,-2.451414
0.531513,0.415405,-2.448146
0.581312,0.442539,-2.438779
0.571680,0.446467,-2.419565
0.567363,0.447349,-2.407692
0.566304,0.462389,-2.404195
0.589801,0.421901,-2.398096
0.606016,0.413354,-2.410058
0.627645,0.441892,-2.424055
0.668263,0.508742,-2.440712
0.684157,0.495927,-2.441211
0.704767,0.528866,-2.452375
0.731163,0.533123,-2.430058
0.751097,0.527293,-2.425055
0.766694,0.528711,-2.419211
0.772963,0.532440,-2.417839
0.774269,0.554801,-2.415764
0.813462,0.601940,-2.402951
0.817585,0.602326,-2.416832
0.831639,0.619900,-2.401833
0.852419,0.619468,-2.415880
0.872218,0.638494,-2.406525
0.887086,0.649153,-2.410517
0.887087,0.650146,-2.405706
0.887087,0.650146,-2.405706
0.932290,0.644454,-2.419803
0.936469,0.641212,-2.406720
0.961665,0.641380,-2.406377
0.988795,0.653567,-2.397663
1.025151,0.670969,-2.394397
1.036223,0.704161,-2.396484
1.054976,0.712820,-2.391633
1.054068,0.713468,-2.385839
1.057647,0.707259,-2.382439
1.059693,0.727628,-2.381711
1.058116,0.723954,-2.384377
1.098278,0.764503,-2.374520
1.149058,0.803290,-2.396165
1.153699,0.799898,-2.390828
1.170634,0.827209,-2.384767
1.179327,0.847575,-2.383281
1.202429,0.852086,-2.382400
1.216424,0.858353,-2.372019
1.228964,0.853668,-2.367221
1.237018,0.852817,-2.352302
1.255654,0.834197,-2.349779
1.273890,0.804530,-2.347120
1.303165,0.811811,-2.344183
1.309396,0.838830,-2.334787
1.312788,0.866962,-2.313943
1.320114,0.877291,-2.304169
1.346482,0.888447,-2.311185
1.384794,0.920020,-2.335046
1.390235,0.914867,-2.330955
1.415077,0.923645,-2.352439
1.425320,0.926850,-2.360323
1.429964,0.966137,-2.336072
1.429964,0.966137,-2.336072
1.443610,0.980335,-2.336503
1.448204,0.988995,-2.337592
1.489651,1.035735,-2.349186
1.518512,1.042999,-2.338029
1.541508,1.071899,-2.331144
1.553764,1.070071,-2.328561
1.552045,1.070152,-2.324624
1.577155,1.044382,-2.320043
1.615099,1.047348,-2.314404
1.615099,1.047348,-2.314404
1.647280,1.058349,-2.315456
1.691095,1.059692,-2.336571
1.687253,1.060987,-2.332798
1.713094,1.061206,-2.342931
1.731334,1.087027,-2.343371
1.778587,1.094735,-2.348698
1.779431,1.119660,-2.334409
1.801821,1.124621,-2.332735
1.823833,1.138382,-2.322661
1.823833,1.138382,-2.322661
1.837499,1.148283,-2.315490
1.852170,1.157175,-2.310967
1.861017,1.201866,-2.308861
1.868758,1.215780,-2.297701
1.868758,1.215780,-2.297701
1.881572,1.236193,-2.295465
1.930358,1.219564,-2.285050
1.958630,1.255663,-2.304221
1.966145,1.251193,-2.294794
1.986085,1.273959,-2.293231
2.027351,1.283882,-2.304330
2.043580,1.271611,-2.299117
2.071448,1.271313,-2.296036
2.099050,1.270348,-2.293535
2.115449,1.288595,-2.286166
2.133849,1.295888,-2.279697
2.136928,1.292137,-2.286166
2.167067,1.299712,-2.277445
2.177471,1.321930,-2.271439
2.191454,1.334995,-2.281245
2.212371,1.348836,-2.281596
2.231113,1.370197,-2.274125
2.237345,1.396796,-2.274131
2.233710,1.395055,-2.270420
2.279020,1.395638,-2.272205
2.283384,1.386272,-2.259725
2.293102,1.381130,-2.251807
2.305972,1.439833,-2.256127
2.346256,1.455878,-2.253271
2.344816,1.457306,-2.248747
2.373959,1.469246,-2.256844
2.404487,1.488389,-2.264426
2.404739,1.505550,-2.258438
2.414063,1.522211,-2.238829
2.488441,1.539362,-2.254304
2.516280,1.534758,-2.258418
2.516280,1.534758,-2.258418
2.510066,1.530979,-2.251124
2.544699,1.541591,-2.251929
2.544672,1.553361,-2.248881
2.574964,1.565680,-2.238742
2.596157,1.579123,-2.241914
2.643986,1.575996,-2.254694
2.656370,1.557047,-2.250156
2.677171,1.559826,-2.243463
2.692545,1.571912,-2.245189
2.700723,1.598521,-2.244791
2.721715,1.602605,-2.249450
2.719139,1.613068,-2.246705
2.742544,1.624286,-2.236985
2.780325,1.630426,-2.235060
2.782244,1.632184,-2.228707
2.804671,1.681137,-2.225568
2.824145,1.684228,-2.221481
2.860119,1.723147,-2.229339
2.869112,1.747177,-2.227313
2.888094,1.761596,-2.222924
2.908446,1.749760,-2.218793
2.940287,1.761332,-2.216057
2.976632,1.765283,-2.216027
2.996219,1.738785,-2.209850
3.009605,1.743094,-2.203507
3.032670,1.753778,-2.196830
3.040743,1.758856,-2.204482
3.063223,1.810138,-2.212812
3.070795,1.810540,-2.209200
3.076720,1.838747,-2.192187
3.099456,1.836914,-2.184794
3.121356,1.831149,-2.191372
3.149987,1.844429,-2.199994
3.161784,1.869718,-2.192730
3.176101,1.881398,-2.188342
3.197163,1.906572,-2.186310
3.208456,1.918180,-2.181681
3.212678,1.927429,-2.176708
3.238770,1.949409,-2.161462
3.244535,1.972600,-2.158590
3.286726,1.972118,-2.160094
3.363541,1.962856,-2.180022
3.382271,1.954393,-2.175674
3.382271,1.954393,-2.175674
3.395265,1.949644,-2.172337
3.421315,2.000109,-2.165169
