0.041468,1.486750,0.503303
0.255006,1.153535,0.475661
0.349194,1.170555,0.226579
0.111179,1.254127,-0.396091
-0.477318,1.223683,-0.420105
-0.612665,1.268985,0.021544
-0.313460,1.096109,0.294150
-0.304006,1.185274,0.311518
-0.026424,0.877996,0.201089
-0.214048,0.843747,-0.150959
0.010069,1.238200,-0.130615
-0.213421,1.221347,-0.555708
-0.200486,0.887309,-0.606717
0.177697,1.388980,-0.497788
0.223095,1.306346,-0.763676
0.003651,1.328405,-0.487739
0.138603,1.396618,-0.606058
0.164557,1.560645,-0.366145
0.084095,1.416906,-0.528048
-0.156912,1.366817,-0.649437
-0.339241,2.627799,-0.795250
-0.551883,2.512079,-0.860788
-0.884787,1.411612,-0.703719
-1.095930,2.147833,-1.076277
-1.099328,2.488669,-1.115875
-1.132660,2.861574,-1.341390
-1.241177,2.659415,-1.015319
-1.148530,2.405034,-1.063941
-0.993035,2.395712,-1.234049
-1.070084,2.806237,-1.511990
-1.224318,3.121928,-1.485519
-1.229052,2.905967,-1.478631
-1.566812,3.081134,-1.647585
-1.319863,3.094279,-1.499499
-0.589697,3.163646,-0.908050
-0.259975,2.947498,-0.722127
0.009194,3.069136,-0.746794
0.110682,3.065711,-0.747818
0.282230,3.222776,-0.572315
0.508321,3.200281,-0.244474
0.717828,3.230828,-0.131850
0.915453,3.260305,0.051062
1.243830,3.109234,-0.104318
1.190326,3.038630,-0.026894
1.144541,2.901718,-0.203916
0.906784,2.943512,-0.238175
0.367339,2.880512,0.180198
0.078667,2.646848,0.299859
0.037817,2.320151,0.111059
0.035609,2.371456,-0.267699
0.449780,2.097745,-0.796499
0.879567,1.271113,-0.861971
1.063569,0.969874,-1.022970
0.638740,0.408138,-1.316822
0.395875,0.307659,-1.206151
0.755437,0.588161,-0.843415
0.958741,0.449017,-0.684759
0.949977,0.509902,-0.520168
1.122870,0.633916,-0.439957
1.236274,0.660544,-0.498774
1.073309,0.650286,-0.693951
1.184908,0.756804,-0.823217
0.953304,0.269677,-0.784997
0.673242,0.771688,-1.437086
0.787863,0.541072,-1.559972
0.810649,0.651527,-1.730675
0.790484,0.472549,-1.664653
0.601805,0.534202,-1.519249
0.592174,0.536875,-1.249951
0.461153,0.362958,-1.304814
0.339093,0.459282,-1.051245
0.762333,1.024263,-0.385592
0.904276,1.244845,-0.260999
1.020790,0.959413,-0.744083
0.957908,0.824221,-1.180545
0.859560,0.881936,-1.214438
1.294697,0.272176,-1.442637
1.392845,0.148263,-1.081210
1.385973,0.250108,-0.756757
1.255871,0.471340,-0.854369
1.295013,0.496571,-0.770056
1.381690,0.623238,-0.768336
1.494673,0.770813,-0.883192
1.409899,0.551347,-0.908094
1.453012,0.254902,-1.217303
1.434898,0.104355,-1.062740
1.491173,0.120523,-0.942246
1.443666,-0.531065,-1.424243
1.419969,-0.677689,-1.240241
1.580639,-0.489740,-1.138314
1.904747,-1.274071,-1.362869
1.989845,-1.444369,-1.395648
2.400149,-1.507205,-1.333646
2.816000,-1.642084,-0.837104
1.696407,-0.820803,-1.589435
1.562335,-0.300835,-1.613694
1.440835,0.016494,-1.273257
1.396393,0.058449,-1.251821
1.327924,0.353520,-1.188996
1.210972,0.592284,-1.256173
1.331765,0.233461,-1.227748
1.464109,0.494054,-0.954422
1.415655,1.184614,-0.640341
1.272352,1.579103,-0.589517
1.193416,1.466507,-0.624498
0.884362,1.350363,-0.843934
0.757670,1.500262,-0.938477
0.573302,1.199337,-0.456680
0.404326,1.472238,-1.273392
0.332423,1.349839,-1.463791
0.156846,1.496561,-0.930753
-0.083652,1.687358,-0.656103
-0.139322,1.849439,-0.786329
-0.131542,2.648175,-1.225975
-0.099304,2.631310,-1.232561
-0.065326,2.516399,-1.431812
-0.167874,1.745397,-1.661800
0.198175,0.795275,-1.149117
0.250739,0.029983,-0.484670
0.136149,-0.348762,-0.908319
0.080483,-0.295970,-1.292602
0.094262,-0.492973,-1.487218
-0.125548,-0.799774,-1.337084
-0.019382,-0.825832,-1.401166
0.050190,-0.817752,-1.654477
-0.117452,-0.925117,-1.210385
0.381532,-0.710947,-0.241975
0.559080,-0.480617,-0.193019
0.713714,-0.764753,-0.333539
1.320037,-0.876682,-0.258879
1.820867,-0.435890,-0.302126
1.836386,-0.272285,-0.187630
1.809043,-0.451818,-0.389231
1.995388,-0.593915,-0.392135
2.209929,-0.896981,-0.880619
2.073963,-0.524671,-0.863735
2.144721,-0.504382,-0.765770
2.123699,-1.025171,-0.857153
2.134467,-0.463872,-0.593509
1.981278,-0.155766,-0.715782
2.349056,0.065845,-0.922606
2.398059,0.335831,-0.905102
2.355836,0.337860,-0.920135
1.938756,0.348951,-1.080740
1.710344,0.580877,-1.073841
1.613003,1.232945,-1.761394
1.510915,1.013523,-1.719551
1.374414,0.932362,-1.485562
1.476716,0.965357,-1.527215
1.669589,0.920048,-1.320638
1.803860,0.889071,-1.180124
2.073142,1.008444,-0.921769
2.040439,1.047229,-0.391347
1.934968,1.153000,0.038479
1.861183,1.310237,-0.039848
1.889847,1.249443,-0.130796
2.133712,1.056794,0.192416
2.214828,1.258991,-0.201989
2.782717,0.875749,-0.695864
3.385091,0.540427,-0.832990
3.584570,0.613259,-1.046634
3.508379,0.558437,-1.182413
3.586142,0.853190,-1.293832
3.875427,1.051594,-1.373197
3.803949,1.293262,-1.228067
3.883496,0.721531,-0.833520
4.045342,0.386266,-0.818222
4.186448,0.221922,-0.735157
4.070750,0.320143,-0.857938
3.880873,0.633410,-0.477919
3.928102,0.912762,-0.719571
2.999568,0.974008,-0.487712
2.949475,1.158197,-0.390091
2.835459,1.012991,-0.448739
2.823846,1.127173,-0.427987
2.536082,1.251855,-0.315667
3.263035,1.544629,-0.474455
3.675880,1.485826,-0.608000
3.959832,1.220901,-0.771997
4.289366,1.109191,-0.838209
4.015272,0.382254,-1.295172
4.284095,0.216571,-1.296232
3.715442,0.916471,-1.179174
4.056521,0.463537,-0.741919
4.572947,0.316470,-0.129889
5.126159,0.035293,-0.324761
5.253366,-0.129029,-0.272293
5.144910,-0.147427,-0.271297
4.882642,0.271914,-0.530532
4.654944,0.578022,-0.550168
4.783594,0.784258,-0.713547
5.022299,0.864169,-0.665983
4.953585,0.836085,-0.635298
4.919015,0.842981,-0.412474
5.143610,0.621542,-0.377000
4.905841,0.466709,-0.322565
4.706395,0.293807,-0.210898
4.643317,0.236042,-0.381374
4.810009,0.204894,-0.405058
4.517976,0.556679,-0.369474
4.082008,0.679079,-0.528704
3.838308,0.557726,-0.736846
3.612919,0.513517,-0.634738
3.453651,0.749525,-0.287624
3.670413,0.777166,-0.464473
3.689062,0.644663,-0.266741
4.112926,0.554795,-0.560799
4.166764,0.530616,-0.821363
4.363724,0.699381,-1.133915
5.164393,0.807139,-1.205760
5.531234,1.027659,-1.130470
5.095658,0.774032,-1.212281
4.861143,0.764154,-1.264900
4.736996,0.842211,-1.644543
4.525560,1.105724,-1.649930
4.522415,1.373342,-1.508308
4.644543,1.359989,-1.445698
4.927390,1.127843,-1.213104
5.204848,2.053843,-1.559167
5.233807,2.059820,-1.682572
4.860557,1.608232,-1.710899
4.605319,1.327783,-1.713122
4.312855,1.124400,-1.570030
4.909961,1.519880,-1.624614
4.723548,1.860796,-1.318127
4.522778,1.717780,-1.341039
4.909778,2.052980,-1.461381
4.928018,1.893645,-1.614136
4.813521,1.710195,-1.216480
4.849359,1.715020,-1.232721
4.814948,1.696878,-1.194379
4.758660,1.666051,-1.172215
4.996398,1.567835,-1.030724
5.514759,1.557748,-0.676041
5.752211,1.309647,-0.770999
6.191284,0.934924,-0.554492
6.039439,0.867987,-0.399477
5.930303,1.047098,-0.490712
6.006076,0.928205,-0.304999
6.111966,0.653049,0.085276
6.188183,0.583572,-0.704736
5.937244,0.494596,-0.864724
5.399521,0.399208,-0.808035
5.213452,0.362210,-0.790606
5.046816,0.371108,-0.770071
4.768692,0.448439,-0.915614
4.919202,0.707389,-0.607943
5.676194,1.264065,-0.286967
6.671875,1.689932,-0.408190
6.625265,1.553900,-0.664962
6.317987,1.713655,-0.728114
6.214020,1.728816,-1.381485
6.355421,1.569024,-1.476565
6.209267,1.524192,-1.502225
6.319511,1.374522,-1.362074
6.759244,1.846000,-1.251122
7.008772,2.028003,-1.128477
6.865334,2.038512,-1.242305
6.640704,1.766222,-1.214061
7.235477,2.210686,-0.877410
7.665692,2.179923,-0.739297
7.630057,1.938113,-0.842762
7.368236,1.955953,-0.905629
7.034798,2.406365,-1.117028
6.693326,2.585657,-1.041970
6.448563,2.480258,-0.676768
6.322782,2.882316,-0.698044
6.375018,2.616079,-1.040217
6.608432,1.819959,-1.297085
6.794982,1.890094,-1.048985
5.916681,1.892523,-1.413174
6.512645,1.356079,-1.354873
6.671610,0.862983,-1.155146
6.612539,0.661856,-1.303884
6.411918,0.652690,-1.250045
6.278718,0.682271,-1.116817
6.351345,0.866872,-1.291018
7.002395,0.774583,-0.042005
6.357962,1.096649,-0.841366
6.171227,0.800223,-1.008866
6.518824,0.559500,-1.273898
6.785027,0.424962,-1.183817
6.954875,0.336841,-1.001032
6.602991,1.193671,-1.210349
6.430294,1.155121,-0.769300
6.398348,1.076159,-0.588038
6.680535,1.232754,-0.602911
6.757539,1.413507,-0.429100
6.961907,1.449564,-0.496766
7.540774,1.840006,-0.444193
7.542843,1.887035,-0.393645
7.425454,1.944015,-0.421700
7.322992,2.110742,-0.204072
7.469729,2.106170,-0.300946
7.415621,2.226220,-0.370545
7.050677,2.353014,-0.353491
7.463293,2.248370,-0.279093
7.480200,2.045177,-0.293868
7.276206,1.973454,-0.260159
6.695333,1.906478,0.035712
6.614160,1.673128,0.541635
6.939460,1.593995,0.354072
8.067307,2.033460,-0.980098
8.375476,2.296449,-1.572931
8.493608,2.498309,-1.491520
8.752130,2.387679,-1.204353
8.799136,2.525946,-0.850724
8.589377,2.485978,-0.656259
8.618238,1.714388,-0.079550
8.770204,1.473306,-0.043665
8.634349,2.359199,-0.731890
8.823127,2.774763,-1.156923
8.835591,3.008168,-1.114114
8.989967,3.010899,-1.229431
9.302626,2.738811,-1.121769
9.111293,2.943600,-1.073195
8.639942,3.327597,-0.776238
8.887321,3.381303,-0.148006
9.038260,3.331215,-0.140885
8.529331,3.204257,0.039661
8.327415,3.170542,-0.144428
8.545052,3.116375,-0.109540
8.340328,2.984622,-0.308556
8.707705,3.189325,0.072051
8.047696,3.516045,-0.329231
7.893065,3.765002,-0.295252
7.779027,3.851641,-0.402308
7.486125,4.086830,-0.782396
7.501955,4.062018,-0.866057
7.768048,3.499675,-1.437089
8.243660,4.766086,-0.914584
8.289529,4.795483,-1.066005
8.406426,4.748445,-1.017926
8.706709,4.491455,-0.743301
8.771471,4.603511,-0.713220
8.921007,4.766162,-0.901433
9.043562,4.990568,-0.866914
9.020546,4.984652,-1.424935
9.059930,4.841909,-1.963791
9.365710,4.596120,-1.940415
9.520833,3.893290,-2.177109
9.458515,4.109650,-2.021133
10.072524,3.437590,-2.004400
9.583484,3.291905,-1.529156
9.667363,3.187612,-1.664830
10.017694,3.877941,-2.107947
10.509593,3.928076,-1.839634
11.050221,4.075428,-1.847479
11.406928,3.743461,-1.723398
12.019357,3.346375,-1.360133
12.018219,3.646210,-0.815382
11.742047,3.814104,-0.690360
11.355785,4.044435,-0.698287
11.311986,4.142552,-0.477066
11.566586,4.006358,-0.755836
12.121162,4.066487,-1.125909
12.465337,3.981286,-1.402489
12.833878,3.710938,-1.540906
13.196319,3.886794,-1.848128
13.373434,4.266659,-1.656192
13.055161,4.407521,-1.539270
12.891379,4.615891,-1.379809
13.033314,4.858226,-1.387673
12.919582,4.984860,-0.965040
12.978617,4.875103,-0.830748
12.655217,3.969114,-0.459139
12.600136,3.971484,-0.138699
12.814690,3.909626,-0.311280
12.942488,4.223865,-0.522594
13.015167,4.013174,-0.502287
12.801208,3.809973,-0.849327
12.765687,3.579349,-1.079218
12.944546,3.723317,-0.829549
12.562560,3.997103,-0.158405
12.681851,3.346868,-0.672642
12.725292,2.517856,-1.025348
12.628623,2.231170,-1.225132
12.654451,2.376962,-1.346986
12.594125,2.682517,-1.359699
12.604852,2.623589,-1.408880
12.783236,2.806453,-1.421059
12.916544,2.884480,-1.587625
13.412877,2.200847,-1.320302
14.120102,1.607949,-0.867440
14.442578,1.291984,-0.618902
14.296439,1.676293,-1.194391
14.268944,1.981078,-1.602330
14.445055,2.048100,-1.531613
13.942381,2.436285,-1.881698
13.736692,2.460836,-1.995784
14.061985,2.174806,-1.357839
14.346439,1.712604,-0.973502
14.818845,1.219430,-0.899140
15.021506,1.197335,-0.936046
14.323520,1.335950,-1.119934
14.225479,1.421363,-1.218577
14.057936,1.971948,-1.030421
14.535813,1.863544,-1.024794
14.856748,1.601526,-1.287652
14.663271,2.140270,-1.148523
14.850019,2.568087,-1.238972
14.833954,2.420995,-0.964392
14.497922,2.090262,-0.932844
14.311223,1.934696,-0.879514
13.979862,1.715965,-0.578816
14.181918,1.860194,-0.099163
14.084034,1.945322,-0.176360
13.953572,1.963177,-0.392534
14.290370,1.392261,-0.616353
15.026850,0.763641,-0.718928
14.970519,0.844136,-0.640585
14.978371,0.858282,-0.580921
15.201671,0.940769,-0.403753
15.307380,0.993333,-0.385652
15.186327,1.107991,-0.319362
15.126110,0.420920,-0.204067
15.016392,0.460209,-0.054744
14.930178,0.714311,-0.147375
15.042111,0.358732,-0.097960
14.849182,0.507367,-0.167851
14.881402,0.633536,-0.027292
14.854888,0.666433,-0.209481
14.755285,0.747176,-0.216661
15.186096,0.743469,-0.595941
14.842887,0.220889,-0.793163
14.959439,0.102785,-0.770230
14.855354,-0.255040,-0.780736
14.853323,-0.708952,-0.730563
15.053540,-0.919505,-0.616245
15.092743,-0.898314,-0.719076
15.756347,-0.488160,-0.797369
16.153723,-0.405400,-0.737810
16.272825,-0.080559,-0.739280
16.421339,0.079687,-0.772653
16.924492,0.073033,-0.981411
17.522783,0.070884,-1.024398
17.654425,0.213253,-1.268465
18.083706,0.475838,-1.440884
18.165375,0.699041,-1.639087
18.503023,0.770620,-1.537807
18.919514,0.855371,-1.188661
19.013361,1.251226,-1.231105
18.965700,1.636332,-1.240293
19.179947,1.912293,-1.159054
19.308136,1.762907,-1.080551
19.727785,1.774255,-1.150970
19.660528,1.726063,-1.348648
19.401348,1.561364,-0.966626
18.890675,1.916600,-1.004175
20.203951,2.080461,-1.170612
19.807583,2.234334,-1.206014
19.818310,2.645420,-0.745068
19.089220,2.552808,-0.891148
19.758333,2.517312,-1.027360
19.852455,2.728133,-0.673281
19.213051,2.786550,-0.749934
18.171976,2.832449,-0.001008
18.235672,2.997352,0.004224
18.528746,2.821925,0.143185
18.599741,2.789109,0.101081
18.576880,2.762745,0.117889
18.458487,2.620426,0.220451
18.817554,2.721473,0.161152
19.308674,2.513080,0.180100
19.689030,2.526178,0.145574
19.742622,2.252518,0.265954
19.882828,2.620188,0.269911
20.096479,2.250319,-0.372061
20.214205,2.122936,-0.570635
20.352060,2.162469,-0.400624
20.621243,2.287330,-0.220768
20.953117,1.822250,-0.086032
21.101992,1.508228,-0.116577
21.114792,1.626544,-0.310381
21.260574,1.426788,-0.425876
21.254969,1.379893,-0.554820
21.349710,1.096558,-0.649160
21.850096,1.141233,-0.347264
21.871754,1.200681,-0.126279
21.941879,1.111216,0.058618
21.362200,0.812944,-0.205946
21.018557,0.405720,-0.655300
20.849371,0.372038,-0.348321
20.922056,0.399857,-0.517212
21.178711,0.536030,-0.741098
21.325829,0.857920,-0.646277
22.840021,1.124922,0.011144
22.700127,1.350693,0.204436
22.424280,1.412263,-0.015847
22.483818,1.807687,0.471298
22.622175,2.173168,0.638765
22.389633,2.215861,0.587548
22.537643,1.889110,0.217900
22.920380,1.575963,-0.299725
23.207314,1.434808,-0.647920
23.347000,1.266305,-0.818097
23.777117,1.146540,-0.273585
23.298773,0.953457,-0.259652
23.179377,0.872323,-0.138196
23.293377,0.633903,-0.141569
23.481909,0.515979,-0.243347
24.448128,0.792857,-0.387048
24.627291,0.911845,-0.543959
24.525658,1.080549,-0.697959
24.747486,0.796236,-0.755729
24.939259,0.541687,-0.701015
24.929251,0.661900,-0.736798
25.045654,0.403965,-0.455440
25.005587,0.270608,-0.283695
25.031305,0.209994,-0.370752
25.206724,0.295546,-0.533575
25.151585,-0.156607,-0.588384
24.909586,-0.412310,-0.517668
24.844404,-0.412056,-0.263325
24.802608,-0.671139,-0.454094
24.858856,-0.671493,-0.477264
24.801527,-0.639979,-0.721010
25.042074,-0.823524,-0.422196
24.975880,-1.029499,-0.780155
25.277100,-1.082257,-0.858369
25.504463,-0.946157,-0.702068
25.919899,-0.872915,-0.461845
26.124792,-0.657774,-0.386981
26.064598,-0.495048,-0.475559
26.433594,-0.282980,-0.434460
26.658407,-0.069081,-0.447116
26.623062,-0.071241,-0.663831
26.656958,-0.036174,-0.257113
26.724190,-0.172409,-0.163842
27.128468,0.067338,-0.185884
27.083958,0.223906,-0.373411
27.484962,0.260137,-0.441047
27.883575,0.303118,-0.523912
28.722742,0.259607,-1.075484
28.743635,0.329732,-1.286604
28.643618,0.546709,-0.838765
28.463850,0.659405,-0.490552
27.934385,0.796864,-0.265425
28.221306,0.802065,-0.508208
27.796013,1.035854,-0.225575
27.989616,0.471017,-0.182273
27.977156,0.293558,-0.095171
28.037233,0.339609,-0.052653
27.522699,0.309944,-0.274083
27.619190,0.722843,-0.268539
27.772335,1.080918,-0.069412
27.444860,1.934775,0.463418
27.523094,2.314610,0.215759
27.491600,2.563310,-0.009900
27.238480,2.409066,-0.021141
27.317997,2.619835,-0.169314
27.829947,2.761344,-0.259276
28.072275,2.914524,-0.042547
28.480337,3.013783,0.065959
27.987295,2.556058,0.664227
28.231731,2.401283,0.465697
28.391769,1.756589,0.711797
28.440392,1.332701,0.974047
28.636995,1.466055,0.980060
28.655796,2.289681,0.837573
28.990410,2.369852,0.458951
29.194773,2.410786,0.245275
28.659096,2.592886,0.319140
28.856249,2.376575,0.470420
28.913261,2.162822,0.632576
29.054470,1.836698,0.800884
29.168247,1.770182,0.884932
29.313669,1.777840,0.923779
30.044220,1.803437,0.740560
29.884117,2.068483,0.463109
30.445370,2.299195,0.790493
30.684235,2.183158,0.832206
30.603626,2.258785,1.111454
30.588316,2.456303,1.270340
30.547661,2.547159,0.986608
30.677122,2.317763,1.162153
30.896315,2.381229,0.988905
31.409527,2.632188,0.908113
31.584833,2.926312,0.736962
31.585075,2.678807,0.556314
31.488623,2.618699,0.358512
30.857342,2.441359,0.277689
30.855242,2.626835,0.314610
30.978489,2.734306,0.266721
30.827856,2.874799,0.025821
31.078966,3.356795,0.160343
31.299095,3.578492,0.457012
31.299759,3.239955,0.257794
31.985088,3.554346,0.019618
32.377300,3.739323,0.180028
32.911438,3.516415,-0.665543
33.043049,3.543005,-0.432116
33.156757,3.425525,-0.165240
33.584557,3.025343,0.374137
33.710518,2.900635,0.370876
33.685493,2.640044,0.054733
33.785095,2.998300,0.221932
34.056976,2.997147,0.536133
34.188850,2.751463,0.800021
34.178974,2.993487,0.321913
