0.043782,1.485054,0.503526
0.199334,1.254544,0.200525
0.448072,0.899963,-0.327663
0.926506,0.933445,-0.086237
1.204224,0.864463,-0.215157
1.553339,0.678934,-0.323642
1.459964,0.407889,-0.164869
1.775756,0.045335,0.040041
1.915784,-0.464568,0.460731
2.103934,-0.242800,0.533364
1.890631,-0.339793,0.418433
1.750825,-0.634371,0.344781
1.283401,-0.417847,0.632610
1.033522,-0.662017,0.678909
1.588119,-1.103217,0.729975
1.698158,-1.303546,0.881458
1.764728,-1.229870,0.735170
1.842907,-1.336775,0.449840
2.283093,-0.697750,-0.131274
2.224312,-0.849602,-0.226482
2.553348,-0.282093,-0.179355
2.930830,0.849657,0.402947
3.077407,2.034171,0.843339
3.272365,2.017422,0.853092
3.260433,2.181327,0.648546
3.021812,2.129671,0.541318
3.158270,1.657233,-0.096163
3.339212,1.973562,0.115798
3.261266,2.242773,0.495364
3.328182,2.296627,0.218594
2.895036,2.375718,0.168865
2.725704,2.332470,0.160496
2.432225,3.046991,-0.266405
2.086921,3.112316,-0.170195
1.844613,3.197482,0.255096
1.448171,2.915626,0.484061
2.271663,2.966803,0.008675
2.011717,2.863741,0.148054
1.902981,2.276518,0.115058
2.581403,2.255097,-0.342171
2.973894,2.445795,-1.235036
2.526825,2.799059,-1.341480
2.213210,3.184740,-1.499461
3.127979,3.246616,-1.013801
2.776695,3.542382,-0.548390
2.370662,3.911395,-0.203912
1.831676,4.150627,0.254963
1.471111,4.206776,0.182868
1.515747,3.612920,0.030126
1.658696,3.104271,-0.569569
2.009415,2.823152,-0.497061
2.370886,2.902201,-0.173157
2.349231,3.127528,-0.158619
2.321528,3.558991,-0.114160
2.328143,3.742537,-0.020053
2.118692,3.998629,-0.022046
2.631695,4.026413,-0.144460
2.521212,3.604273,-0.405332
2.417660,3.368277,-0.272361
2.810872,3.295456,-1.476323
2.758291,3.010345,-1.231278
2.898129,3.016203,-1.080829
2.745923,3.153279,-1.093097
2.666712,3.833628,-1.505846
2.443922,4.065255,-1.489634
2.782313,3.168568,-1.534539
2.934554,3.069049,-1.234580
2.528155,3.153442,-1.199935
2.154302,3.116731,-0.834144
1.821147,3.017822,-0.063966
1.509349,3.175223,0.583659
1.238085,3.264497,0.273465
1.151713,2.863801,0.384551
1.076860,2.830233,0.334292
1.170661,3.170050,0.378897
1.222092,3.190176,0.357786
1.130873,3.462993,0.372863
1.095960,3.596785,0.441381
1.303945,2.912595,0.277433
1.270568,2.607932,0.008616
1.355219,1.963518,-0.236672
1.513752,1.414334,-0.690204
2.314456,1.534778,-0.817967
2.523464,1.604331,-0.975131
2.035630,1.575835,-1.402823
1.747933,1.550776,-1.367652
1.537018,1.541547,-1.385727
1.155519,1.169497,-1.462520
0.955546,1.518850,-1.058468
1.107156,1.794452,-1.100618
1.012675,2.022496,-1.441660
1.237506,2.126378,-1.388675
1.319007,2.023514,-1.269075
1.039629,1.252522,-1.185611
1.117129,0.573374,-1.264392
1.460849,0.546167,-1.394642
1.762532,0.545797,-1.244293
1.649800,0.451412,-1.173987
2.152009,0.290907,-0.850336
1.945696,0.253558,-0.847583
2.231233,0.298391,-0.932711
2.275369,-0.247109,-0.990444
1.967026,-0.473644,-1.272992
2.191103,-0.414945,-1.044563
2.450944,0.153432,-0.989277
2.329590,-0.004310,-0.863946
2.327492,-0.135045,-0.788938
2.331704,-0.240818,-1.097823
1.777850,-0.309489,-1.041131
1.116665,-0.608828,-1.676259
0.985827,-0.573824,-1.494025
0.610390,-0.627549,-0.516647
0.014204,-0.766127,-0.117065
0.229106,-0.216062,-0.473798
0.120962,-0.187973,-0.662082
-0.574495,-0.240138,-0.729948
-0.499283,-0.089920,-1.242074
-0.436164,-0.017750,-1.600911
-0.633796,-0.099173,-1.971188
-0.703905,-0.124858,-1.694874
-0.614424,-0.657507,-1.996768
-0.274264,-1.120903,-2.131458
-0.202493,-1.062822,-2.076011
-0.110064,-0.950891,-2.095117
0.223125,-1.372136,-2.087386
0.037100,-1.699432,-1.829554
0.090480,-1.989635,-1.725980
-0.380789,-3.068985,-1.579339
-0.296776,-3.323186,-1.609567
-0.841607,-3.330165,-1.807589
-1.098006,-3.549141,-1.718804
-1.160584,-3.411841,-1.669622
-1.888414,-3.150878,-1.567512
-1.941209,-3.526096,-1.526311
-2.099862,-3.585822,-1.289879
-1.842162,-3.347291,-1.103283
-1.962293,-2.928045,-1.510149
-1.855777,-2.825711,-0.986412
-1.367332,-3.143041,-1.271539
-1.451369,-2.944515,-1.215437
-1.619172,-3.104964,-1.516500
-1.356063,-3.326177,-0.922659
-1.150531,-3.353879,-0.433864
-0.656974,-2.968928,-0.082904
-0.724693,-2.770551,-0.177770
-0.374133,-2.616457,-0.567358
0.028521,-2.636753,-0.817250
0.122236,-2.712178,-1.031539
0.501921,-2.797325,-1.262670
0.568655,-2.863997,-1.051269
0.938075,-3.262120,-0.817858
0.917376,-3.187852,-0.600631
0.331849,-3.106066,-0.593906
0.693625,-3.053643,-0.615777
0.695776,-2.803678,-0.469152
1.036592,-2.798025,-0.490554
1.297321,-2.612902,-0.769985
1.268555,-2.187073,-0.884803
0.824782,-2.660446,-0.257566
1.008288,-2.438130,-0.433789
1.080379,-2.155340,-0.627413
1.335532,-2.273974,-0.473156
2.519060,-2.052676,-0.678051
2.491558,-2.087362,-0.197522
2.606091,-1.934033,-0.040205
2.054735,-2.753723,0.080252
2.133524,-2.321226,-0.491628
2.239471,-2.486590,-0.488722
1.982702,-2.706453,0.013034
1.826379,-3.242115,-0.410254
2.297853,-3.331308,-0.242206
1.964137,-3.300338,-0.152704
1.127809,-3.296349,-0.034006
1.198208,-3.096925,0.317744
1.778066,-3.434152,0.059485
1.834346,-2.993258,-0.175178
1.724055,-3.131676,-0.271935
1.882599,-3.368318,-0.345141
2.343077,-3.096347,-0.448280
2.267947,-3.121649,-0.600139
2.626498,-2.877562,-0.604052
2.441054,-2.679218,-0.016677
2.417387,-2.631922,-0.411056
2.323334,-2.527441,-0.509033
2.671885,-2.152860,-0.803661
2.835866,-1.850423,-0.952418
2.727133,-1.733088,-0.939327
2.945834,-1.633780,-0.935677
3.085930,-1.530078,-0.992276
3.414278,-1.338726,-1.209736
3.242941,-0.709665,-1.237416
3.596353,-0.702658,-1.209159
3.502336,-0.596695,-1.135071
4.264706,-0.730081,-1.311318
4.895218,-1.018792,-1.570518
5.506650,-1.492093,-1.996052
5.211569,-1.502523,-1.533131
5.161867,-1.505445,-1.530547
4.585200,-1.440572,-1.256137
4.673151,-1.679646,-1.093235
4.529918,-1.834275,-1.214033
4.463526,-2.146066,-0.771616
4.232843,-2.727489,-0.051741
4.153587,-2.334159,-0.389420
4.175709,-2.169005,-1.058425
4.236801,-2.050566,-1.157220
4.245840,-2.136798,-1.065467
4.289127,-2.007101,-1.262205
4.290743,-1.840775,-1.260626
4.343275,-1.705601,-1.694024
4.608537,-2.124985,-1.626719
4.406436,-2.073003,-1.258282
4.419536,-1.778159,-1.123838
4.152343,-1.943372,-0.722188
4.252013,-2.110953,-0.813461
4.194476,-2.200345,-0.307141
3.771533,-2.212220,-0.222185
3.796542,-2.078135,-0.388891
3.676013,-2.001531,-0.682067
3.403932,-1.978829,-0.447619
3.114143,-1.910365,-0.657399
2.968508,-2.251069,-0.814054
3.277088,-3.032311,-0.676276
3.319122,-3.233971,-0.738668
3.492440,-3.013677,-1.005940
3.897881,-3.137142,-0.472269
4.252564,-3.416771,-0.083050
4.608900,-3.109885,-0.074335
4.774123,-3.295972,-0.227912
3.958980,-3.564648,-0.147142
3.829939,-3.471434,-0.342687
3.349842,-4.242380,-0.055356
3.360149,-4.461565,-0.222864
3.752927,-4.588627,-0.285319
4.329242,-4.312484,-0.448575
4.831384,-4.044391,-0.184665
5.205593,-3.815608,-0.040673
4.997275,-4.484841,-0.204970
5.060037,-4.717339,-0.899831
4.533774,-4.174774,-0.456234
4.319310,-4.146636,-0.721198
3.828230,-4.214460,-0.757123
3.464617,-3.889400,-0.568462
3.688186,-3.904589,-0.401002
3.999983,-3.652300,-0.160437
4.141010,-3.291577,-0.282336
4.226811,-3.069098,-0.493353
4.431831,-2.792406,-0.864949
4.574669,-2.838263,-0.349737
4.676888,-3.118637,-0.636248
4.601643,-3.350387,-0.908470
4.128300,-2.869161,-0.337235
4.366302,-3.038581,-0.352918
4.845139,-3.306939,-0.427086
5.042937,-3.385166,-0.417390
4.943368,-3.332083,-0.431389
5.293678,-3.169803,-0.869581
5.151580,-2.880152,-0.676493
4.666367,-2.236020,-0.930297
4.720663,-2.043074,-1.072177
4.535045,-2.091132,-1.460483
4.290016,-1.672574,-2.013080
4.308476,-1.610929,-1.856467
4.169838,-1.613584,-1.858244
4.519084,-1.435221,-1.885374
4.813802,-1.001352,-2.004321
4.901173,-0.803636,-2.021410
4.984659,-0.943517,-2.057343
5.204032,-1.037448,-1.924459
5.267249,-1.123796,-1.529830
5.638042,-0.826017,-1.272937
6.485173,-0.312422,-1.043117
6.713555,-0.162165,-1.046342
6.550169,-0.370515,-0.814623
6.557112,-0.375336,-0.775850
6.687670,-0.547533,-0.767607
7.042746,-0.646613,-0.641025
6.716021,-1.035928,-0.749933
6.550251,-1.551163,-0.508157
6.589096,-1.581729,-0.704101
6.484940,-1.600498,-0.945382
6.577370,-1.765075,-0.909443
6.188590,-1.943850,-0.904616
6.538520,-2.319927,-0.714590
6.375017,-2.253900,-0.722130
6.485666,-2.326391,-0.894537
6.308204,-2.283530,-0.857362
5.582422,-2.570533,-0.764624
6.353164,-2.641872,-1.463584
6.905397,-2.785702,-1.694757
6.925070,-2.287429,-1.702724
6.564435,-2.247628,-1.597224
6.333598,-2.545753,-1.462235
6.271062,-2.939749,-1.130638
5.979814,-3.367621,-0.579485
5.152195,-3.744392,-0.647507
5.250626,-3.368283,-0.538536
5.163222,-3.441228,-0.736308
5.254205,-2.995693,-0.765546
5.173590,-3.494897,-0.892346
4.949294,-3.418083,-1.173108
4.880838,-2.992092,-1.570318
4.257170,-2.959376,-1.739710
4.556934,-2.858045,-1.841983
5.453049,-2.830533,-2.155482
6.487752,-2.521441,-3.000022
6.474269,-2.633135,-2.982319
6.522343,-2.660289,-3.119169
6.273027,-2.047041,-3.653499
6.544457,-2.047189,-3.586783
6.853567,-2.228368,-3.997916
7.246515,-2.310435,-4.223550
7.498775,-2.020659,-4.183480
6.848321,-1.561726,-4.080051
5.965390,-1.107829,-3.903925
6.143198,-1.173200,-3.989066
6.996176,-0.993081,-4.282352
7.006779,-1.010008,-4.390416
7.004426,-0.893791,-4.496142
7.049767,-1.359583,-4.613965
7.067896,-1.523925,-4.862999
7.137583,-1.951932,-4.508289
6.519135,-2.560155,-3.722084
6.163822,-2.557220,-3.497803
5.932411,-2.544613,-3.453563
6.019559,-2.489253,-3.386982
5.912261,-2.515308,-3.224197
6.179177,-2.713181,-3.391016
6.241553,-2.668797,-4.124000
6.155511,-2.589004,-4.173649
6.408114,-2.494639,-3.981145
6.998255,-2.552246,-3.743929
7.806028,-2.162703,-4.243633
7.799416,-1.956952,-4.263397
8.107087,-2.256258,-4.437363
8.043821,-2.453634,-4.487609
7.830405,-2.374878,-4.165193
7.583536,-2.033484,-3.561078
7.204971,-1.473331,-3.144618
7.255207,-1.525250,-3.244168
7.716109,-2.090086,-3.432150
7.799963,-2.514001,-3.125773
7.738886,-2.529624,-3.037487
7.675216,-2.600802,-2.863206
7.636910,-2.637598,-2.647638
7.846753,-2.138946,-2.475964
7.916461,-2.156310,-2.324416
7.924424,-1.807691,-2.124812
7.271207,-1.709472,-2.182928
7.402137,-1.572550,-1.772697
7.745394,-1.773616,-2.054189
7.948188,-1.816272,-2.002186
7.697719,-1.706275,-2.235936
7.643460,-1.615240,-2.144117
7.113779,-1.452144,-1.862207
7.059895,-1.665334,-1.976659
7.371431,-1.760127,-2.132849
7.070757,-2.201382,-1.988321
7.062092,-2.710999,-2.221003
7.367741,-3.132812,-2.076620
7.460552,-2.062800,-2.138084
7.509512,-2.452247,-2.136436
7.531713,-2.303974,-2.087293
7.416002,-1.668769,-1.829696
7.222424,-1.594042,-1.820646
7.076579,-1.639278,-1.552780
6.770898,-1.626086,-1.320787
7.438050,-1.597743,-1.273718
8.018115,-1.578927,-1.428117
7.781544,-1.112709,-1.340765
7.518893,-0.808098,-1.450219
7.656264,-0.231217,-1.817396
8.091886,-0.240595,-1.949379
8.491319,-0.821261,-1.832559
8.496590,-0.425992,-1.637643
8.325668,-0.409892,-1.628175
8.310186,-0.312002,-1.710958
8.769134,-0.366543,-1.972698
8.501759,-0.119516,-1.883982
8.231714,-0.140019,-1.910125
7.834455,0.140367,-2.287623
7.909965,0.152714,-2.462694
8.513370,-0.363847,-2.373629
9.249551,-0.868575,-2.318108
9.627887,-0.781493,-2.733744
9.776059,-0.672258,-2.772719
10.015902,-1.012097,-3.142128
10.418888,-1.118486,-3.762486
10.420364,-1.200145,-4.134775
10.553166,-1.400777,-4.679976
10.372457,-1.330830,-4.841697
10.421721,-1.340339,-4.843944
10.557073,-1.110636,-4.746559
10.205276,-1.190194,-4.493934
10.670113,-0.948436,-4.563209
10.698279,-0.995477,-4.536026
10.559011,-1.087797,-4.498444
10.853884,-1.181371,-3.957639
11.136553,-1.138895,-3.866242
10.128996,-0.187117,-3.362682
10.490081,-0.085853,-3.345589
10.559174,-0.289328,-3.307930
11.124437,-0.420661,-3.568053
10.948831,-0.854840,-3.896976
10.962260,-1.858213,-4.448700
11.058400,-1.663709,-4.244592
11.101144,-1.562765,-4.246202
11.050661,-1.348209,-3.974258
10.886821,-1.319107,-3.840390
11.255771,-0.828846,-3.660325
11.018645,-0.452295,-3.696835
11.219880,-0.791635,-3.580585
11.408967,-0.604935,-3.520560
10.820398,-0.745360,-3.203677
11.018884,-0.729196,-3.357958
11.278364,-1.107840,-3.382898
10.821911,-0.811562,-3.214386
10.499499,-0.408522,-3.098830
10.603321,-0.248376,-2.641780
10.619161,-0.284466,-2.876134
10.494813,-0.322148,-2.363275
10.439540,-0.251949,-2.339654
10.489794,-0.156137,-2.434460
10.063313,-0.721290,-2.503378
9.969862,-0.575471,-2.556991
10.012397,-0.519800,-2.496645
10.164872,-0.687483,-2.420220
10.642689,-0.753231,-2.596957
11.111787,-0.718969,-2.834468
10.717268,-1.040627,-2.657718
10.196478,-1.629287,-2.142055
10.038967,-1.766608,-2.144768
9.984165,-1.872058,-1.982475
10.120232,-1.403893,-2.083448
10.213501,-1.177456,-2.304991
10.274342,-1.496113,-2.923538
10.215415,-1.924241,-3.642648
10.248193,-2.003394,-3.926549
10.694539,-1.480577,-3.612632
10.877186,-1.193742,-3.226339
10.735436,-1.349951,-3.252367
10.372890,-0.697277,-3.510306
10.818099,-0.833413,-3.378736
11.237082,-1.139906,-3.771447
11.280798,-0.721115,-3.747716
11.628233,-1.013390,-3.928319
11.661037,-1.183377,-3.907719
11.739644,-1.262807,-3.735835
11.870628,-1.080839,-3.599456
11.721662,-1.350639,-3.047330
12.377132,-0.806557,-3.589178
12.477036,-0.936056,-3.492714
12.951854,-0.818999,-3.031265
13.130505,-0.706061,-2.943933
13.302045,-0.561822,-3.165246
13.676341,0.002042,-3.027527
13.310333,0.055261,-2.799155
13.597811,-0.034496,-2.840197
13.722636,0.292977,-2.969891
14.000553,0.122530,-3.002862
14.670070,-0.319601,-3.535694
14.702222,-0.877942,-3.530012
14.867388,-1.800577,-4.121528
14.946191,-1.835634,-4.622865
14.825265,-1.825298,-4.538627
14.974400,-1.901792,-4.051187
14.666021,-1.578706,-4.936894
14.320342,-1.103948,-6.106072
13.686268,-0.358956,-7.151900
14.151789,-0.305147,-7.503776
14.186751,-0.098057,-7.458448
13.310597,1.188758,-8.045684
13.745947,-0.170677,-7.593482
14.981027,-2.038461,-6.894571
14.347239,-1.408088,-7.133605
14.289689,-1.082989,-7.139149
14.310693,-0.953229,-7.153175
14.435266,-0.579179,-6.851801
14.639203,-0.420964,-7.055924
14.668766,-0.253602,-6.446212
14.750848,-0.474043,-6.547892
15.242482,-0.995162,-6.585509
15.208187,-1.254987,-6.757190
14.883607,-1.584537,-6.751008
14.969238,-1.395213,-6.688957
14.947534,-1.636209,-6.794663
15.409602,-1.553524,-6.406062
15.640218,-1.434711,-6.438115
15.715720,-1.913734,-6.923526
16.015688,-2.121528,-7.315397
16.289621,-2.365030,-7.741908
16.265717,-2.475017,-7.544070
16.914698,-2.074023,-7.686418
17.271925,-1.804311,-7.830890
17.339615,-1.655783,-7.975821
16.885759,-1.555288,-8.141945
17.026072,-1.652991,-8.193821
17.254349,-1.655067,-8.202485
17.050642,-1.873705,-8.363008
16.624876,-1.521314,-8.120638
16.761805,-1.457541,-7.829212
17.234068,-1.011182,-7.457499
17.521187,-1.631805,-7.524819
17.513815,-1.876596,-7.500908
17.898268,-2.067522,-7.544713
17.993561,-2.063667,-7.807149
18.650993,-2.851926,-7.404227
18.678070,-2.951984,-7.241650
18.534597,-2.746371,-7.445871
18.954889,-2.793545,-7.554321
18.975687,-2.736507,-7.429852
18.956867,-2.971153,-7.859864
19.004597,-2.990564,-7.388524
18.766832,-3.199722,-7.286882
18.068653,-3.054399,-6.987991
18.431046,-2.875247,-7.000255
18.679146,-2.996350,-6.750732
18.926409,-3.399651,-5.828563
19.060209,-3.351459,-6.212211
19.375807,-3.182671,-6.672804
19.236235,-3.110523,-6.350564
18.758564,-3.102203,-6.317811
18.814857,-2.868678,-6.265761
19.084406,-3.096184,-6.488833
19.009319,-3.433972,-5.995073
19.181904,-3.707618,-5.784987
19.297621,-3.517270,-5.944901
19.243374,-3.175572,-6.135586
19.227707,-3.062963,-6.267245
19.379616,-2.995046,-6.403790
19.522099,-2.657073,-7.085436
19.897076,-2.646024,-7.073746
19.768482,-2.443080,-7.326990
19.858927,-2.253857,-6.666881
20.053764,-2.522713,-6.828520
20.352695,-2.701407,-7.008657
20.839876,-2.854804,-6.552786
20.903526,-2.767514,-6.300562
20.806988,-2.573134,-7.235801
20.798073,-2.472416,-6.624379
20.999819,-2.312431,-6.021463
21.754198,-2.535362,-5.933549
21.882568,-2.475221,-6.034166
21.763203,-2.400196,-6.062836
21.351122,-1.515206,-6.463356
21.301380,-1.661295,-6.616282
21.586599,-1.755309,-7.193051
22.225950,-2.255635,-6.740296
22.604828,-2.672335,-6.727349
22.684069,-2.699849,-6.437312
22.781965,-2.870055,-6.088726
22.844259,-2.480254,-6.304324
23.381775,-2.491924,-6.398200
23.685028,-2.529999,-6.358043
23.500496,-2.523600,-6.370823
23.764053,-2.689807,-6.791063
23.708134,-3.110780,-6.422086
23.524494,-3.889969,-6.145681
23.131897,-4.552455,-6.379600
23.195862,-4.584202,-6.620598
23.054352,-4.432939,-6.726487
23.373087,-4.236918,-6.864412
23.562473,-3.891283,-6.971549
23.874224,-3.874304,-7.436657
23.429575,-3.819872,-7.103349
23.594500,-4.195469,-7.106001
23.642567,-3.619887,-6.667192
23.668543,-3.465990,-6.887642
23.583294,-3.543454,-7.188972
23.959396,-3.127378,-7.101986
24.116476,-2.726117,-7.331895
23.798546,-2.738830,-7.343391
23.546125,-2.460653,-6.842423
23.400291,-2.546706,-6.389062
23.195047,-2.338162,-6.278320
23.281458,-2.363492,-6.544473
23.796223,-1.804582,-7.286342
23.978497,-1.476807,-7.582197
24.095987,-1.353909,-7.134849
24.771490,-1.995667,-6.780150
24.877773,-2.031621,-6.794971
24.720606,-1.786429,-7.235620
24.635853,-1.557333,-7.518641
24.030470,-1.420993,-7.760921
24.624996,-1.157464,-7.224397
25.240795,-1.143559,-6.696660
25.832975,-1.485025,-6.315548
25.758894,-1.955629,-6.280974
26.972494,-1.774251,-6.931245
27.243484,-1.506400,-7.114933
26.769703,-1.053154,-7.193135
27.147739,-1.359171,-6.860579
26.762222,-1.298350,-6.750280
27.095371,-1.582406,-6.272636
27.074192,-2.137728,-6.301200
27.220358,-2.288364,-6.394054
26.709681,-2.150799,-6.723012
26.955551,-1.822667,-6.070986
27.285036,-1.934619,-5.896030
27.181730,-1.747785,-6.073755
