0.041064,1.485361,0.502840
0.283662,1.481789,0.232211
0.162510,0.778662,-0.082455
0.411399,0.871413,-0.228736
0.920378,1.782380,-0.356507
0.750593,1.881789,-0.413648
0.711193,1.917326,-0.350065
0.605367,2.172310,-0.350684
0.657969,2.262089,-0.382156
1.470333,1.933561,0.307615
1.266429,2.377014,-0.059556
1.082097,2.738185,-0.287711
1.127191,3.009255,-0.361698
1.192460,2.608509,0.082273
1.322405,2.773629,0.053424
1.209965,2.781601,0.126473
0.825708,2.768525,0.159743
1.593765,2.060570,0.237032
1.442908,2.409375,-0.249744
1.176068,2.890391,-0.743212
1.391325,2.852639,0.204679
1.291005,2.836044,0.600923
1.086892,3.326080,-0.350067
1.050601,3.301884,-0.546945
1.028437,2.916990,-0.862991
1.296126,2.601424,-0.792644
1.497216,2.604831,-0.763631
0.595315,3.174307,-0.768590
0.392270,3.213457,-0.696654
0.129448,2.992791,-0.595788
1.067034,1.901945,-0.733593
1.885540,0.599657,-0.514422
1.943795,0.443974,-0.616601
2.220186,0.645403,-0.271348
2.190793,0.718074,-0.264114
1.301143,1.150741,-0.389586
1.247376,1.582488,-0.290127
0.656209,2.048951,-1.244612
0.827940,2.484231,-1.409392
0.966339,2.608320,-1.640613
0.664898,3.030875,-1.588755
0.979812,3.853297,-1.654434
1.187121,4.413564,-1.523913
1.152904,4.463401,-1.709780
1.299342,4.555843,-1.789930
1.444940,4.740539,-1.987246
1.237021,4.700218,-1.567981
0.812533,5.045902,-1.436178
0.614888,5.030656,-1.476879
0.529657,5.145908,-1.448036
-0.013472,4.726219,-1.639849
0.184406,5.344813,-0.426407
-0.343668,4.832323,-0.736416
0.771415,4.094334,-1.522789
0.979516,4.276736,-1.856321
1.062135,4.446399,-1.852659
1.656899,4.857705,-1.595101
1.937203,4.610322,-1.635378
1.782670,4.375861,-1.642263
2.080767,3.756485,-1.751814
2.045693,3.509096,-1.491506
1.867187,3.597338,-1.001665
1.849263,3.718480,-0.972838
1.419743,3.349440,0.474991
1.430009,3.400027,0.463911
1.503567,3.500672,0.506601
1.593760,3.569756,0.487700
1.582771,3.647196,0.693307
1.625991,3.743010,0.582614
1.747106,4.016008,0.458762
2.157422,4.269569,0.736647
2.403672,3.820245,0.776060
2.486033,3.610456,0.972305
2.505000,3.478274,0.947258
2.617934,3.253178,0.844258
2.660830,3.289859,0.587926
2.786617,2.911957,0.733569
2.726473,3.089354,0.797359
2.445284,2.837443,0.904910
2.612264,2.687551,0.526207
2.752487,2.312187,0.215453
3.028527,2.178272,0.241103
3.239716,2.425756,-0.110967
3.196039,2.340928,-0.153365
3.297430,2.350523,-0.129732
3.394953,2.335420,-0.055730
3.149754,2.166291,0.215757
3.093299,1.621407,-0.007887
3.243045,1.569576,0.566875
3.125593,1.693265,0.647145
2.863499,1.567070,0.169004
2.573755,1.816167,0.329728
2.193548,1.668535,1.224973
2.092299,1.602887,0.953368
2.150434,1.628218,0.760870
2.030082,1.178659,0.258631
1.871617,0.963793,-0.203836
1.839144,0.756120,-0.325838
2.167143,0.825918,-0.080786
2.546478,0.994132,0.067525
2.132933,0.770901,0.267220
1.976557,0.877424,0.193572
2.637678,1.349916,0.316079
1.946441,0.736568,0.101501
1.832684,0.303434,-0.156575
1.691889,0.794029,-0.502042
1.845508,0.816992,-0.733367
1.874562,0.666939,-0.428814
2.100262,0.760344,-0.576434
2.279891,0.427841,-0.215864
2.411186,0.287648,-0.148897
2.542330,0.339749,-0.153848
2.252359,0.498973,0.238827
2.424156,0.713921,0.139196
2.279005,1.198492,0.096034
2.062644,1.174280,0.097842
2.194726,1.109444,0.161766
2.276071,1.257374,0.034856
2.143626,1.288078,0.154723
2.322308,1.232840,0.244964
2.207176,1.226708,0.362987
1.846635,1.183990,0.309157
1.848128,1.323895,0.386838
1.874119,1.683375,0.150352
2.077513,1.523732,-0.006217
2.419256,1.852299,-0.190965
2.631250,1.392046,-0.129988
2.390042,1.159584,0.217014
2.240945,1.347006,-0.155810
2.109796,1.540672,-0.424287
2.326006,1.785367,-0.582870
2.350275,1.635212,-0.610443
2.503396,1.622344,-0.606107
2.293928,1.470495,-0.968724
2.217415,1.078592,-0.930258
2.502495,0.999673,-1.394627
2.581039,1.069461,-1.351302
2.644038,0.947195,-1.213764
2.772250,0.808787,-1.173199
2.380991,1.519005,-0.633428
2.091713,2.055742,-0.264441
1.950937,2.053757,-0.294167
2.151832,2.054426,-0.576171
2.137987,2.093909,-0.542267
2.003070,2.063111,-0.069280
2.006488,2.145924,0.021992
2.070565,2.233989,0.082123
1.887107,2.218712,0.004907
2.152945,2.452306,-0.368664
2.160431,2.871630,-0.801560
2.037356,2.878646,-0.860068
2.318527,2.655512,-0.744128
2.522062,2.421690,-0.089785
2.883989,2.440607,-0.041159
3.379507,2.290251,-0.332725
3.342923,2.248471,-0.286571
3.618848,2.297266,-0.250184
3.590461,2.153612,-0.142875
3.600136,2.075599,0.193779
3.567550,1.935046,0.145822
3.409454,1.821515,-0.136356
3.269893,1.765566,-0.139709
2.984426,2.139104,0.097442
2.570332,1.788702,-0.372187
2.680101,1.768195,-0.488040
2.955383,1.804052,-0.822551
2.844700,1.714270,-1.036851
2.682489,1.471635,-0.908579
2.651194,1.154926,-0.538210
2.069432,1.186816,-0.428428
2.213201,1.009221,-0.559983
2.479815,1.119713,-0.859722
2.559390,0.998372,-1.092943
2.895033,1.123394,-0.679952
2.956626,1.533942,-0.422607
3.107327,1.394122,-0.714806
3.254203,1.683811,-0.438511
3.516158,1.465614,0.081706
3.782393,1.185396,0.178849
4.006880,0.962073,0.014074
4.425896,0.906847,0.120593
4.526569,0.887354,0.108522
4.756301,0.872100,0.031080
4.823959,0.991495,-0.100282
4.815181,1.081871,-0.214939
4.793958,1.504475,-0.572396
4.808369,1.450706,-0.520750
4.962057,1.527638,-0.562299
4.738086,1.921156,-0.845809
4.507942,1.763062,-1.153526
4.555758,1.673216,-1.078691
4.209644,1.911841,-0.952063
4.268961,2.105708,-0.607522
4.108160,2.246478,-0.542195
4.902755,2.013813,-0.607139
4.815401,1.404346,-0.859168
3.455467,0.711634,-0.867189
3.084004,1.041095,-0.618018
3.171716,0.737079,-0.571161
3.674615,0.613761,-0.716247
3.587700,0.507747,-0.550492
3.536546,0.183831,-0.398149
3.576669,0.310903,-0.258325
4.231183,0.804687,-0.448587
5.065912,1.603369,-1.281068
4.933020,1.337134,-1.429273
4.903224,1.261184,-1.628589
5.256973,1.500134,-2.108549
4.867733,0.940137,-1.476895
5.057195,1.287366,-1.365831
4.887524,1.313787,-1.317034
4.291368,1.738813,-1.637837
4.360414,2.089255,-1.929563
4.264166,2.046668,-1.930275
4.385668,2.389504,-1.725640
4.262427,2.291705,-1.371491
4.204648,3.332359,-1.680253
4.164130,3.269243,-1.708280
4.361140,2.397585,-1.687323
4.705924,2.810136,-1.486977
4.993128,3.234871,-0.933537
5.146892,3.827140,-1.077217
5.425183,3.577466,-1.165309
5.393640,3.354958,-1.670567
5.333625,3.107336,-1.577966
5.180014,3.133415,-1.418142
4.950456,3.287416,-1.078570
4.774717,3.320333,-1.111941
4.555799,3.356897,-1.267773
4.263468,3.803850,-1.404015
4.311638,3.820997,-1.417580
4.037940,3.423317,-1.358089
4.718590,3.451473,-1.144270
4.727699,3.581934,-1.372046
4.679698,3.170076,-1.544218
4.542726,3.217171,-1.729829
4.767384,3.258378,-1.618996
4.717519,3.078863,-1.807785
5.071529,3.084888,-1.871849
5.193526,3.001665,-1.387351
5.235492,2.673934,-1.479790
5.201624,1.937527,-1.306914
5.035850,1.931498,-1.445204
4.860350,1.988722,-1.626223
5.071213,1.412642,-1.406073
4.949543,0.910751,-1.298481
4.863219,0.865571,-1.234558
4.795762,0.466884,-0.918229
4.724623,0.658094,-1.102391
4.811097,0.905208,-1.376838
4.738842,1.180190,-1.474664
4.800551,1.042693,-1.534428
4.528378,0.492188,-1.724907
4.462574,0.284891,-1.939493
4.637729,-0.184908,-1.976790
4.101001,-0.111893,-1.561629
4.071129,-0.140696,-1.216239
4.000544,-0.340905,-1.359354
3.754596,-0.426554,-1.548959
3.719023,-0.409181,-1.641805
3.787414,-0.361830,-1.619817
2.710346,-0.580719,-1.419570
2.785986,-0.752448,-1.404016
2.435453,-0.871101,-1.233774
2.838402,-0.709327,-0.914995
3.662619,-0.608223,-0.519424
4.069615,-0.575235,-0.239382
4.279074,-1.063634,-0.384485
3.668599,-1.077042,-0.424465
3.987891,-0.984348,-0.572258
4.205305,-1.009169,-0.679469
4.529128,-0.857357,-1.180518
5.374654,-1.104770,-1.033526
5.992904,-1.403469,-0.932022
6.404039,-1.944034,-1.057312
5.476864,-1.856159,-1.074068
4.823393,-1.797827,-0.958297
6.015240,-2.091142,-1.786682
6.363773,-1.872201,-1.833602
6.119799,-1.657624,-1.989774
6.507401,-1.580674,-1.748708
6.563333,-1.736936,-1.750348
6.486295,-1.572783,-1.568868
6.279518,-1.514463,-1.544197
6.507557,-1.463719,-1.665007
6.503714,-1.174619,-1.569993
6.406943,-0.890776,-1.385861
6.280851,-1.231739,-1.107810
6.205219,-1.038143,-1.293160
6.141437,-0.601847,-1.431080
6.319657,-0.237879,-1.776912
6.678482,0.370392,-1.657497
6.258733,0.470662,-1.544773
6.140480,0.735270,-1.365175
6.020543,0.464873,-1.509025
5.980766,0.443848,-1.712039
6.319083,0.863361,-1.576661
6.418299,0.746251,-1.638881
7.218504,1.337012,-1.802136
6.249669,0.553738,-1.531631
6.338708,0.625241,-1.434997
6.300300,0.662567,-1.238929
6.422214,0.928726,-0.954641
6.688472,0.873272,-0.964145
6.639094,0.939123,-0.809365
6.329664,1.015571,-0.961201
6.835247,1.053341,-1.089880
7.179157,1.202555,-1.023520
7.204502,1.338828,-0.869778
7.317721,1.422126,-1.155055
7.385476,1.462923,-0.937523
7.401615,1.227005,-0.741970
6.918717,0.992360,-0.827234
7.022605,0.985628,-1.049552
7.300769,0.917157,-1.773960
7.348829,0.968808,-1.733286
7.450366,0.970279,-2.287927
7.333452,1.430560,-1.834492
7.552369,1.537102,-1.234593
7.694278,1.634806,-1.103229
7.751420,2.208347,-1.202063
7.603478,2.450392,-1.394907
8.132963,2.311541,-1.505361
7.653841,2.578926,-1.430843
8.054485,3.118591,-1.671443
8.116905,3.056106,-1.600222
8.157198,3.129273,-1.298217
8.055119,3.045821,-1.264431
8.426048,2.951510,-1.097241
8.152688,3.574130,-1.362257
8.064726,3.197792,-1.312131
8.331215,3.138341,-1.393020
8.704887,3.332372,-0.907773
8.815509,3.146122,-0.748482
8.931279,3.016526,-1.497522
8.850612,2.821074,-1.377674
8.608186,2.704184,-1.511533
8.811074,2.462569,-1.542798
8.706109,2.354030,-1.771399
8.860115,1.585855,-2.019306
9.054706,1.276254,-1.821811
9.091116,1.528160,-1.859111
8.879819,1.782342,-2.121815
9.260109,1.791326,-1.210114
9.233770,2.238855,-1.269973
9.163232,2.383322,-1.466913
9.150743,2.673738,-1.703422
9.286902,2.640143,-1.879677
10.037657,2.308358,-1.525014
10.588323,2.312590,-1.174048
10.901351,2.480462,-1.038978
11.418800,2.443643,-0.959955
11.279996,2.433549,-0.749839
10.967335,2.716027,-0.882138
10.187233,2.673123,-0.990523
9.966214,2.829579,-1.077996
10.082860,2.290411,-1.010600
10.266022,2.401909,-0.657396
10.113855,2.159248,-0.858809
9.822828,2.193285,-1.150483
9.780919,2.370522,-1.273531
9.516036,2.320038,-1.172052
9.960099,2.194974,-1.056196
10.224966,2.284006,-0.880265
10.111647,1.647809,-1.024350
10.130163,1.415629,-1.335681
10.137491,1.575118,-1.353507
9.996764,1.678038,-1.481747
10.258890,1.665725,-1.332922
10.534909,1.488631,-1.213883
11.164905,1.655049,-0.707004
11.720519,1.896222,-0.365631
11.695043,2.157578,-0.286063
11.217233,2.435891,-0.196979
11.232149,2.663538,-0.215082
11.081264,2.668677,-0.468420
11.445388,2.736809,-0.330759
11.801343,2.714777,-0.404222
11.966143,2.656275,-0.426248
12.168679,2.655395,0.004270
12.552737,2.634885,-0.465321
12.441898,2.195623,-0.132904
12.022359,2.237734,0.008400
11.704561,1.912192,0.392981
12.208213,1.979531,0.192012
12.533587,2.706840,-0.528284
12.581985,2.564031,-0.768036
12.618032,2.217860,-0.629760
12.298756,2.127519,-1.001144
12.213923,1.971845,-1.010407
11.877765,2.033145,-0.987003
11.579372,2.057887,-0.977759
11.721437,2.139628,-0.834026
12.222409,2.339027,-0.703734
12.125781,2.025156,-1.171921
12.128094,1.670216,-1.256992
12.723628,1.687794,-1.426221
14.441164,2.728925,-0.995301
15.193713,3.061226,-0.740846
15.841625,3.651625,-0.591644
15.623343,3.570812,-0.608746
15.059490,3.372272,-0.486786
15.485224,3.680579,-1.316388
15.679935,3.880641,-1.719797
15.764666,3.891553,-1.857608
16.257462,4.012503,-1.918650
16.441450,4.137661,-1.854286
16.715136,3.906173,-1.633597
16.684071,3.744574,-1.718608
16.605692,3.729370,-1.795589
16.721220,3.909582,-1.653491
16.710560,3.672758,-1.424361
16.607588,3.406835,-1.251660
16.592525,3.355756,-0.837547
16.549147,3.221519,-0.547555
17.150560,3.070583,-0.892523
16.749443,2.914874,-0.888698
16.726604,2.782632,-0.801682
16.726339,2.122612,-0.299992
16.759197,1.836551,0.172704
16.737949,2.008423,-0.087241
16.760168,1.908723,-0.311901
16.779819,1.692975,-0.595292
16.988317,1.392031,-0.764172
16.609764,1.355115,-0.386431
16.427538,1.390134,-0.032799
16.417046,1.340805,-0.015373
16.232014,1.160499,0.026562
16.226461,1.187000,0.303401
16.105021,1.120402,0.432949
16.144163,1.462685,0.059600
16.150593,1.728955,-0.067764
16.279831,1.826810,-0.172986
16.509502,1.977529,-0.152920
16.656338,1.908653,-0.295522
16.876207,1.462835,-0.440228
17.315073,1.665877,-0.540908
17.587374,1.542592,-0.577154
17.920389,1.413265,-0.481785
18.170259,1.636066,-0.624489
18.390951,1.814171,-0.508958
18.117126,2.151441,-0.501209
17.905447,2.260263,-0.191578
18.051744,1.919453,-0.239884
17.971210,1.965811,-0.128588
18.223440,1.706942,-0.103647
18.441223,1.493636,-0.053184
18.666565,1.247346,-0.028770
18.666170,1.176371,-0.171188
18.680368,1.156457,-0.264012
18.579100,1.079249,-0.365539
18.677523,0.828729,-0.927753
18.339052,0.916658,-1.025290
18.406511,1.011614,-1.012080
18.693857,0.820758,-0.954022
19.129978,0.711124,-0.646396
19.070089,0.571514,-0.659061
19.416826,1.026521,-0.971051
19.615522,1.036817,-0.804941
18.933517,0.497496,-0.507334
18.628296,0.092879,-0.492584
19.052458,0.027697,-0.126757
18.935022,0.295080,-0.569916
19.708548,0.332209,-0.415305
20.884701,0.594268,0.009050
21.572330,0.716864,-0.209281
21.660604,0.415084,-0.500220
21.836288,0.496630,-0.556413
21.374754,0.445991,-0.596479
21.178148,0.274108,-0.630902
20.830151,0.131192,-0.440949
21.237724,0.759143,-1.015054
21.299261,1.098484,-1.084195
21.291260,1.160733,-1.130430
21.991993,0.930186,-1.147872
22.161552,0.666559,-1.376188
22.133259,0.781098,-1.238521
22.161921,0.950426,-0.963794
22.247097,1.025652,-1.017038
22.308668,1.205963,-0.870670
21.567324,1.047943,-0.643091
21.350731,1.144217,-0.614884
21.478296,0.835109,-0.539074
21.793301,0.127875,-0.296650
22.280178,-0.403818,0.045350
22.699226,-0.391899,-0.146886
23.036440,0.032585,-0.787063
23.049616,0.151626,-0.869137
23.260754,0.210343,-0.838769
23.389484,-0.009786,-1.137227
23.416687,-0.037973,-1.104609
23.789898,-0.039032,-1.061654
24.077957,-0.173727,-1.022232
24.068796,-0.272565,-1.047445
24.160061,-0.199717,-0.743487
24.305305,-0.111564,-0.424651
24.420238,-0.499876,-0.444203
24.362352,-0.634930,-0.497764
24.330109,-0.830970,-0.373497
24.172689,-0.926909,-0.436988
23.648066,-0.407376,-0.876155
23.559523,-0.275967,-0.878755
23.693535,-0.009780,-0.373214
24.102787,0.240407,0.084668
24.171581,0.332138,0.307419
24.262728,0.372994,0.257445
24.231049,0.484626,0.332480
24.419945,0.206813,0.261457
24.518946,-0.582811,-0.741183
24.645977,-0.949327,-0.586201
24.823872,-1.171518,-0.502532
24.691898,-1.145139,-0.960579
24.501398,-1.038296,-1.025434
24.721315,-0.984557,-1.066836
24.183502,-1.086161,-0.924431
23.645754,-1.093347,-0.610892
23.392195,-1.042892,-0.315895
23.457590,-0.804438,-0.146231
23.278414,-1.141016,-0.073406
23.282646,-1.072552,-0.209392
24.030272,-0.398339,-0.244008
24.866941,-0.118819,-0.423703
25.508730,0.069385,-0.663705
26.400890,0.439893,-0.903146
26.171333,0.359700,-1.125908
26.992945,0.133415,-1.445824
27.304407,0.031458,-1.601453
27.604477,-0.500760,-1.571560
27.664227,-0.807844,-1.220040
27.260235,-0.850042,-0.907901
27.326187,-0.751811,-0.837012
26.842567,-0.792984,-0.898218
25.936378,-0.562509,-0.135414
25.658167,-0.479533,0.126880
25.316051,-0.237409,-0.265999
25.250923,-0.192867,-0.417939
25.879581,-0.021102,-0.136663
25.956421,0.127229,-0.138863
25.979103,0.018449,-0.223263
26.158911,-0.026124,0.129027
26.266247,0.244856,-0.093470
26.291258,0.636616,-0.208139
26.559568,0.968817,-0.251312
27.320133,0.801635,0.336228
27.432489,0.839569,0.585607
27.916178,0.751072,1.029342
28.097801,0.468133,0.917788
28.243290,0.428002,0.711134
27.659695,0.689196,0.097537
27.718884,0.523202,0.391196
27.873388,0.308332,0.406951
27.779295,0.001973,0.095542
27.169880,0.359958,0.204294
27.110418,0.268039,0.146953
27.251026,0.292147,0.382846
26.595942,-0.002571,0.499483
26.209778,-0.397249,0.687319
26.149500,-0.677418,0.868304
26.137728,-0.772706,1.331068
26.331160,-0.399062,1.166635
26.762106,-0.615319,1.183064
26.815359,-0.527795,1.252812
27.058651,-0.416869,1.258057
27.396109,-0.332211,1.015427
27.595364,-0.267235,0.863330
27.853142,0.131472,0.631409
28.009106,0.149664,0.670373
27.757162,0.077976,0.830750
27.754162,0.029109,0.843284
27.258537,-0.586515,0.712375
27.106195,-1.167102,0.827527
27.290619,-0.982281,0.772340
27.298002,-0.637119,0.697993
27.809021,-0.002578,0.724218
28.190523,0.109407,0.883810
28.496855,0.106588,0.921086
28.875637,-0.176543,0.950131
28.658678,-0.131853,0.588456
28.658411,-0.051662,0.490183
29.076729,-0.365154,0.332082
29.063786,-0.654623,0.251536
29.777615,-0.978721,0.299502
29.692057,-0.989541,0.673842
30.112614,-0.833254,1.459980
29.788036,-0.884895,0.809573
29.665337,-1.006507,0.707984
29.658237,-1.222928,0.889235
29.811321,-1.364459,0.901944
30.120461,-1.466872,0.894463
29.998062,-1.528736,1.000024
29.721857,-2.021286,0.638544
29.571051,-2.687547,0.464436
29.586008,-3.497867,0.312987
29.683926,-3.095749,0.364387
29.646770,-3.339378,0.216881
29.671509,-3.343455,0.125056
29.515326,-3.490002,0.073625
29.395325,-3.608163,-0.042107
29.512196,-3.220909,0.041579
29.465801,-2.272239,0.429815
