0.040438,1.482525,0.502623
-0.058495,1.446550,0.650085
0.026874,1.231346,0.263473
0.268704,1.189235,0.083219
0.690856,1.341325,-0.351322
0.875892,1.379722,-0.443661
1.191171,1.554392,-0.406155
1.384210,1.676236,-0.480462
1.796920,1.992014,-0.825808
2.034850,2.102844,-0.915050
2.053084,2.477092,-1.140822
2.149144,2.119684,-1.085919
2.284994,2.131839,-1.366722
2.117239,1.748574,-1.304691
2.045871,1.808933,-0.980415
1.868329,1.780763,-0.843410
1.822870,1.634635,-0.324368
1.898500,1.511898,-0.030360
1.159809,1.604490,-0.073879
1.078196,1.309649,-0.219044
1.121815,1.360590,-0.204577
1.071052,1.362526,-0.319294
1.288369,1.204973,-0.198188
0.846643,1.171146,-0.226360
0.779364,1.202550,-0.095920
0.758491,1.429168,0.153681
0.861279,1.491729,0.150184
1.026425,1.335725,0.064117
0.744461,1.834684,0.505723
0.687079,1.991564,0.387954
0.927287,2.582145,0.360751
0.387811,1.991564,0.030673
0.392448,1.793573,-0.363916
0.297039,1.646059,-0.289765
0.498825,1.658125,-0.570051
0.568815,1.702359,-0.708192
0.584193,1.647712,-0.610971
0.637083,1.718500,-0.475479
-0.092088,1.406005,-0.536797
-0.137100,1.542052,-0.317859
-0.275975,2.189469,-0.007919
-0.271494,2.893685,0.052863
-0.331883,3.228587,-0.178111
-0.234917,3.393521,0.016411
0.064485,3.703665,0.201111
0.108880,3.511921,0.051893
0.104229,3.375536,-0.261591
0.490583,2.896053,-0.299556
0.755875,2.714385,-0.184675
0.841171,2.391043,-0.599695
0.678296,2.191391,-0.591688
0.581097,1.814808,-0.580187
0.456251,1.775327,-0.511868
0.203950,1.819273,-0.658706
0.197549,2.271055,-0.713556
0.404177,2.108061,-0.497572
0.423414,2.441921,-0.612132
0.445607,2.334702,-0.864065
0.367467,1.786170,-1.300957
0.106266,1.496556,-1.560743
-0.008562,1.596434,-1.353557
-0.173186,1.550189,-1.444968
-0.300047,1.445381,-1.299817
-0.315649,1.367861,-1.295228
-0.252038,1.411565,-1.133481
-0.465854,1.367178,-1.208432
-1.150164,1.262843,-1.597694
-1.930899,1.080244,-1.741851
-2.027744,1.099481,-1.855744
-2.325052,0.686363,-1.858250
-2.243045,0.572738,-1.872553
-2.121435,0.444792,-2.110917
-2.449973,0.733121,-2.701492
-2.443575,0.897864,-2.999839
-2.481332,0.640583,-3.508677
-2.536628,0.206467,-3.539807
-2.574448,0.367193,-3.317676
-2.732760,0.530755,-3.348825
-2.336841,0.379566,-3.356344
-2.515794,0.385046,-3.377807
-2.386771,0.093616,-3.951078
-2.661060,0.479538,-3.984496
-2.689396,0.490202,-3.833210
-2.572403,1.184192,-4.093859
-2.366683,0.860996,-4.396932
-1.829329,0.602736,-3.743254
-1.519553,0.162436,-3.396067
-1.463924,-0.179322,-3.005880
-1.414398,-0.908421,-2.636579
-1.735280,-1.222061,-2.288119
-2.040260,-1.523177,-1.840486
-2.055133,-1.318490,-2.245177
-1.780805,-1.107928,-1.910996
-1.753431,-1.177631,-1.802421
-1.865906,-1.166309,-1.802334
-2.552052,-1.397082,-1.778369
-2.340053,-2.355990,-1.764406
-2.405801,-2.674033,-1.816590
-2.705358,-2.669026,-2.056245
-2.659186,-2.565787,-2.147926
-2.362571,-2.463279,-2.378609
-1.832929,-2.563161,-2.482166
-1.590899,-2.734223,-2.375641
-2.212027,-2.938968,-2.384966
-1.974275,-2.623833,-2.599922
-2.331834,-2.928026,-2.393594
-2.431330,-2.714385,-2.494748
-2.542603,-2.829901,-2.445339
-2.553988,-2.777267,-3.001438
-2.603689,-3.037295,-2.942544
-3.113209,-3.206630,-3.131981
-3.145926,-3.567623,-3.135362
-2.754818,-3.577507,-3.303839
-2.927622,-2.998958,-3.261817
-2.842689,-2.694518,-2.923711
-3.013275,-2.729930,-2.938758
-3.093400,-2.781476,-3.159029
-3.276612,-2.830666,-3.062943
-2.841406,-2.440501,-2.937359
-2.800687,-2.134219,-3.095821
-2.999071,-2.041845,-3.190005
-3.071358,-1.427141,-3.341392
-2.932548,-1.507214,-2.953029
-2.767867,-1.565927,-3.184256
-2.476409,-1.603543,-2.658804
-2.424538,-1.665528,-2.731278
-2.737962,-1.222449,-3.190907
-2.665355,-1.121269,-3.142221
-2.635499,-1.225849,-2.996262
-2.488272,-1.177805,-1.585894
-2.115962,-0.717590,-1.652432
-1.915745,-0.622798,-1.829378
-1.676079,-0.260803,-1.622584
-1.609330,-0.490266,-1.571301
-1.541579,-0.390930,-1.901711
-1.428085,-0.473853,-2.244925
-1.290137,-0.417309,-2.321794
-1.024915,-0.555416,-2.276891
-0.913052,-0.720450,-2.089498
-0.774964,-0.998985,-2.427100
-0.912237,-1.012492,-3.069404
-1.097591,-0.804458,-3.099865
-0.926805,-0.601323,-2.814153
-0.735267,-1.016899,-2.607810
-0.741908,-1.319829,-2.477069
-0.705103,-1.389318,-2.334130
-1.163051,-1.686391,-2.644473
-1.235830,-1.728777,-2.541453
-1.334593,-1.851148,-2.788904
-1.405729,-2.051507,-3.011819
-1.582348,-1.944725,-3.657257
-1.685109,-1.842347,-4.114412
-1.678958,-1.844033,-4.522452
-1.887267,-2.034271,-4.578401
-1.797175,-1.805051,-4.638029
-1.739565,-1.963038,-4.847324
-1.438677,-1.993109,-5.147442
-1.299345,-1.899594,-5.054046
-1.309625,-1.947282,-5.054386
-1.331778,-1.400287,-5.067502
-0.941286,-0.838787,-5.197499
-1.364534,-1.397094,-5.238483
-1.732701,-1.221277,-5.503990
-2.176909,-0.987827,-5.991127
-2.483087,-0.602729,-5.911854
-2.474608,-0.732099,-5.778862
-2.082530,-0.697391,-5.776869
-1.887605,-0.527216,-5.746974
-1.349365,-0.246340,-5.946780
-1.182058,-0.230394,-5.542746
-1.271076,-0.345774,-5.420729
-1.165698,-0.137738,-5.237422
-1.078238,-0.033994,-4.359846
-1.185101,-0.079181,-4.088201
-1.138654,0.179426,-3.839749
-1.437246,-0.134150,-3.173811
-1.551558,-0.246540,-2.952784
-1.262868,-0.710191,-2.193437
-1.188594,-0.745830,-2.021159
-1.290852,-0.603706,-2.527391
-1.216180,-0.448492,-2.672929
-1.163183,-0.474452,-2.662479
-0.883925,-0.398616,-2.438044
-0.853052,-0.275777,-2.239742
-0.957773,-0.304066,-1.806744
-0.910968,-0.055586,-1.230914
-0.664760,0.091891,-2.317728
0.211885,0.024746,-1.608162
0.537050,0.086691,-1.497231
1.522394,-0.316115,-1.012169
1.671462,-0.423123,-0.622013
1.837663,-0.480943,-0.652631
1.914866,-0.475836,-0.655494
1.722815,-0.909211,-0.700173
1.782218,-0.878471,-0.718752
1.719493,-0.923526,-0.883269
1.991784,-1.953205,-0.918909
1.682856,-1.391210,-1.168032
1.127043,-0.341919,-1.573063
1.163807,-0.291653,-1.662063
1.657360,-1.495209,-1.461015
1.713543,-1.685217,-1.375503
1.918573,-2.286184,-1.085848
1.320026,-2.343629,-1.008471
1.288126,-2.251841,-1.009498
1.434264,-2.234891,-0.958673
1.617715,-1.743936,-0.985176
2.197229,-1.556542,-1.293403
2.304541,-1.388341,-1.340755
2.012372,-1.619427,-1.327451
1.553180,-1.423947,-1.388081
1.581883,-1.585451,-1.332403
1.476066,-1.707490,-1.431614
1.826678,-1.624271,-0.841593
1.715654,-1.812753,-0.690494
1.807282,-1.551143,-0.550451
1.983430,-1.556624,-0.517195
2.158152,-1.496650,-0.041138
2.550845,-1.326773,-0.015810
3.244804,-1.631171,0.208029
3.785652,-1.634484,0.632734
4.104361,-1.184636,0.602638
4.429929,-0.779990,0.977302
4.252295,-1.047166,0.856107
4.300378,-0.794944,0.562965
4.063324,-0.315313,0.319631
4.288668,-0.565587,0.200929
4.388192,-0.791547,0.164152
4.317339,-0.655540,0.158516
4.126776,0.056263,0.287352
4.078829,-0.099262,0.178917
3.666184,-0.283467,-0.057542
3.796098,-0.069555,-0.429279
3.753082,-0.002464,-0.446359
3.912855,-0.202878,-0.535997
4.091876,-0.395573,-0.685168
4.431111,0.521475,-0.292914
4.508379,0.540487,-0.333732
4.780928,0.813088,-0.613261
4.811462,1.292166,-0.744352
4.843542,1.540988,-0.792623
5.241413,1.383687,-0.339023
5.413548,1.172750,-0.319212
5.760897,1.245191,-0.254691
5.917016,1.504816,-0.488429
5.999260,1.606569,-0.828909
5.823943,1.796148,-0.792514
5.887235,1.748246,-0.700521
6.080183,1.711919,-0.345799
6.008381,2.004006,-0.599709
6.095539,2.318415,-0.468443
5.672055,1.911276,-0.349855
5.579050,1.826577,-0.724682
5.644749,1.696574,-1.041652
5.705616,1.981633,-0.794618
5.953081,2.007786,-0.691002
6.117243,1.716663,-0.929458
6.284928,1.681702,-1.066354
5.712757,1.562289,-0.995753
6.315201,1.058223,-1.312003
6.448907,0.687901,-1.405813
6.563897,0.567796,-1.617940
6.468616,0.483894,-1.343442
6.717082,0.189184,-1.303799
6.613801,0.295853,-1.152767
6.597476,0.739037,-1.193257
6.274678,0.985882,-1.400463
6.300758,0.966513,-1.462688
5.905120,0.803263,-1.583718
6.958869,1.207355,-1.679435
6.657085,0.996843,-1.887446
6.529211,0.816857,-1.632698
6.462672,1.107139,-1.282194
6.575085,1.121702,-1.247375
6.958985,1.299911,-1.379959
7.135931,1.691630,-1.158293
7.001246,1.968540,-1.021063
6.855193,2.066945,-1.026272
6.798269,2.588967,-1.120992
6.797194,2.098117,-1.255958
6.903383,2.025595,-1.484457
6.901003,1.759420,-1.480259
6.983421,1.286329,-1.384914
6.029563,1.125758,-1.183600
5.667585,1.104384,-1.198286
5.686026,1.457757,-1.350858
5.849593,1.229969,-1.423759
5.997769,1.255490,-1.325119
5.999050,1.368003,-0.668738
5.788192,1.063634,-0.549993
6.107189,1.012405,-0.710864
6.386497,1.245858,-0.784161
6.691960,1.056612,-0.490428
6.709738,0.896675,-0.483100
6.360407,0.927898,-0.609296
6.711435,0.916469,-0.882150
6.842552,0.904998,-1.003449
7.139915,0.933096,-0.735243
7.108238,1.042071,-0.607453
7.341212,0.773901,-0.735757
7.386369,1.126036,-0.799113
7.783302,0.903718,-0.850215
7.980725,0.762277,-0.826711
8.432793,0.474480,-0.595484
9.150278,-0.858425,-0.165729
9.738477,-1.581994,0.008211
9.144053,-0.760933,-0.485309
8.933208,-0.633913,-0.335758
8.667394,-0.826058,-0.230895
8.326139,-1.147098,-0.242086
8.235965,-1.104234,-0.321323
8.323028,-0.865861,-0.077089
8.387794,-0.637758,0.101609
8.280325,-0.768353,0.023072
8.541430,-1.068076,-0.089512
8.843541,-1.395008,-0.108249
9.147346,-1.632642,0.045454
9.350805,-1.504237,0.517222
8.842269,-1.711578,0.477580
8.271052,-1.681723,0.205327
7.952922,-1.564446,0.048479
7.870718,-1.539738,-0.084920
7.707381,-1.218449,0.028378
7.785259,-1.180710,-0.278298
8.032011,-1.233848,-0.758546
8.692737,-1.286011,-1.042017
8.969275,-1.127603,-1.061189
9.460911,-1.134522,-1.182597
10.014807,-1.122649,-1.228396
10.136772,-1.180518,-1.552143
10.009329,-1.224835,-1.583928
9.907564,-1.434729,-1.586460
10.008110,-1.264521,-1.294826
10.124410,-1.430690,-1.649350
10.136109,-1.533800,-1.849824
10.152421,-1.773110,-1.178026
10.294845,-1.973286,-1.035698
10.063134,-0.935564,-1.337160
9.991656,-0.607432,-1.503596
10.048140,0.254527,-1.354148
10.117024,0.578768,-1.312490
9.957551,0.678418,-1.295187
10.041954,-0.079245,-0.903150
10.062657,-0.518953,-0.850212
10.190410,-0.254225,-0.838961
9.898993,-1.034854,-0.456246
9.987282,-1.500473,-0.675162
9.921952,-1.329221,-1.109619
9.925526,-0.957641,-1.346819
9.454473,-1.119209,-1.143737
9.226460,-0.879074,-0.965108
8.898336,-1.008734,-1.018537
9.136029,-1.414101,-0.842423
9.204659,-1.250291,-0.975100
9.274472,-1.460904,-1.071654
9.511147,-1.584882,-0.900142
9.515142,-1.420066,-0.794969
9.636242,-1.470082,-0.662068
9.546057,-2.584360,-1.317487
9.718256,-2.684895,-1.579296
9.742781,-2.668654,-1.539643
9.770782,-2.502872,-1.543490
10.314301,-2.604676,-1.230573
10.223736,-3.017461,-1.398769
10.474452,-3.460420,-1.396286
10.786312,-3.779219,-0.566741
11.008311,-3.835044,-0.771871
11.061578,-3.853749,-0.993439
11.367865,-3.784943,-1.105887
10.884277,-3.349391,-1.323643
10.757483,-3.347771,-1.638073
10.407157,-3.162240,-1.431890
9.918964,-2.585009,-1.577926
10.101559,-2.440784,-1.675940
9.954721,-2.541784,-1.606028
10.227296,-3.200600,-1.433929
9.920555,-3.254970,-1.407294
9.678102,-3.395298,-1.469057
9.712948,-3.508904,-1.866313
9.611777,-3.461102,-2.017002
9.674527,-3.542496,-1.968300
10.339410,-3.925472,-2.110837
10.501382,-4.173646,-2.293041
10.691390,-4.594792,-2.465973
10.666802,-4.512260,-2.838095
10.946159,-4.507638,-2.319949
10.972684,-4.204794,-1.993383
10.859455,-4.297114,-1.921737
10.656296,-4.221098,-2.088397
10.817303,-3.789929,-2.311509
10.928677,-3.825684,-2.444931
10.684653,-3.918216,-2.510617
10.805340,-3.399692,-2.488774
10.753971,-3.463248,-2.460697
10.696124,-3.302042,-2.339445
10.577072,-3.075088,-2.421972
10.500003,-3.873077,-1.596986
10.599513,-3.465928,-1.618510
10.525707,-3.110035,-1.755674
10.336185,-2.575336,-2.357298
10.324566,-2.530496,-2.397606
9.972315,-2.429717,-2.368810
9.831273,-2.367021,-2.620543
10.024057,-1.922967,-2.690191
9.959873,-1.789352,-2.867648
9.918535,-1.415672,-2.392419
9.876440,-0.986832,-2.230335
9.960431,-0.518123,-2.250358
9.890735,-0.385050,-2.307415
9.564363,-0.629537,-2.782472
9.659784,-0.857462,-2.892103
9.849635,-0.880819,-2.999698
9.826201,-0.842247,-2.896253
9.932916,-1.842482,-2.404738
10.136767,-1.963113,-2.298103
10.601040,-2.167997,-2.285843
10.791059,-2.397485,-2.326690
10.743773,-2.466028,-2.329054
10.931877,-2.517892,-2.317426
10.670415,-2.354180,-2.635854
10.667672,-2.205404,-2.618727
10.527657,-2.636046,-1.783723
10.469916,-2.698811,-1.620999
10.836371,-3.133582,-1.344408
10.846412,-2.983908,-1.782405
10.919270,-2.774202,-1.858203
10.813447,-2.715558,-2.034125
11.146535,-2.671609,-2.055650
11.469074,-2.584254,-1.871133
12.027036,-2.697173,-1.825126
11.991341,-2.714590,-1.543495
11.572874,-2.385692,-1.583964
11.334902,-2.209921,-1.656264
12.111793,-2.530786,-1.426727
12.545168,-2.758047,-1.077484
12.822795,-3.270853,-1.282091
12.671172,-3.299798,-1.568516
12.323504,-3.454443,-1.635784
12.345323,-3.559364,-1.843688
12.468201,-3.608647,-1.952051
12.535066,-3.616920,-2.238248
12.426319,-3.516255,-2.342829
12.547911,-3.718159,-2.207241
12.613201,-3.754735,-2.375497
13.476599,-3.610584,-2.140554
13.505166,-3.707573,-2.652868
13.927189,-3.946239,-2.339195
14.099269,-4.022795,-2.575771
13.078941,-4.336808,-3.796819
12.870160,-4.459002,-3.897169
13.080973,-4.428631,-3.747015
13.310190,-5.305248,-3.947762
13.438347,-5.114780,-4.081450
13.460917,-5.021719,-3.955114
13.487880,-4.808123,-4.392024
13.488137,-4.604478,-4.730227
13.837286,-4.588830,-5.034604
13.611181,-4.308950,-5.083596
13.398359,-3.951164,-4.941958
13.053397,-3.504977,-4.957014
13.357172,-3.344644,-5.004086
13.608822,-3.319139,-4.997077
13.971909,-3.383259,-4.988577
13.948069,-3.177081,-4.939985
13.689888,-3.134994,-5.076205
13.698936,-3.126673,-5.256142
13.398729,-2.953027,-5.329385
13.690728,-2.818951,-5.966221
14.077042,-2.986130,-6.308550
14.282735,-2.620160,-6.409796
14.331971,-2.398988,-6.428360
14.324950,-2.013705,-6.083398
14.186795,-1.702595,-5.745407
14.050943,-1.954297,-5.867974
14.181641,-1.809487,-5.700819
13.990095,-1.614440,-5.132622
14.144837,-1.686346,-5.155948
15.039301,-2.447594,-5.446911
15.164567,-2.695423,-5.749362
15.349067,-2.973929,-6.080940
15.404742,-3.021633,-6.148800
15.529055,-3.043325,-6.287274
15.512660,-3.433862,-6.131486
15.716187,-3.508228,-6.016418
15.977131,-3.429139,-5.806666
16.335802,-3.260408,-6.079319
16.053850,-3.469570,-5.105087
16.722944,-3.614749,-5.338498
16.949305,-3.572572,-5.550793
16.931633,-3.464160,-5.641466
16.988968,-3.250911,-5.822716
16.858500,-2.945274,-6.263016
17.029951,-2.689288,-6.484957
16.780790,-2.838651,-6.494620
17.367983,-2.525834,-6.767718
17.385515,-2.402828,-6.642480
17.442339,-2.156071,-6.945514
17.259611,-1.433871,-7.283984
17.518694,-1.364738,-7.521548
17.556150,-1.315660,-7.645454
17.878393,-0.997462,-7.664235
18.332088,-1.292391,-7.716393
18.247074,-0.721079,-8.293550
18.332354,-0.549329,-8.337623
18.873297,-0.681272,-8.143161
18.394033,-0.853181,-7.969391
18.291361,-0.654263,-7.832858
18.100386,-0.877917,-8.167355
18.220127,-0.854129,-8.385746
18.300932,-0.519359,-8.127976
18.355461,0.021298,-7.593970
18.446466,0.290409,-7.626424
18.317806,-0.373834,-7.602479
18.757593,-0.857427,-7.524740
19.332407,-1.511237,-7.234203
19.233349,-1.442425,-6.046402
19.161808,-1.668694,-5.989512
19.195906,-1.505748,-6.011561
19.282415,-1.884261,-6.066867
19.392242,-1.297988,-6.236815
19.764706,-0.828638,-6.279568
19.763611,-0.911588,-6.395996
19.443354,-0.845060,-6.402776
19.583099,-0.766362,-6.676882
19.418934,-0.805380,-6.670194
19.511707,-0.836684,-6.673091
19.551512,-1.569672,-6.078952
19.589319,-1.833619,-5.854421
19.764807,-1.769987,-5.916570
19.894344,-1.954861,-6.031357
19.858240,-2.102901,-6.451798
19.945951,-2.174842,-6.656668
20.263184,-1.997034,-6.899215
20.420630,-1.794747,-7.007202
20.626432,-1.379528,-6.990136
20.738495,-1.844413,-6.922489
20.638546,-2.304164,-6.778291
21.010172,-3.224034,-7.150664
20.965193,-3.272424,-6.844726
20.862535,-3.318128,-6.678415
20.816164,-3.349590,-6.617731
21.312910,-2.859601,-6.723101
21.468773,-3.181530,-6.801068
21.739182,-3.359355,-6.803185
21.898840,-3.081578,-6.741738
21.630260,-3.040034,-6.772000
21.372528,-2.797994,-6.965192
21.907595,-2.554218,-7.102968
22.041977,-2.482294,-7.353892
21.978802,-2.497229,-7.552031
22.245193,-2.503454,-8.354269
22.480673,-2.537471,-8.850514
22.558184,-2.512109,-8.500241
22.426611,-2.510221,-8.025594
22.431967,-2.574472,-7.807999
22.711777,-3.105077,-7.744387
22.491112,-2.350947,-7.822477
22.447601,-2.397460,-7.612887
22.841045,-1.976511,-7.953884
23.023552,-2.349290,-7.772121
23.341879,-2.165498,-7.634550
23.631361,-1.710320,-7.183714
23.566977,-1.430625,-6.905484
23.921295,-1.529926,-6.987534
23.990217,-1.382547,-7.164622
24.190809,-1.235696,-7.069719
24.242748,-1.075952,-7.105094
24.201208,-1.548416,-8.112259
24.188019,-1.424316,-8.301507
24.135715,-1.442133,-9.183052
24.085701,-1.441425,-8.718086
24.287552,-1.337999,-7.842530
24.812492,-1.232162,-6.332818
24.914005,-1.423012,-5.786107
24.903870,-1.677221,-5.918175
24.847702,-1.824158,-6.353098
24.565035,-1.768703,-6.080951
24.702774,-1.817906,-5.746876
24.791357,-1.984573,-5.644731
24.945885,-1.445758,-6.174874
25.113255,-1.614372,-6.037488
25.342985,-1.576112,-5.946445
25.448196,-1.598358,-5.846700
25.111074,-1.944202,-5.763874
25.138481,-1.862573,-5.868618
25.712650,-2.062870,-5.741597
26.243542,-1.812342,-5.736988
26.257359,-1.966628,-5.707265
26.187782,-2.337208,-5.573859
26.275755,-2.417201,-5.468060
25.815733,-3.588758,-5.516374
26.082735,-3.561634,-5.441388
26.257946,-3.114256,-5.412554
26.779648,-2.211141,-5.331079
26.942272,-1.960463,-5.115123
26.724718,-2.978784,-5.115795
26.765249,-3.165648,-5.442361
26.969360,-2.360228,-5.583417
27.078938,-2.546881,-5.173225
27.035028,-2.695698,-4.798008
