434.214100
403.232900
444.110600
395.318800
391.686600
419.610600
415.013300
404.206100
417.355600
368.796400
421.638000
405.039500
416.882200
410.975900
406.511100
405.495400
404.885800
422.812000
395.558900
362.772800
393.993700
394.339800
396.715500
428.275100
407.543200
399.731900
375.704000
402.491700
400.449700
420.089500
435.946100
446.126300
444.897600
441.413600
382.254300
419.759000
426.274700
438.831800
418.226700
428.061300
441.241400
417.076600
391.797300
404.099100
431.334700
431.304600
427.005400
364.892100
375.769500
376.926300
441.912000
437.429900
416.937300
445.410300
430.931700
419.927700
413.210100
416.846100
399.457900
413.049000
396.614300
421.223600
379.694400
425.617900
410.269400
388.362700
436.447800
424.344800
410.172400
432.969000
439.195300
442.594100
407.555100
424.164000
453.633600
421.813600
391.506500
458.880500
409.491100
421.727000
430.052000
463.973100
418.394500
405.657000
408.228900
445.668500
439.560500
439.930000
441.698000
468.656400
457.620600
416.086200
448.406400
410.276400
413.808500
450.698100
432.415000
445.317300
407.650600
448.440600
455.356300
395.896900
409.759600
458.667300
498.084100
455.017300
412.884300
392.351300
387.310200
383.011600
402.730700
415.085300
413.725800
409.169200
385.840800
440.839400
436.828900
434.276500
408.401500
454.598700
414.527200
441.071000
465.590500
402.964500
399.669000
408.035200
426.126200
396.378000
416.615500
421.521900
445.040700
453.361200
420.989700
402.960900
437.635400
438.046500
442.994900
433.319500
441.021400
441.968000
425.639000
407.248100
407.553100
412.351700
415.980700
424.139100
424.448600
417.133200
428.237500
454.133400
411.209300
423.576500
449.776500
451.500800
441.769600
374.552900
404.777600
432.187700
434.431000
434.492700
446.351600
417.186600
429.374900
428.415900
434.294100
406.467800
425.680300
412.129900
418.765900
447.510600
440.901600
415.422000
460.812800
434.866300
446.192800
413.311900
435.824800
419.108100
388.223400
428.668600
401.717300
406.057400
430.481000
442.019700
416.028400
406.494800
405.468400
412.768100
422.777600
392.684200
444.149500
439.956900
452.427900
446.818500
439.178400
462.114900
380.527800
440.699900
386.494200
393.821700
452.703900
404.119700
410.086500
417.989900
425.810400
428.754400
419.976700
421.994400
442.451300
454.594600
454.688200
462.187400
453.729200
409.702300
442.346600
445.558500
413.139800
427.367100
426.219400
409.462100
412.880900
447.614600
482.228700
403.897700
459.477700
439.003300
412.258900
419.876100
447.016700
417.228900
438.334700
426.005800
418.866000
445.541800
423.967900
406.597200
436.051000
396.058500
404.273200
391.885800
429.586100
398.728100
408.639600
441.305000
440.749200
375.982200
428.376300
400.286900
436.212200
404.939400
414.223300
383.115000
408.947200
428.392900
441.885300
425.652900
407.171000
435.199000
439.567800
407.403700
396.151000
410.205700
400.695300
436.126100
429.454200
424.071100
416.658900
407.768600
378.220900
453.589200
426.223100
363.219000
363.969000
362.943200
358.936500
473.756300
407.854300
446.334500
381.277400
418.432500
409.051800
410.338900
460.921100
427.403900
415.810800
416.579700
390.908100
469.046700
462.464900
408.366800
431.556200
413.735400
424.475600
400.095000
417.200300
414.762400
408.528700
424.088400
448.240100
443.274000
440.678800
429.970000
433.384000
410.064200
407.502800
410.118400
420.115500
433.519300
392.680500
397.948800
444.219500
371.257100
432.949400
408.585100
414.798300
375.422000
412.782300
419.497700
371.997400
446.116400
429.638600
409.936400
407.767000
400.602900
389.117100
402.627500
418.087300
434.967000
391.039800
416.189400
384.509100
431.075700
441.326000
421.412700
446.870100
424.959200
396.067300
418.305200
405.167700
447.683000
434.926200
429.922900
446.220000
426.050700
360.986600
392.207700
432.562300
445.096300
418.895300
407.978600
409.998500
403.727600
419.827500
421.724600
449.374800
428.004300
433.047000
396.897100
393.199300
393.002700
387.261800
397.966300
381.835500
382.194000
405.055800
401.586300
357.915200
393.648700
419.835800
363.927000
401.132500
390.997400
387.868400
449.358900
448.761200
420.466500
422.613400
436.600100
361.590900
416.866400
421.740100
421.549700
416.208500
386.219800
410.061500
385.018600
371.197200
416.812700
405.158000
425.136100
435.282500
389.992700
378.250600
392.212400
363.355000
401.800900
401.666100
413.319200
403.911700
385.160000
388.417300
381.666300
401.670100
432.153500
439.126700
405.842100
408.485500
423.518000
429.889900
417.375700
405.904600
430.612800
417.024200
394.168200
375.993800
385.836100
379.142500
396.491400
430.018100
441.245600
422.355200
403.529700
375.874100
380.664400
398.481000
431.701100
425.535900
387.679400
411.318800
419.936500
410.833600
379.424900
417.835600
430.468000
429.595100
425.278000
420.061100
374.654700
373.653000
426.876400
407.358400
439.939100
406.337900
412.694500
411.479500
435.615400
456.388700
422.012700
427.319900
432.793100
448.707700
395.869100
426.453100
455.017800
396.006600
418.103300
375.706300
400.704600
410.125700
367.480400
440.994200
381.127300
347.503000
409.693800
390.829000
447.151400
385.906700
410.201500
394.318800
409.436100
423.746900
455.025200
424.994300
414.308000
406.841300
372.920100
363.033900
349.119300
365.910400
366.264200
413.133800
416.076200
392.183300
422.116000
417.656100
452.745300
415.633200
386.939200
418.471500
395.840300
428.093100
369.995900
419.861400
415.373000
417.190000
437.922000
443.407600
408.958900
406.441100
419.832300
