519.530500
497.415000
538.320400
479.070500
488.628300
512.210800
479.933200
486.078400
514.553800
447.121200
510.897900
476.142500
476.142900
471.607100
489.642600
483.074000
472.934500
504.243600
467.179300
442.339700
458.918900
467.537500
474.014300
497.524200
468.987200
455.068800
457.822600
468.195100
474.382300
491.887000
501.673200
523.625700
530.698000
508.815400
437.978500
554.646200
570.497700
579.822900
540.731900
527.968500
523.653400
497.912200
477.628200
527.892600
554.021100
581.564600
532.659200
498.274100
542.422200
449.871800
581.473600
526.988100
502.878600
543.198500
538.811300
507.617500
520.888100
517.502200
509.030200
523.780000
478.056500
511.295900
432.903500
475.901600
526.003900
455.975700
579.143100
520.509100
487.371200
505.902300
576.434500
513.639800
486.934200
497.102000
501.766400
504.099000
461.496500
458.754500
489.053300
466.304100
509.998900
459.488900
446.901000
502.936600
508.153000
540.168000
556.114400
546.462300
551.962300
549.784400
485.030400
489.835200
516.537100
456.334000
513.887900
537.370000
495.621000
487.720000
494.152500
517.491000
510.705400
461.909700
516.986700
529.009300
526.539400
544.290200
510.770300
450.947800
451.837800
452.683100
475.754900
499.906700
498.344200
495.127600
452.270600
549.271300
554.381500
516.084200
479.332700
510.788800
493.251200
543.242600
544.774400
466.355700
447.481500
461.201600
498.498600
474.340100
483.809000
484.599600
546.270600
482.753900
486.166400
468.267700
513.698100
515.548700
523.253000
502.306000
491.573600
532.447900
513.444900
497.811800
465.966100
483.277800
474.012800
489.232700
495.551500
481.660100
496.733800
525.910800
474.882800
496.156900
508.021100
536.785000
509.612900
453.849300
522.174200
526.060500
544.153700
497.068700
531.687300
496.655900
495.095700
503.922300
519.427600
481.401500
513.855300
479.365900
459.849100
537.720900
521.806500
518.360500
535.577500
492.160100
513.712600
490.519900
513.670700
497.538500
427.777000
511.906600
509.238100
474.928200
504.592600
523.449900
482.832200
464.626000
460.145100
469.738400
499.338800
525.038800
518.747600
471.491600
543.676000
520.995500
514.041700
532.173500
437.015600
516.698700
447.078900
463.163900
541.455500
472.017700
472.136600
489.746900
499.380600
507.203700
468.272100
496.585200
534.528500
511.902200
529.304700
536.886400
550.488700
504.364800
511.432800
516.771500
496.866700
506.552700
500.178500
497.006400
485.755800
523.865600
530.519000
463.086400
527.306300
501.311500
459.365300
503.921600
513.335700
519.729100
540.606800
520.963600
497.449800
519.546100
499.917900
475.939500
516.511400
451.378300
463.161200
453.467500
783.122600
755.642100
703.665900
635.952600
683.878200
464.222600
515.364400
486.742300
557.578200
498.260800
479.052000
506.011100
496.379600
539.190900
527.724100
533.727700
479.101600
499.877800
508.329400
493.085800
456.243800
513.127100
493.880200
542.841100
506.334900
507.870900
502.723400
497.795800
450.770700
553.499100
522.859100
455.317900
430.570900
429.795000
424.960400
586.196500
477.190500
532.769700
464.157600
493.441900
480.378000
512.337200
543.718500
582.169500
525.568800
524.777700
479.969500
559.110000
572.110900
503.817100
537.790400
492.642600
514.975100
467.413700
515.608300
509.101100
489.919600
496.414700
534.431000
513.581500
564.827600
601.866700
531.504600
546.570300
509.616600
506.715400
521.118700
567.166500
500.877000
574.638300
586.087500
472.357600
550.351600
499.763500
532.606400
487.414700
534.106700
559.311600
505.553400
588.067400
565.653900
505.851000
555.095200
549.253400
500.173900
517.117200
543.412600
550.693900
500.397000
513.066700
462.086900
506.299500
524.144000
549.950900
593.240500
497.738700
509.834300
537.062300
546.893700
545.213600
577.697500
560.416800
557.558500
542.415900
438.573500
486.796700
517.913500
561.050100
535.450700
480.753500
523.413600
525.901900
530.099500
530.122100
530.960700
537.888100
554.294400
504.337600
462.031900
465.281700
490.091500
482.893100
468.063000
470.695500
517.143000
486.882900
456.376300
491.741500
543.437500
474.465500
550.030600
514.656100
480.481300
954.036700
656.615400
616.692800
626.679600
540.402300
423.799600
494.936300
521.194700
526.926400
579.606300
480.969800
476.912400
540.506400
464.782800
511.460400
503.668600
509.989500
514.764800
451.822100
449.430700
456.903600
424.570100
495.518500
502.384000
506.388500
498.507200
439.926500
464.005200
449.898700
459.594900
578.458800
533.062700
469.520800
520.234800
516.694900
523.823600
519.481300
499.940000
513.159700
523.460600
470.428300
476.435300
466.093300
476.047000
491.634600
583.893100
557.959800
525.218300
521.216400
457.801800
465.992300
487.584800
564.735000
517.193800
470.537800
486.943600
514.599400
497.691400
464.875300
513.815300
504.128000
491.552900
503.967200
494.044900
442.500200
438.052100
505.428200
481.194800
503.903800
467.423200
468.403100
473.775600
488.397700
503.530700
495.004300
499.645700
518.968100
536.844200
469.924100
513.423000
618.079400
570.086700
578.701000
458.671100
512.987700
528.560400
446.444500
550.135200
499.487400
439.384300
522.948900
483.469700
529.948500
479.653600
628.618900
723.681000
652.172700
569.679500
616.571800
574.667200
560.179200
543.310800
638.384000
602.472700
534.449300
454.385800
456.415000
502.057000
498.648600
478.771400
592.377200
520.900400
671.092400
565.049900
745.833400
821.755900
605.545100
641.630000
670.883200
735.950000
732.149900
561.503100
613.050700
625.244400
645.094700
604.042800
603.484600
