1029.363600
982.491600
1109.499400
981.782000
980.934200
1049.871900
1024.146200
1025.244400
1020.365800
902.160500
1060.947700
1001.028800
1061.858200
1044.907500
1037.322900
993.541600
1001.220300
1047.920700
1010.650100
945.945700
1006.298300
995.735300
1026.022700
1052.615200
1025.494700
999.776500
979.946300
1017.952000
1018.080800
1057.977700
1091.519500
1112.426900
1113.389200
1106.948500
980.156200
1059.462400
1074.869200
1087.449700
1063.680000
1081.344300
1107.074600
1073.880900
998.350400
1044.574400
1075.230600
1084.799400
1061.527200
953.709800
952.236100
967.177100
1124.446100
1098.812900
1076.006300
1118.696300
1093.492700
1043.674800
1044.012400
1051.690500
1005.101900
1032.298200
998.964200
1051.131300
930.429600
1026.210000
1010.150000
946.137600
1055.122500
1034.443900
1001.401000
1059.751400
1091.211900
1051.690800
1011.042800
1024.810300
1261.332500
1137.064200
996.029800
1001.086500
1011.259200
1015.855000
1083.241300
1079.304000
970.237100
991.920600
1065.952200
1124.773300
1093.291000
1087.634900
1088.096100
1154.470200
1138.481100
1013.323800
1080.995300
994.920900
1024.501900
1117.587500
1060.263400
1075.286800
1008.094500
1113.164600
1132.171900
1002.053100
1021.642400
1115.207100
1092.877000
1145.306100
1050.081500
981.345600
968.571000
992.382200
1000.943300
1046.418300
1026.904600
986.084400
950.858400
1168.632200
1141.404100
1085.235900
1006.322800
1151.274400
1022.615400
1132.603000
1193.740400
1029.029600
1019.290200
1041.167400
1114.546700
1021.402300
1063.689300
1056.453000
1190.025000
1144.908300
1062.339000
1025.205100
1144.006600
1116.910900
1099.420700
1055.825200
1043.040600
1088.181900
1156.791500
1070.503100
1074.093600
1085.823900
1101.284100
1121.760100
1084.193300
1085.042400
1103.655700
1182.362700
1083.103800
1096.730500
1161.620500
1162.414800
1135.823600
1005.625300
1081.825300
1153.287600
1121.828500
1096.737200
1183.187800
1127.312300
1085.444000
1058.883800
1114.911200
1050.506000
1094.576000
1041.710700
1041.543600
1137.788600
1155.026600
1081.480200
1157.487300
1078.203800
1169.778200
1056.263600
1121.456100
1102.309700
1073.556000
1135.627700
1096.614200
1042.275100
1135.505000
1196.332800
1155.029900
1052.800200
1040.938500
1090.360600
1195.753700
1050.159000
1167.478800
1123.596600
1176.769000
1159.397500
1149.464300
1197.540500
975.912500
1132.773700
1010.490300
1038.449200
1167.332700
1073.814300
1064.014700
1153.905300
1102.953200
1194.312800
1066.128200
1087.248800
1167.141900
1193.726500
1160.381800
1190.402300
1167.877700
1071.806800
1134.742200
1136.152900
1056.273400
1078.815600
1084.273700
1097.636300
1063.683500
1154.213100
1187.368800
1071.359400
1178.776300
1100.057000
1029.017300
1087.736300
1142.811000
1119.239300
1128.279300
1082.192900
1059.055800
1118.492400
1069.023100
1015.443600
1088.688900
990.761600
1029.484700
1030.315800
1103.841000
1037.071500
1046.608800
1154.582000
1178.920600
964.838100
1257.695600
1023.786600
1173.922400
1046.539900
1038.280100
1006.966700
1065.960600
1113.128100
1094.722700
1125.401700
1057.558100
1080.298100
1081.307300
1032.266000
1002.322200
1039.238800
1016.865400
1085.526200
1065.994500
1086.856200
1065.660800
1050.488600
940.583100
1162.387000
1115.298200
907.715200
925.537000
935.676900
916.466000
1192.471400
1085.587500
1101.787700
986.456400
1081.135200
1032.708200
1041.499200
1166.209900
1108.651600
1020.909500
1086.043000
1015.203300
1156.306900
1155.910800
1066.052900
1090.507000
1043.145200
1086.055000
993.045100
1095.615100
1084.780900
1030.855700
1099.536600
1225.767800
1240.897800
1172.367700
1094.776300
1091.032500
1082.637700
1049.545700
1024.901600
1048.099200
1055.071200
1022.826300
1070.420100
1142.530000
975.979300
1150.938600
1058.590100
1042.368000
997.249400
1078.632300
1067.332100
979.897700
1172.928400
1103.715800
1089.699700
1087.583900
1081.245100
1027.416800
1061.691200
1113.780900
1167.821200
984.887600
1082.998000
960.780800
1107.040300
1116.137600
1113.605500
1161.560400
1036.650800
1008.670300
1058.356800
1053.719600
1163.697500
1145.562600
1113.761900
1203.251600
1212.908100
1009.658400
1118.135300
1167.057000
1196.643700
1229.983700
1108.441200
1140.687200
1168.737700
1176.927800
1143.463900
1159.859900
1144.031200
1144.588400
1073.850400
1071.022400
1065.082400
1063.815900
1059.549400
1006.150900
1174.651000
1288.701800
1087.047900
934.769700
1018.054300
1081.172600
964.042900
1012.793100
990.388600
986.518700
1188.806000
1158.006400
1078.627100
1124.990200
1140.009200
944.350600
1104.831900
1206.309200
1105.937000
1097.215400
1026.513900
1081.479700
1024.629100
962.797300
1084.835300
1036.235300
1085.533500
1118.728200
1002.967200
1009.118500
1018.276900
923.904100
1022.066600
1039.743400
1074.738400
1033.270600
979.730700
985.505700
984.294300
1020.367700
1142.112400
1159.446200
1088.579200
1103.184700
1100.659300
1211.614800
1073.199700
1037.619200
1071.785500
1120.611200
1026.875100
1013.134700
997.477100
975.970600
1032.203900
1180.213100
1183.896100
1128.885200
1080.583500
958.833400
968.238200
1043.269600
1136.797200
1063.340000
1026.965600
1120.785800
1077.641900
1065.181900
979.291000
1099.067900
1085.392800
1097.838000
1057.584600
1041.205700
961.994300
931.051000
1080.848400
1014.679700
1086.266900
1096.461300
1023.804500
1053.500700
1075.313500
1067.752800
1075.941300
1090.673900
1156.674900
1318.593700
1038.372600
1123.106100
1129.648700
1062.560600
1121.646200
986.535500
1015.002500
1070.311400
900.993000
1098.601600
1007.636800
887.569300
1038.889800
1049.745300
1151.911700
1012.796000
1084.550800
1052.691200
1079.851900
1084.334400
1143.148100
1093.613100
1061.054900
1074.991500
978.995100
968.441300
899.989400
940.240900
936.412900
1049.765600
1057.603100
1025.990200
1100.033800
1043.613300
1092.450900
1037.929800
1037.628900
1031.308700
982.343200
1032.225300
896.232800
1062.618300
1070.706800
1049.055100
1158.631400
1166.626700
1040.068200
1034.478200
1081.628600
