1371.887900
1319.250300
1468.183100
1325.142000
1325.106900
1407.387200
1386.601100
1372.770400
1367.101700
1196.571800
1423.739900
1360.872700
1387.717900
1381.811800
1433.182200
1431.263500
1380.303100
1440.296500
1354.335800
1283.782300
1360.068500
1345.022500
1349.742300
1420.003500
1366.615100
1354.280300
1317.212800
1340.765100
1373.606500
1437.778900
1473.211800
1484.389600
1478.927700
1476.050200
1328.769400
1445.022000
1488.469600
1489.427600
1435.304400
1464.615600
1471.909900
1424.162800
1342.810800
1419.523600
1456.365600
1498.892900
1465.948900
1363.416500
1410.929300
1374.891200
1560.216600
1536.219500
1502.399900
1570.477800
1536.823000
1477.614500
1466.124000
1449.851900
1400.422200
1455.844600
1449.237400
1488.770800
1350.885400
1487.990900
1474.878200
1451.767700
1516.387300
1470.853800
1408.528300
1497.496600
1535.821200
1484.414300
1396.729000
1421.719600
1539.005100
1475.833400
1453.158100
1468.340400
1443.702000
1422.084400
1486.523200
1528.620700
1363.411200
1384.808800
1449.835900
1535.525400
1532.986600
1552.991300
1499.957800
1638.689800
1599.866900
1463.276500
1523.035500
1392.117600
1456.599600
1526.858300
1493.370300
1514.251500
1484.736200
1634.756900
1586.194000
1426.259800
1472.277500
1561.393800
1477.062900
1693.390200
1500.762600
1372.060400
1445.557800
1354.729200
1418.219400
1456.287600
1424.534300
1397.442000
1319.769600
1485.596800
1465.163600
1492.068200
1402.502900
1552.634800
1413.713200
1541.389800
1597.962000
1394.814400
1408.849300
1442.432100
1534.188700
1423.814000
1518.033100
1505.869200
1555.264600
1580.134300
1459.432900
1394.819100
1546.991400
1525.323300
1494.676600
1442.889800
1441.720800
1487.074600
1528.953800
1402.450500
1402.136800
1432.618900
1426.368000
1477.052200
1481.379800
1412.094700
1454.004300
1555.163800
1381.781900
1424.609900
1462.509300
1469.121800
1466.586500
1306.196200
1401.759300
1454.833700
1488.803300
1442.348700
1614.598800
1486.310700
1453.336100
1511.952400
1533.868300
1458.568300
1508.316500
1428.094100
1434.071700
1537.483200
1597.445400
1551.778700
1672.173500
1500.584100
1583.602300
1505.278500
1552.117900
1491.104000
1487.032100
1595.881600
1451.502500
1457.061800
1491.396500
1516.371000
1441.251200
1433.107600
1372.361700
1407.602400
1491.375400
1437.034700
1576.130300
1496.237900
1587.492300
1567.190000
1634.133300
1715.087600
1355.135300
1554.843000
1347.274500
1406.038900
1571.822100
1416.895500
1391.881000
1418.392900
1476.519700
1525.356700
1420.165000
1452.553300
1567.224300
1630.537500
1535.719000
1582.941900
1582.157500
1419.827800
1540.492800
1561.957300
1440.681100
1424.584800
1445.996000
1453.354200
1445.722500
1552.325700
1682.102500
1382.982500
1539.990200
1482.196800
1449.823100
1441.894200
1499.433600
1475.727800
1570.979400
1460.063900
1395.700800
1491.191900
1402.712800
1357.905500
1505.727000
1314.345000
1318.337800
1304.518100
1400.670000
1341.567100
1328.451600
1461.880000
1475.463800
1273.123800
1402.925000
1334.370300
1788.610400
1385.582100
1435.889700
1366.668200
1713.259300
1556.448600
1582.526200
1617.867300
1383.291400
1522.921700
1470.090700
1401.243100
1345.370700
1456.949900
1472.215600
1499.035600
1476.575200
1531.020500
1430.121000
1387.913500
1250.062000
1575.539800
1452.587000
1199.500300
1202.150000
1215.286200
1173.814200
1631.481800
1352.689700
1468.342400
1264.762300
1428.274700
1376.703100
1377.215900
1489.312400
1454.030500
1325.244200
1391.777900
1289.752400
1552.217700
1530.648500
1336.133700
1370.344500
1343.482500
1395.173000
1260.095000
1399.068800
1303.934100
1297.522900
1381.119400
1483.589600
1409.192300
1460.443900
1438.582800
1415.715200
1385.522900
1344.778700
1506.516300
1393.011200
1394.257800
1312.746300
1335.538200
1485.615600
1273.888200
1486.463200
1414.648400
1436.483300
1315.900600
1413.618700
1496.966900
1578.911100
1638.821700
1507.743200
1484.719700
1445.649100
1471.287600
1325.687900
1337.431200
1408.070000
1474.292500
1261.635000
1456.352300
1262.861600
1462.140100
1483.951800
1471.121900
1571.107900
1324.296100
1337.678600
1393.516800
1355.599700
1509.369300
1514.434800
1451.594500
1507.250500
1443.551300
1148.188400
1287.224400
1446.886900
1554.615400
1391.327300
1343.916600
1424.629000
1345.101600
1442.987600
1438.587700
1482.510400
1454.253000
1430.962800
1319.733000
1301.485600
1336.928300
1325.489200
1328.445300
1231.568800
1252.296900
1330.624400
1359.118100
1205.826400
1337.426900
1416.551600
1221.924500
1309.234500
1287.047800
1252.364600
1537.673100
1565.425600
1420.231200
1458.520200
1495.603500
1193.987000
1439.108800
1413.067700
1428.065700
1413.012400
1310.742300
1349.103200
1300.737400
1215.247500
1407.558100
1351.015000
1435.293400
1449.191800
1264.694100
1250.780400
1301.970500
1198.477000
1341.117300
1339.400100
1377.689300
1345.963200
1267.445600
1262.493200
1258.209300
1313.899200
1472.062500
1643.068100
1407.602500
1451.959800
1506.762400
1619.703700
1505.657600
1388.432500
1423.871000
1424.793900
1274.869100
1245.287600
1256.508500
1265.332400
1322.876400
1504.224800
1517.301600
1416.095000
1395.835500
1224.007800
1229.428500
1346.098000
1459.284700
1422.247300
1301.698700
1361.231400
1397.240900
1402.453400
1276.682400
1410.298400
1410.773000
1413.731500
1389.143000
1344.773500
1259.557600
1235.467900
1420.121800
1348.373800
1465.488800
1507.215400
1326.982800
1335.497400
1416.935100
1361.236100
1370.658300
1429.786100
1477.965100
1700.093400
1341.321500
1398.300500
1500.413700
1331.222700
1423.914700
1298.312400
1333.488700
1412.783600
1463.416100
1539.128900
1385.458900
1233.800900
1382.733900
1345.596200
1507.318800
1343.710300
1393.544600
1341.114900
1396.445600
1375.972600
1604.031900
1524.091600
1665.513500
1451.916700
1285.579700
1368.026600
1275.097000
1289.826900
1327.913500
1470.792000
1405.132900
1384.582800
1526.061000
1444.113600
1551.115500
1409.526000
1374.608600
1400.454500
1304.380200
1367.204200
1199.707900
1389.700400
1397.178600
1351.202100
1500.841500
1476.506600
1418.519200
1386.437600
1415.252200
