76.536800
65.985700
76.493200
67.215600
73.289700
70.607500
70.338200
68.977300
89.753600
62.104000
71.693800
67.721000
105.849500
71.266500
79.027600
67.586800
72.884600
72.371300
67.998700
65.597300
72.099300
68.983500
71.988800
70.400800
70.673200
70.316100
68.508600
69.206100
72.985400
70.933800
73.988500
83.607000
88.649500
74.406700
67.890700
70.815100
71.405800
74.277400
71.272800
73.510600
71.754600
70.406800
68.441700
72.389100
71.390300
73.914600
72.075400
64.733100
62.742200
63.393600
74.913200
76.364600
68.201700
76.872800
77.576600
75.573000
72.993800
72.815900
71.268000
74.271300
65.988900
74.362800
62.896500
71.058900
67.724000
69.602500
80.265500
73.094600
73.523200
69.655600
76.032700
71.072000
68.907600
69.201600
72.271700
71.855600
73.194900
70.196200
73.824900
72.460200
72.980500
67.695300
66.132700
71.236000
71.486700
78.352300
77.523100
76.927400
73.717100
79.145000
70.005800
68.513500
72.944100
67.300600
71.687800
75.854700
69.660300
67.632800
67.700900
73.581100
71.485200
65.947400
67.814900
75.569900
70.228700
75.194400
69.795900
63.076700
64.311500
65.205600
64.741100
70.903500
69.453600
67.288500
64.815400
72.744200
70.529400
71.237100
66.344900
78.628300
66.844800
78.056400
77.955500
65.589000
68.375700
66.568300
73.302800
63.085000
69.200600
69.749200
76.746000
70.981800
67.354300
64.170100
72.873100
72.758500
71.996200
66.998200
66.792500
69.925300
70.804900
65.936000
64.433900
65.152000
68.817900
67.964800
66.193800
62.706700
62.536200
67.356000
65.798500
66.498800
71.605200
63.009200
69.978100
57.729700
69.104600
66.754900
71.538500
66.798600
75.039000
71.965600
70.312800
70.058300
71.110500
67.018100
80.074400
67.935600
81.934600
73.253800
74.967700
72.080100
74.964800
72.975300
75.372200
67.850200
71.725800
67.483500
68.832000
70.674100
70.191200
65.866100
70.671800
73.936100
72.255300
68.573700
67.562300
70.075200
68.661100
70.899500
71.771300
65.927300
69.276400
73.580300
95.893500
72.297800
68.521400
72.237900
64.041300
63.557300
68.091600
69.102000
66.301100
69.588300
69.450800
71.821800
66.955400
62.214600
73.967000
73.543300
68.403700
76.860300
77.330000
68.446900
73.458600
77.241700
69.291700
68.382200
67.771500
70.338500
68.476300
65.942200
68.458200
68.770000
66.197800
71.242900
69.425400
71.639500
73.017500
71.793600
73.978900
70.182100
70.781000
70.749900
66.913100
61.498900
71.818600
63.487000
63.831000
68.059100
67.329700
63.103000
63.141400
73.520400
71.260200
63.797200
72.956500
63.275600
71.250000
68.560500
63.202500
63.501600
63.879500
68.743700
72.273300
68.459400
62.573500
68.884900
65.495900
68.256700
60.648300
66.263200
59.936000
65.931200
66.781600
67.186900
70.963200
65.822600
60.699300
70.576000
70.838900
58.004700
58.306000
59.223800
58.653900
77.212100
62.763100
69.094400
63.184900
66.468800
66.187000
65.931400
72.245000
68.261600
67.111300
68.327300
63.485100
76.480300
73.472500
65.044800
67.692100
72.001500
65.438100
62.905100
68.112400
67.322400
65.185600
66.055300
70.207700
69.360700
71.964900
72.925000
70.334000
66.113200
72.198300
66.097900
64.902900
66.403300
65.512000
65.542500
70.595300
59.386600
70.712600
66.586600
64.633900
63.000500
69.962500
65.443600
61.127900
76.085000
70.542700
66.448000
69.560600
66.841800
65.309800
68.214800
66.918800
71.624400
63.869900
70.252300
63.361200
70.447900
71.278500
71.951800
75.279900
64.765200
65.546500
69.061500
67.099100
73.420000
74.719800
73.286700
77.093100
76.711900
60.867300
64.244000
73.189500
75.485800
69.498100
66.816000
67.981500
69.454600
70.323300
72.260000
73.095700
71.675900
69.170100
67.442400
66.365300
65.412600
65.219800
67.883000
62.821500
63.922000
67.476900
68.435800
66.022300
67.082200
73.476400
61.648200
65.348500
68.077700
64.365000
76.037400
75.990100
71.859200
72.511400
74.751100
60.975800
68.530800
68.113000
71.360200
66.666700
66.039200
70.192000
64.395600
61.588000
69.005500
66.321000
71.174500
73.150300
67.822600
66.871900
65.030000
61.987400
70.069300
68.839600
67.931200
67.121500
65.305200
63.758800
65.664500
65.069700
72.060000
72.972700
70.097600
67.612800
71.860300
71.349400
71.230700
67.354700
72.787100
70.752200
64.990700
65.438400
65.391500
65.765100
69.145700
76.930700
76.074300
73.815900
71.575500
65.588500
66.473800
70.063900
75.979000
70.467800
65.991500
70.909500
71.733200
72.577000
65.161600
68.187000
68.240800
68.948900
71.953500
68.114600
63.324100
63.020000
72.311200
64.124500
72.582800
64.715900
69.102000
67.463400
69.536600
67.821300
67.972200
69.616100
72.694300
74.585400
67.370700
66.462800
71.232300
64.842900
70.811200
68.542500
62.398400
69.479800
61.054500
69.805100
97.945800
64.301000
70.875800
68.394600
76.880100
66.120300
66.455200
65.960700
72.051800
68.580900
76.690400
71.295000
74.376300
69.552700
64.934400
65.637500
62.237000
64.320800
67.168200
70.655900
68.905000
66.678700
74.402100
71.634200
74.998200
67.899500
69.678600
71.188800
68.253600
65.810400
60.223500
66.619600
71.602100
66.740100
93.098000
84.905000
71.242900
70.618300
69.656000
