0.042987,1.483703,0.504065
0.038876,1.567999,0.409022
0.146040,1.435284,0.516564
0.218730,1.399846,0.433814
0.337976,1.387645,0.339218
0.459566,1.096566,0.188970
0.613620,1.152897,0.184241
0.630633,1.198909,0.201832
0.562193,1.174065,0.184468
0.559615,1.215120,0.150941
1.004048,1.368405,0.156688
1.079141,1.415019,0.187886
1.172497,1.578984,0.384154
1.225200,1.712348,0.234922
1.223914,1.706134,0.304638
1.141444,1.541443,0.169789
1.228829,1.403047,0.129115
1.251257,1.425320,0.110972
1.138245,1.297770,0.033172
1.169471,1.263069,-0.088819
1.244300,1.277505,-0.155807
1.082580,1.249432,-0.197595
0.854307,1.067659,-0.198181
1.033932,0.930005,-0.209934
0.556316,0.964000,-0.013073
0.465450,0.971121,0.053950
0.333592,0.860078,0.021072
0.123149,0.645064,-0.063679
0.148758,0.579783,-0.089295
0.271596,0.604993,-0.172648
0.222549,0.517595,-0.266581
0.098297,0.294120,-0.159802
0.062927,0.169693,-0.168046
0.094177,0.186161,-0.194306
0.039163,0.244882,-0.224427
0.053532,0.172287,-0.247684
-0.059929,0.137992,-0.326247
-0.141322,0.057119,-0.322155
0.017885,0.214193,-0.248512
0.102475,0.062831,-0.267734
0.106741,-0.015347,-0.239851
0.122074,0.032154,-0.368581
0.011457,0.063050,-0.400598
-0.000147,0.113215,-0.377390
0.037530,0.021937,-0.405665
0.155426,0.073436,-0.580724
0.293406,0.099237,-0.671436
0.191257,0.040276,-0.585047
0.200793,-0.005992,-0.628500
0.166416,-0.018264,-0.706294
0.122487,-0.004633,-0.701683
0.147765,0.099135,-0.739413
0.188769,0.227794,-0.604995
0.085374,0.243684,-0.644937
0.129474,0.167230,-0.674028
0.147470,0.184064,-0.542553
0.012376,0.116965,-0.338583
-0.071338,-0.045480,-0.371988
-0.141315,-0.044810,-0.392910
-0.176008,0.074847,-0.528136
-0.174161,0.251217,-0.479115
-0.181529,0.291068,-0.503952
-0.163817,0.285138,-0.518032
-0.116524,0.390700,-0.475143
-0.160461,0.386297,-0.296455
-0.162420,0.348265,-0.190083
-0.239436,0.411443,0.114481
-0.289744,0.380076,-0.017705
-0.239483,0.285936,-0.124506
-0.442055,0.210729,-0.022956
-0.476112,0.272511,0.206539
-0.514177,0.267831,0.208320
-0.398715,0.230670,0.223043
-0.330721,0.103562,0.212537
-0.275086,0.054850,0.241348
-0.234867,-0.037997,0.185226
-0.063537,-0.068255,0.217060
-0.027244,0.033538,0.058958
-0.242220,0.033886,0.118431
-0.347775,-0.023017,-0.011770
-0.387482,-0.037736,-0.002322
-0.386795,0.075165,0.077639
-0.329465,0.276987,0.223584
-0.335353,0.379990,0.313092
-0.307411,0.408627,0.326097
-0.339300,0.325441,0.110060
-0.377796,0.237431,-0.118667
-0.085480,0.331165,-0.186106
0.003530,0.407962,-0.074195
0.015388,0.296383,-0.079065
0.092687,0.342919,0.012105
0.156431,0.407533,0.036736
0.201370,0.366672,0.055463
0.271720,0.331385,-0.029271
0.270908,0.271827,-0.138103
0.244989,0.229167,-0.186548
0.189577,0.047396,-0.345245
0.177773,-0.083501,-0.284770
0.165354,-0.136542,-0.281694
0.242323,-0.050755,-0.245753
0.274162,0.037430,-0.280546
0.362221,0.208395,-0.356440
0.551134,0.357046,-0.455587
0.719587,0.514365,-0.455470
0.749045,0.691651,-0.367714
0.821695,0.643111,-0.352213
0.798551,0.378965,-0.461207
0.844024,0.389468,-0.388563
0.835669,0.316722,-0.245738
0.940795,0.415675,-0.410828
0.927070,0.332839,-0.378511
0.824766,0.284445,-0.275960
0.931697,0.416036,-0.377708
0.867264,0.363662,-0.360078
0.797741,0.221936,-0.324508
0.765107,0.272043,-0.274549
0.801855,0.264251,-0.171891
0.838041,0.256955,-0.119540
1.078841,0.358344,-0.035173
1.013643,0.254343,-0.184798
0.890922,0.199902,-0.157865
0.870161,0.240004,-0.085394
0.830693,0.210226,-0.111730
0.766099,0.284143,-0.250448
0.842012,0.361660,-0.396504
1.056356,0.464239,-0.059071
1.120274,0.446456,-0.015943
1.185860,0.420053,0.016901
1.192080,0.302766,-0.059038
1.045799,0.263734,0.027575
0.968569,0.285057,0.003271
1.108787,0.205333,0.031682
1.172585,0.341811,-0.086639
1.132146,0.666657,-0.180075
1.069573,0.606051,-0.142364
0.972578,0.651197,-0.208689
1.045612,0.640274,-0.165301
1.354834,0.604453,-0.173019
1.366559,0.756195,-0.121916
1.396329,0.886229,-0.023939
1.375555,0.801776,-0.139760
1.260885,0.939023,-0.021106
1.260187,0.925051,0.004349
1.407572,0.898529,-0.011806
1.424145,0.829220,-0.091715
1.445982,0.788828,-0.138769
1.377856,0.710147,-0.026747
1.378470,0.686901,0.207277
1.415783,0.667613,0.243996
1.426403,0.725503,0.370293
1.445190,0.756658,0.422934
1.479904,0.760207,0.410557
1.434840,0.738391,0.475309
1.382393,0.860147,0.508412
1.352738,0.840947,0.557969
1.440066,1.064344,0.577233
1.633614,1.151769,0.716603
1.479586,1.213613,0.767998
1.370378,1.296017,0.624405
1.421102,1.346725,0.487417
1.628549,1.527532,0.387985
1.716072,1.633185,0.199778
1.706117,1.609898,0.196037
1.721575,1.654603,0.226486
1.881531,1.868776,0.153900
1.910509,1.872204,0.007811
2.104642,1.913687,-0.029232
2.244696,1.838686,-0.001339
2.311906,1.961235,0.007283
2.383130,1.796312,-0.221479
2.404103,1.803306,-0.152290
2.355748,1.721970,-0.283108
2.492222,1.640622,-0.195965
2.671444,1.615171,-0.270660
2.698456,1.686296,-0.241894
2.690670,1.741303,-0.172685
2.660255,1.866503,-0.110981
2.566218,1.833782,-0.138229
2.593070,1.921853,-0.069650
2.554322,1.990418,-0.101627
2.276697,2.090669,-0.220099
2.228143,2.117004,-0.186800
2.180341,2.135682,-0.238036
1.994744,2.070262,-0.232672
1.959054,2.171779,-0.323132
2.019881,2.123863,-0.392429
1.987132,2.121776,-0.464733
2.157453,2.300425,-0.427472
2.186308,2.348305,-0.372954
2.081808,2.124620,-0.302750
2.056275,1.993035,-0.280332
2.112647,1.934665,-0.254200
2.075610,1.918134,-0.216727
1.986504,1.872994,-0.162546
1.957133,1.716397,-0.293288
1.952955,1.661181,-0.353276
1.890758,1.661328,-0.360287
1.801148,1.435784,-0.423546
1.694461,1.333589,-0.441613
1.754264,1.278535,-0.389112
1.889296,1.276986,-0.447384
2.149372,1.177907,-0.352669
2.310339,1.192271,-0.308226
2.540626,1.064639,-0.151466
2.561023,0.928879,-0.234450
2.596043,0.996201,-0.207322
2.517490,1.144550,-0.095853
2.656470,0.811623,-0.197304
2.554875,0.741330,-0.210855
2.590762,0.709828,-0.211668
2.585524,0.805119,-0.133381
2.749122,0.595979,-0.059453
2.666347,0.506449,-0.147975
2.650113,0.460869,-0.165547
2.571408,0.341405,-0.301071
2.587092,0.253139,-0.203338
2.473241,0.264640,-0.264249
2.420396,0.191431,-0.355304
2.376313,0.218179,-0.320725
2.389391,0.199316,-0.272693
2.372441,0.196477,-0.316554
2.497854,0.345354,-0.350948
2.455927,0.362687,-0.367999
2.412314,0.414161,-0.337130
2.412133,0.778872,-0.214941
2.472024,0.692685,-0.117265
2.447135,0.604972,0.074799
2.437421,0.567191,0.095286
2.464140,0.292333,-0.016981
2.466184,0.220564,-0.009304
2.377753,0.071446,-0.105357
2.204239,-0.173754,-0.119463
2.126201,-0.209206,-0.072425
2.240441,-0.195662,-0.119288
2.055146,-0.097274,-0.119938
2.022578,0.142480,0.044023
2.122197,0.285736,0.090433
2.180543,0.170717,0.112280
2.224822,0.235226,0.082328
2.183211,0.289792,0.077855
2.129633,0.326488,0.243073
2.130921,0.323914,0.311607
2.106497,0.183654,0.516323
2.133276,0.175387,0.474607
2.081417,0.159776,0.341480
1.847577,0.025414,0.064175
1.970810,0.130485,-0.006212
2.024468,0.132608,-0.044711
2.017301,0.245957,-0.229569
1.926723,0.251354,-0.261286
1.881285,0.281921,-0.266905
1.714565,0.140664,-0.130768
1.703221,0.005700,-0.096327
1.597679,-0.041276,-0.034062
1.508287,-0.192207,-0.092277
1.441474,-0.157960,-0.151190
1.361433,-0.078575,-0.099017
1.398898,-0.025751,-0.194766
1.385252,-0.007038,-0.099829
1.286633,-0.058698,0.013784
1.304125,-0.191997,-0.080848
0.992180,0.097782,0.219394
0.565940,0.315650,0.518608
0.570302,0.301388,0.429844
0.641137,0.354428,0.260728
0.675254,0.376315,0.204983
0.624844,0.446509,0.222792
0.515029,0.469498,0.431859
0.381516,0.365614,0.433713
0.321472,0.161122,0.481053
0.410120,0.120238,0.291686
0.502128,0.152361,0.231923
0.538338,0.225016,0.336961
0.529084,0.117168,0.053250
0.425447,0.086944,0.003588
0.400053,0.123055,-0.085185
0.501222,0.295765,-0.290793
0.521325,0.498549,-0.317019
0.553861,0.582887,-0.261311
0.608884,0.655630,-0.228821
0.527476,1.048339,-0.250665
0.534628,1.020078,-0.311354
0.585601,0.972403,-0.286230
0.458481,1.069401,-0.469381
0.376123,1.131414,-0.520311
0.337329,0.992245,-0.575671
0.355032,1.049941,-0.298819
0.349218,1.062743,-0.331075
0.421525,0.701271,-0.388830
0.444291,0.703006,-0.276280
0.594335,0.644451,-0.235980
0.578329,0.759220,-0.205268
0.673221,1.078441,-0.256450
0.746406,1.307808,-0.314212
0.843241,1.281769,-0.347363
0.820280,1.189659,-0.614223
0.777266,1.200684,-0.632592
0.628021,1.425293,-0.491131
0.493602,1.214397,-0.399467
0.373679,1.080538,-0.377900
0.484232,0.969933,-0.326833
0.759922,0.919151,-0.310837
0.980334,0.982769,-0.281300
1.053654,1.049809,-0.236909
1.194424,0.959296,-0.141195
1.205351,0.894919,-0.137276
1.189049,0.845310,-0.111947
1.137777,0.814636,-0.223171
1.058406,0.824593,-0.195505
0.919251,0.697189,-0.170141
0.856455,0.706496,-0.230501
0.911332,0.799675,-0.288274
0.912194,0.767854,-0.302562
0.768762,0.900204,-0.253230
0.732404,0.966893,-0.272584
0.815655,0.770329,-0.396876
1.053988,0.518066,-0.629449
1.054226,0.486331,-0.660314
1.140435,0.518779,-0.737572
1.037169,0.591879,-0.689292
0.959969,0.544295,-0.661746
0.873124,0.588922,-0.584717
0.866668,0.501358,-0.668510
0.920931,0.270538,-0.559883
1.136838,-0.098291,-0.371352
1.289247,-0.352495,-0.239017
1.618361,-0.761843,-0.085120
1.817378,-1.025611,0.001360
1.593021,-0.731606,-0.114106
1.426592,-0.625149,-0.244899
1.364018,-0.614374,-0.237106
1.286825,-0.667470,-0.285871
1.260419,-0.670031,-0.293121
1.303059,-0.565417,-0.387794
1.233245,-0.588218,-0.262281
1.293208,-0.477076,-0.177741
1.292699,-0.778858,-0.259868
1.310224,-1.116446,-0.307205
1.355469,-1.017923,-0.131415
1.404285,-1.028355,-0.008605
1.386435,-1.029033,0.019857
1.446714,-1.158258,-0.037008
1.433272,-1.181215,-0.070504
1.311860,-1.185377,-0.101832
1.352167,-1.109120,-0.128648
1.417588,-1.317329,-0.125311
1.515802,-1.587815,-0.162251
1.647493,-1.645985,-0.181601
1.929564,-1.582250,-0.104188
1.946913,-1.520544,-0.091799
1.892665,-1.587007,-0.073025
1.796942,-1.625726,-0.155103
1.765022,-1.613140,-0.095125
1.769539,-1.509323,0.027809
1.799145,-1.528946,0.071657
1.732910,-1.515999,0.210407
1.733120,-1.792712,0.330850
1.714030,-1.958714,0.323835
1.582840,-1.716288,0.175182
1.513465,-1.590756,0.141467
1.427294,-1.567543,0.104410
1.391529,-1.562465,0.123257
1.476816,-1.564031,0.112094
1.525613,-1.582727,0.173334
1.540745,-1.717075,0.133383
1.538356,-1.821660,0.111925
1.698814,-1.920289,0.050644
1.815551,-1.941473,-0.049875
1.845108,-2.028652,-0.201997
1.926433,-1.904851,-0.080238
1.910509,-1.891717,-0.150689
1.947414,-1.889628,-0.192363
1.813977,-2.102964,-0.050287
1.781156,-1.950773,0.011321
1.738918,-2.022513,-0.015791
1.721482,-2.240255,-0.161828
1.697067,-2.270751,-0.150415
1.745836,-2.263075,-0.243007
1.702608,-2.259167,-0.296663
1.616161,-2.169997,-0.346874
1.546808,-1.980213,-0.163241
1.513672,-1.949135,-0.159284
1.422912,-1.858963,-0.064318
1.568970,-1.797847,-0.095298
1.851717,-1.870889,-0.263871
1.794413,-1.874300,-0.227822
1.834446,-1.908531,-0.241164
1.832024,-1.845827,-0.258728
1.842738,-1.807853,-0.253428
1.877522,-1.816069,-0.267762
1.866927,-1.814994,-0.177815
2.012908,-1.800538,-0.332214
2.020043,-1.812644,-0.342729
2.173135,-1.779773,-0.297098
2.171371,-1.670647,-0.334371
2.178998,-1.560898,-0.406540
2.092262,-1.720721,-0.482048
2.062144,-1.777322,-0.699552
1.965005,-1.747884,-0.643902
1.960980,-1.747965,-0.680722
2.055651,-1.783981,-0.798611
2.019881,-1.762753,-0.859274
1.819884,-1.762488,-0.839623
1.852874,-1.726959,-0.794124
1.820183,-1.966068,-0.831622
1.874307,-2.159851,-0.835686
1.832498,-2.239717,-0.920952
1.913618,-2.369650,-0.930621
1.987282,-2.121665,-0.744443
1.985811,-2.013638,-0.704676
1.888730,-2.071677,-0.732044
1.879528,-1.839761,-0.605608
1.856679,-1.844478,-0.672795
1.791016,-1.859657,-0.682046
1.821927,-1.860203,-0.670394
1.778200,-1.653154,-0.583690
1.674033,-1.613890,-0.720465
1.584529,-1.573350,-0.878541
1.542742,-1.597812,-1.005504
1.812716,-1.648626,-0.672418
1.875267,-1.571191,-0.661997
1.867471,-1.694987,-0.600260
1.892605,-1.747978,-0.581542
1.861909,-1.756613,-0.629270
1.945514,-1.720835,-0.728768
1.973947,-1.701648,-0.738028
2.073768,-1.746201,-0.638377
2.190808,-1.714256,-0.631197
2.148628,-1.744601,-0.692452
2.193052,-1.728264,-0.931984
2.260164,-1.630061,-0.914259
2.437192,-1.467629,-1.059844
2.408035,-1.615300,-1.110559
2.170763,-1.564464,-1.110722
2.159927,-1.644762,-1.021685
2.096057,-1.565935,-1.196574
2.049383,-1.569340,-1.191460
2.011925,-1.540879,-1.172402
2.017706,-1.574188,-1.168672
1.968288,-1.617532,-1.252272
1.952994,-1.535857,-1.298625
1.663158,-1.551246,-1.099563
1.735532,-1.533039,-0.946716
1.758312,-1.559112,-0.861256
1.728865,-1.596090,-0.894031
1.705850,-1.647598,-0.888503
1.554638,-1.669546,-1.107810
1.694265,-1.661183,-0.919321
1.755209,-1.548642,-0.466100
1.755960,-1.459192,-0.511772
1.771293,-1.153202,-0.476102
1.705631,-0.938751,-0.469004
1.664314,-0.724627,-0.538048
1.679614,-0.629921,-0.537080
1.697046,-0.660010,-0.367237
1.665681,-0.754257,-0.400548
1.660543,-0.985228,-0.241785
1.641525,-1.087775,-0.226060
1.721848,-0.971633,-0.319417
1.726364,-0.944059,-0.335700
1.778469,-0.942526,-0.373363
1.722487,-0.902592,-0.429563
1.716185,-0.889025,-0.398671
1.602067,-0.877297,-0.363280
1.493776,-0.884493,-0.419240
1.443208,-0.842753,-0.396258
1.435510,-0.691060,-0.252746
1.486661,-0.649373,-0.174833
1.589939,-0.711589,-0.155019
1.726825,-0.792581,-0.214077
1.693711,-0.786527,-0.315272
1.660319,-0.671133,-0.402301
1.757399,-0.683542,-0.435865
1.719832,-0.739880,-0.492922
1.747816,-0.592356,-0.542653
1.684237,-0.544836,-0.535993
1.606916,-0.515759,-0.525444
1.560783,-0.418040,-0.496319
1.608373,-0.174377,-0.524404
1.629309,-0.089905,-0.705020
1.586912,-0.068307,-0.967525
1.585317,-0.116531,-1.003580
1.548006,-0.384971,-1.124180
1.510109,-0.633256,-1.407384
1.464794,-0.680735,-1.478283
1.323278,-0.706634,-1.679564
1.381153,-0.800321,-1.676271
1.409053,-0.885296,-1.704616
1.475327,-0.922735,-1.709849
1.502874,-0.836410,-1.888591
1.556596,-0.899781,-2.084127
1.474302,-0.923410,-2.099521
1.393915,-0.916782,-2.134393
1.389315,-0.960959,-1.962520
1.425548,-0.995398,-1.951176
1.485720,-0.961335,-2.012841
1.618311,-0.885803,-1.984131
1.604231,-0.989309,-1.957566
1.601100,-1.041166,-1.951168
1.482377,-1.044059,-1.941995
