0.041685,1.483461,0.503382
-0.000659,1.458804,0.519748
-0.050951,1.529353,0.473777
-0.103151,1.605829,0.428764
-0.171230,1.607805,0.408618
-0.217526,1.584879,0.384388
-0.174421,1.600687,0.409478
-0.203993,1.697710,0.412340
-0.229627,1.741236,0.424756
-0.181993,1.777226,0.392452
-0.118695,1.751734,0.356530
-0.156323,1.741608,0.306780
-0.085194,1.678425,0.408593
-0.056203,1.719991,0.377247
-0.063570,1.756722,0.278418
-0.085463,1.730529,0.180498
-0.039677,1.617501,0.002006
0.013446,1.603440,-0.010526
0.088928,1.563923,-0.074720
0.080393,1.543294,-0.101873
0.086779,1.582100,-0.106326
0.090104,1.562939,-0.214020
0.072972,1.545098,-0.296959
0.091854,1.497727,-0.268257
0.086916,1.667759,-0.378966
0.180125,1.625813,-0.421994
0.209219,1.639759,-0.434868
0.092867,1.682212,-0.412417
0.112072,1.693618,-0.352234
0.125573,1.694130,-0.241047
0.136747,1.641537,-0.094366
0.196468,1.659452,0.024150
0.217172,1.839086,0.107016
0.214691,1.861079,0.164898
0.158411,1.824734,0.095493
0.124140,1.810326,0.049577
0.190141,1.774649,0.051601
0.205958,1.845902,-0.003122
0.226660,1.764270,-0.025038
0.286672,1.724728,-0.075609
0.239719,1.668285,-0.013380
0.299256,1.712835,-0.018866
0.385307,1.551284,-0.011348
0.371133,1.564507,-0.050422
0.404905,1.541677,-0.047811
0.388574,1.356542,-0.019245
0.415136,1.281041,0.035139
0.310424,1.193628,0.054534
0.317903,1.202593,0.096809
0.468599,1.351573,0.120394
0.604322,1.398667,0.134307
0.754701,1.440188,0.153133
0.915893,1.498595,0.141957
1.110384,1.526570,0.263716
1.104549,1.452010,0.274180
1.014988,1.419983,0.191414
0.978381,1.376090,0.179122
0.970833,1.373852,0.122218
1.040666,1.369296,0.086281
0.974247,1.303627,-0.003196
0.902430,1.299902,-0.066410
0.871621,1.147431,-0.096076
0.990807,1.198447,-0.174583
0.943825,1.010164,-0.095203
0.888339,0.937915,0.040509
0.904463,0.928407,0.043311
0.855923,0.829127,0.193431
0.879737,0.815067,0.167210
0.804242,0.780113,0.084379
0.706219,0.833428,-0.051622
0.685638,0.842775,-0.001261
0.644756,0.931809,-0.037140
0.613627,0.954205,-0.033886
0.564887,0.939017,-0.033103
0.539221,0.942132,0.078322
0.531901,0.947165,0.094364
0.476756,0.945011,0.114526
0.479712,0.985851,0.142426
0.584987,0.972357,0.078355
0.573641,0.965988,0.019783
0.577066,1.022691,-0.021365
0.665352,0.905527,-0.112345
0.584270,1.062311,-0.181946
0.506665,1.079205,-0.229774
0.566008,1.177020,-0.306109
0.611079,1.147454,-0.320228
0.575039,1.278532,-0.212017
0.559564,1.299425,-0.219156
0.598142,1.474714,-0.140776
0.716489,1.611306,-0.201632
0.721957,1.573464,-0.179572
0.685426,1.404018,-0.147371
0.716716,1.402010,-0.163007
0.865121,1.461618,-0.149392
0.855120,1.570726,-0.097103
0.792343,1.668420,-0.106434
0.750945,1.634269,-0.049341
0.577846,1.639043,-0.049200
0.442620,1.637326,-0.082208
0.434503,1.679121,-0.031994
0.434601,1.675890,-0.091459
0.343832,1.686801,-0.157836
0.319974,1.705355,-0.113079
0.226397,1.651169,-0.071472
0.156496,1.696632,-0.130526
0.136403,1.746700,-0.156957
0.198330,1.666287,-0.201448
0.135751,1.479414,-0.321121
0.136875,1.489772,-0.376877
0.156906,1.566554,-0.312680
0.358121,1.654888,-0.331468
0.399897,1.603965,-0.365655
0.443175,1.591311,-0.425486
0.567090,1.589975,-0.403073
0.498193,1.746289,-0.533277
0.618618,1.685403,-0.522595
0.614128,1.736494,-0.546772
0.724008,1.836935,-0.641883
0.707110,1.832354,-0.597391
0.718228,1.940114,-0.650784
0.687697,1.850932,-0.713171
0.687811,1.843976,-0.674885
0.695984,1.851857,-0.728909
0.871141,2.045984,-0.681667
1.051181,2.148600,-0.591610
0.886746,2.162143,-0.574379
0.876678,2.133342,-0.527337
0.880091,2.146310,-0.544342
1.050178,2.354853,-0.487689
1.356763,2.637440,-0.391120
1.413221,2.633263,-0.420719
1.555687,2.531942,-0.487167
1.452595,2.524204,-0.528692
1.495574,2.601059,-0.460899
1.421075,2.721299,-0.506142
1.421517,2.813645,-0.457620
1.473357,2.793003,-0.504608
1.480760,2.796477,-0.502586
1.399354,2.724037,-0.512061
1.436404,2.818299,-0.527248
1.438528,2.876740,-0.594794
1.347191,2.870451,-0.493991
1.498235,2.838350,-0.595390
1.534051,2.823852,-0.615906
1.457609,2.875803,-0.546325
1.375693,2.916618,-0.553726
1.266486,2.980528,-0.604251
1.266769,3.000610,-0.551001
1.295314,3.028959,-0.536017
1.304657,3.034543,-0.561697
1.260530,3.014470,-0.518553
1.288812,3.016151,-0.533486
1.403663,2.979051,-0.573025
1.470604,2.925109,-0.559207
1.494409,2.875877,-0.536387
1.543357,2.836372,-0.584913
1.600682,2.801433,-0.600674
1.679160,2.778878,-0.659759
1.646163,2.781497,-0.683167
1.629600,2.694750,-0.709744
1.546050,2.698877,-0.594923
1.476997,2.629809,-0.674149
1.498591,2.601079,-0.723838
1.554620,2.575981,-0.781355
1.560558,2.506585,-0.875973
1.582991,2.660462,-0.648063
1.650926,2.665128,-0.534490
1.652431,2.749586,-0.543561
1.807813,2.668578,-0.569713
1.844211,2.599170,-0.567972
1.879738,2.549094,-0.576757
1.919448,2.567841,-0.538537
1.889414,2.600321,-0.478665
1.906193,2.632458,-0.449673
1.942359,2.633257,-0.506933
1.958687,2.723130,-0.417783
1.973473,2.662659,-0.431866
1.993174,2.574624,-0.418149
1.868661,2.725325,-0.418791
1.869127,2.682345,-0.390392
1.924863,2.613337,-0.433301
1.886572,2.557813,-0.523209
1.859670,2.429384,-0.546713
1.790456,2.543583,-0.527256
1.782252,2.532825,-0.476515
1.710477,2.626633,-0.609247
1.608659,2.593251,-0.701882
1.511158,2.612251,-0.729040
1.503904,2.380849,-0.930278
1.503185,2.276587,-1.060034
1.497027,2.289417,-1.097343
1.428845,2.278458,-1.134643
1.496324,2.279413,-1.187025
1.491500,2.183461,-1.122655
1.522767,2.247156,-1.091577
1.690034,2.190771,-1.174343
1.718764,2.164042,-1.231016
1.805332,2.061125,-1.191372
1.643798,2.017749,-1.299100
1.639395,2.117263,-1.291368
1.694083,2.284351,-1.245029
1.687477,2.417111,-1.186664
1.661915,2.356100,-1.041991
1.644581,2.325130,-1.003591
1.555408,2.466124,-0.880978
1.565499,2.483138,-0.852922
1.577321,2.484727,-0.882372
1.632969,2.450835,-0.891206
1.608691,2.454266,-1.179695
1.660678,2.386466,-0.999030
1.661710,2.353830,-0.829760
1.781150,2.404313,-0.674618
1.865000,2.301384,-0.745643
1.751757,2.328745,-0.779350
1.720395,2.352494,-0.786997
1.862157,2.270305,-0.832156
1.760828,2.386538,-0.734330
1.738078,2.434431,-0.708293
1.657675,2.608830,-0.624686
1.659110,2.689819,-0.608061
1.676110,2.653086,-0.577423
1.665562,2.785429,-0.616467
1.688909,2.751360,-0.581100
1.638130,2.890030,-0.444321
1.584509,2.906005,-0.515976
1.638132,2.931244,-0.514879
1.666574,2.941988,-0.452056
1.676179,2.938409,-0.473745
1.619235,2.947529,-0.400062
1.583248,2.735249,-0.402135
1.671271,2.627801,-0.328849
1.657968,2.624172,-0.309099
1.601896,2.677006,-0.306866
1.671018,2.665795,-0.355111
1.725864,2.648250,-0.401806
1.719849,2.572072,-0.412335
1.710862,2.646211,-0.390643
1.686872,2.587637,-0.442935
1.770376,2.549069,-0.383868
1.600835,2.711659,-0.344635
1.641114,2.797835,-0.403704
1.651568,2.822256,-0.421865
1.693083,2.785800,-0.477820
1.549580,2.727192,-0.502552
1.512707,2.783796,-0.491993
1.429849,2.786839,-0.601178
1.488168,2.717836,-0.612618
1.513399,2.702734,-0.648198
1.591321,2.657641,-0.596489
1.629191,2.666065,-0.529123
1.549826,2.850038,-0.619638
1.676812,2.624133,-0.606599
1.686333,2.508844,-0.584100
1.745449,2.435189,-0.603933
1.689836,2.640381,-0.690630
1.694270,2.579489,-0.695174
1.769176,2.477515,-0.670570
1.733689,2.437484,-0.730145
1.651249,2.518140,-0.673218
1.524070,2.583309,-0.643642
1.574000,2.633783,-0.572848
1.557419,2.547657,-0.509702
1.586072,2.522283,-0.480956
1.688696,2.571826,-0.417447
1.684333,2.544799,-0.444524
1.669482,2.474771,-0.374998
1.481228,2.458335,-0.573053
1.431615,2.431638,-0.633212
1.394563,2.490491,-0.615590
1.343481,2.462838,-0.550978
1.342498,2.520705,-0.567193
1.434187,2.540054,-0.562992
1.517748,2.392693,-0.595493
1.582769,2.421854,-0.617458
1.588363,2.443110,-0.659278
1.638866,2.390884,-0.594540
1.580642,2.397906,-0.587865
1.587422,2.385383,-0.700734
1.641639,2.418713,-0.776525
1.672974,2.347585,-0.613364
1.717599,2.376613,-0.599162
1.738892,2.438745,-0.646356
1.731251,2.650919,-0.570571
1.728816,2.579584,-0.752498
1.818952,2.529975,-0.821124
1.784968,2.504819,-0.871613
1.783916,2.481983,-0.866961
1.827124,2.482885,-0.933476
1.845639,2.427743,-0.848572
1.862346,2.430326,-0.754717
1.997790,2.339144,-0.792868
1.983607,2.414323,-0.761371
1.780633,2.291209,-0.695307
1.670610,2.252824,-0.657306
1.655993,2.224820,-0.641967
1.627636,2.218060,-0.700237
1.593094,2.200321,-0.801892
1.611875,2.220364,-0.688197
1.675717,2.202294,-0.657236
1.620570,2.093528,-0.593568
1.623060,2.013229,-0.586439
1.668315,2.027928,-0.572547
1.703576,2.058425,-0.458588
1.777963,1.968963,-0.391412
1.675214,1.982880,-0.347346
1.579639,2.007116,-0.322627
1.544742,2.062155,-0.333604
1.531708,2.084667,-0.332725
1.486071,2.148793,-0.273349
1.562790,2.205288,-0.206926
1.533512,2.205061,-0.161733
1.468014,2.089827,-0.303937
1.461303,2.025231,-0.195357
1.463686,1.913247,-0.139566
1.423162,1.871838,-0.240285
1.391718,1.819181,-0.310744
1.338524,1.847010,-0.284306
1.316085,1.926946,-0.342205
1.307046,1.919919,-0.331402
1.286450,1.915494,-0.280498
1.313363,1.975229,-0.305559
1.292470,1.929865,-0.302414
1.340091,1.930886,-0.340917
1.357322,1.954745,-0.288795
1.384102,1.935325,-0.262572
1.389780,1.970956,-0.255664
1.470692,2.068951,-0.287596
1.456373,2.098762,-0.366459
1.322649,2.112447,-0.466592
1.270319,2.073165,-0.500907
1.388375,2.121433,-0.397531
1.576448,2.196584,-0.351558
1.465959,2.189949,-0.449842
1.683589,2.284565,-0.322388
1.713083,2.294638,-0.301718
1.722475,2.374747,-0.332645
1.708307,2.508012,-0.337065
1.684293,2.518611,-0.367616
1.886373,2.473257,-0.361735
1.987719,2.476957,-0.372691
1.965456,2.439231,-0.583618
1.965975,2.364125,-0.707212
1.929579,2.303101,-0.889906
1.898886,2.377875,-0.790255
1.836942,2.320980,-0.802907
1.807898,2.294923,-0.859305
1.943068,2.354754,-1.063686
2.005403,2.383260,-1.084372
1.980785,2.432408,-1.172466
1.986726,2.445092,-1.144284
1.946834,2.452089,-0.995866
1.952466,2.486813,-1.143215
1.980499,2.568378,-1.141922
1.922480,2.557118,-1.130948
1.761159,2.525208,-1.237185
1.778661,2.556928,-1.280298
1.871863,2.532712,-1.233470
1.802407,2.505683,-1.341613
1.901637,2.457067,-1.318483
1.758414,2.339481,-1.400074
1.697354,2.312954,-1.366257
1.735564,2.338485,-1.483235
1.809877,2.419094,-1.445374
1.791494,2.526476,-1.399915
1.774855,2.546318,-1.370616
1.733116,2.550883,-1.338068
1.734226,2.626833,-1.324947
1.819408,2.710504,-1.381625
1.864064,2.743118,-1.354040
1.847274,2.787073,-1.357087
1.784650,2.709936,-1.181799
1.784290,2.709416,-1.175797
1.778894,2.741611,-1.210512
1.893437,2.777587,-1.119095
1.891661,2.789091,-1.151579
1.866264,2.735809,-1.201102
1.799844,2.687109,-1.206949
1.794930,2.587343,-1.248119
1.819051,2.539293,-1.318269
1.933322,2.567338,-1.400905
1.865309,2.612258,-1.390919
1.878566,2.595212,-1.380762
1.834440,2.569302,-1.356892
1.875398,2.625106,-1.352444
1.771735,2.780944,-1.395882
1.809833,2.841061,-1.379859
1.839031,2.837487,-1.388036
1.637703,2.911426,-1.264080
1.635032,3.000065,-1.292577
1.780803,2.973608,-1.374061
1.771588,2.987841,-1.341781
1.785575,3.039156,-1.343230
1.788188,3.041036,-1.397122
1.827290,2.984469,-1.352526
1.778891,2.966428,-1.360037
1.844054,2.929208,-1.417426
1.780035,2.994395,-1.391437
1.825971,3.109756,-1.378919
1.811357,3.030547,-1.310345
1.862366,2.975859,-1.297919
1.932963,2.834270,-1.411100
1.952390,2.764470,-1.466515
1.977758,2.747942,-1.376622
2.053046,2.866815,-1.445735
2.001161,2.809364,-1.416321
1.994219,2.816989,-1.374863
1.974894,2.894462,-1.412789
1.876194,2.965598,-1.409975
1.856064,3.007609,-1.466536
1.819480,2.990068,-1.607517
1.727670,2.918237,-1.737191
1.786490,2.924496,-1.722058
1.687669,2.866487,-1.713771
1.506666,2.826363,-1.515488
1.461190,2.789557,-1.459105
1.342645,2.675196,-1.633084
1.240872,2.594370,-1.914940
1.217743,2.542090,-1.935313
1.271598,2.550767,-1.946690
1.221989,2.523015,-1.959701
1.182301,2.594693,-1.961712
1.262996,2.617656,-1.907306
1.251396,2.654476,-1.922091
1.342425,2.689142,-1.899487
1.372404,2.771403,-1.917285
1.364339,2.616284,-1.744066
1.403928,2.494634,-1.657067
1.315760,2.451595,-1.776712
1.342238,2.453414,-1.864390
1.369477,2.293639,-1.853634
1.331052,2.219518,-1.772622
1.317376,2.132123,-1.706380
1.382116,2.047859,-1.553911
1.530756,2.040189,-1.543611
1.507283,1.992042,-1.409924
1.510594,1.947601,-1.480071
1.614500,1.982581,-1.453707
1.656840,2.061483,-1.492015
1.692491,2.039569,-1.533259
1.711791,1.970688,-1.502300
1.696401,2.025402,-1.434067
1.782304,1.948625,-1.360077
1.902683,1.789696,-1.416533
1.900161,1.769037,-1.451406
1.920610,1.817587,-1.425658
1.913012,1.726418,-1.329491
1.860858,1.674294,-1.399821
1.839317,1.620153,-1.417829
1.844763,1.567847,-1.443166
1.831599,1.479151,-1.449796
1.853364,1.439700,-1.437443
1.904847,1.432240,-1.405615
1.953551,1.427976,-1.425681
1.970284,1.446967,-1.415915
1.910287,1.386477,-1.577668
1.823536,1.418576,-1.657183
1.767785,1.448781,-1.715663
1.777187,1.445895,-1.589366
1.676563,1.360983,-1.562675
1.636454,1.231182,-1.569831
1.533884,1.178027,-1.566073
1.535555,1.131635,-1.579211
1.557456,1.114482,-1.589228
1.640078,1.027120,-1.428610
1.644450,0.955651,-1.254940
1.672421,0.903856,-1.126790
1.678613,0.906368,-1.114477
1.618962,0.889125,-0.995721
1.550712,0.918840,-1.002104
1.594977,0.927482,-1.020752
1.586849,0.965371,-1.019994
1.555403,0.954713,-1.043170
1.615240,0.815876,-1.156213
1.542407,1.044477,-0.891861
1.556100,1.103301,-0.826519
1.380605,0.945386,-1.080644
1.427550,0.881902,-1.117968
1.328626,0.861778,-1.111880
1.336072,0.837881,-1.139407
1.527530,1.064241,-1.135469
1.263142,0.757544,-1.152795
1.427580,0.778252,-1.127667
1.409955,0.942099,-1.095310
1.155595,0.895536,-1.132048
1.123073,0.898003,-1.164610
1.163720,0.931682,-1.239054
1.200591,0.878396,-1.160368
1.208551,1.007132,-1.069454
1.286300,1.004774,-1.017519
1.363128,1.004153,-0.983055
1.318699,1.054360,-1.034596
1.261398,1.115988,-1.100921
1.457750,1.057175,-1.034672
1.557932,1.002915,-0.955577
1.691857,1.002880,-0.984584
1.747381,1.067421,-1.004503
1.767188,1.092221,-1.103840
1.878881,1.146105,-1.188950
1.916112,1.127572,-1.229795
1.898127,1.107076,-1.247920
