72.516800
73.004800
81.614700
68.394000
81.538000
73.639500
73.549700
76.122600
78.270600
71.327000
73.074800
87.330200
88.951400
79.855300
78.496200
84.209800
93.391300
83.100900
76.301000
80.326300
75.348600
74.907400
78.605700
111.953700
233.440300
113.017100
87.174500
93.980100
92.747300
88.040500
100.058400
115.706600
130.920600
130.723700
120.910200
96.431100
97.729300
87.952900
124.152600
151.142200
99.999500
81.063700
89.345900
82.257000
79.840100
73.684000
75.133200
70.611400
74.117100
73.921000
70.849600
76.531900
74.904700
74.886900
78.485500
76.651300
74.503400
91.888500
84.859200
84.990000
76.705100
81.409700
77.285300
82.184700
69.914900
85.154200
75.443800
71.861500
80.823800
72.589400
65.554600
70.523500
72.803500
71.574000
76.314000
70.265000
67.704400
74.923000
87.637600
74.828500
75.906500
73.580900
80.947400
77.578600
78.918700
82.508700
75.474000
108.698800
86.376400
76.420000
86.703900
81.599800
79.108000
76.605500
80.593100
81.019100
86.052500
74.159900
71.749200
73.761000
73.115400
73.662500
68.904300
74.126100
78.948700
73.471400
76.864800
74.657600
77.150200
82.787200
76.345400
81.272800
84.682600
87.199700
80.578600
88.596500
90.269300
87.633200
85.886700
77.766100
85.371100
82.806200
81.775000
82.198400
77.749100
92.668100
87.853200
76.704800
72.076000
77.037800
71.909800
75.622100
87.059100
80.085000
81.246500
78.520000
83.212200
75.137400
77.590400
86.334900
75.569100
78.941700
72.247000
79.711100
82.223700
72.272900
81.085500
72.929400
73.986500
79.319600
79.077100
72.298700
80.906900
82.716600
77.854800
79.492300
70.716800
74.385900
79.552500
73.687600
74.289200
70.897400
80.758700
80.560100
82.331500
90.821400
81.522300
82.680400
88.658100
79.765300
78.831700
82.835000
88.802600
77.743000
79.519800
75.756000
81.907200
71.889000
76.793200
87.460600
79.877300
74.948700
79.581500
81.441200
73.019600
80.019600
76.853600
83.007000
70.555600
81.710200
80.061400
65.088600
80.431200
76.558700
81.987800
74.905100
69.857900
76.452000
67.710900
75.599600
65.546700
74.292000
81.248400
79.624700
69.966900
82.554400
69.923000
71.771100
81.165600
71.188300
75.830800
69.285300
74.647900
91.984500
95.642600
78.461500
76.034900
65.628300
81.414900
81.371700
78.866400
77.378700
73.914400
77.120500
89.145000
73.491100
74.377300
73.026700
75.200500
82.698600
77.042500
74.631900
79.327700
68.039900
70.647400
66.066000
70.060400
79.018400
75.819400
78.693300
79.129400
77.968900
83.826800
80.030400
68.933500
74.151900
73.891700
72.558200
65.918400
69.787400
73.383700
71.610000
66.701000
74.258400
86.846300
85.715200
87.177600
72.111400
80.119100
80.097800
78.266000
70.842800
90.650800
72.663400
69.682200
79.746600
82.616400
82.758100
108.417300
74.914600
79.813700
79.835400
84.914100
72.239100
74.656700
78.059500
69.644500
65.380500
65.843700
67.178900
78.121800
75.787900
73.192500
72.489400
73.795500
65.580800
77.912500
63.296200
78.241800
73.947800
74.603500
78.978500
61.733400
74.099900
78.284000
96.287100
77.754800
77.323300
78.659800
78.689800
78.025400
78.949800
72.957600
79.367700
79.542900
75.236300
86.219100
87.878500
72.693000
79.160200
79.742600
63.416200
83.587200
72.304800
76.779400
76.714900
76.584100
74.164100
74.453400
67.364100
81.006400
75.315800
75.242100
71.689700
79.212400
71.554700
69.205800
74.723500
67.022400
74.786100
68.318300
74.108100
71.099800
79.620800
81.123600
67.670300
81.183200
74.740100
72.434200
65.366000
64.530800
70.501100
71.566600
73.502800
68.253000
70.011300
63.113300
69.027700
76.367000
75.901800
83.771200
72.349400
80.628300
70.996900
68.189200
73.901600
82.716100
74.247800
72.795500
70.822500
74.709700
78.592500
69.336500
74.524600
75.839700
72.533300
69.257900
87.900800
83.573300
83.148600
76.983700
81.818100
75.438600
78.600600
78.001800
76.757200
76.031800
72.646300
72.023500
76.980600
63.130800
79.170300
62.093300
76.801000
68.092700
75.670800
74.394000
81.486200
72.756600
75.744400
69.202200
72.212900
79.925600
65.095100
79.980900
65.887500
77.433600
76.632700
68.831800
67.873800
68.889900
82.553600
86.323500
66.161300
77.449500
80.496700
73.320400
64.905700
70.198400
79.308900
72.409000
70.971900
70.566100
82.811300
68.243100
86.619100
72.772800
76.828500
73.141200
79.025900
69.083600
74.153100
78.002700
69.774100
76.887200
72.986300
79.641100
77.294500
69.729400
80.436200
74.128000
80.493000
78.076000
77.891400
72.317700
71.130200
76.726800
83.815000
77.164200
82.127900
73.296600
79.145300
67.254600
73.551300
75.357500
72.878900
68.309500
77.778800
70.583300
72.880000
76.726400
87.558300
80.144400
67.658100
74.343200
75.342700
69.040700
69.563700
72.020800
77.279700
70.905200
76.009300
75.614900
58.388700
64.635300
79.554600
80.513700
70.869700
70.296900
73.980500
71.637500
69.682200
67.151900
71.431400
81.248600
71.807900
85.509800
78.452400
77.897900
72.879900
72.873300
78.893300
67.293000
79.258600
72.367700
66.511300
75.093400
72.562300
74.713500
70.150000
76.912900
76.236700
76.343200
73.793300
70.628500
79.182200
74.450100
77.748500
69.441400
75.924400
