1060.616900
1168.186700
1104.567500
1044.952000
1114.074600
1106.860600
1120.413300
1115.599100
1053.407100
1071.064900
999.364500
1071.282900
1089.468200
1107.528300
1123.897300
1162.384600
1155.986900
1090.669200
1066.730600
1112.684700
1073.891600
1079.031500
1183.902100
1097.554600
1047.806800
1171.763900
1112.272300
1204.313800
1106.666400
1067.609500
1070.698900
1094.778100
1155.602000
1176.605800
1197.279400
1149.684100
1119.357000
1127.040600
1175.794300
1148.067700
1085.117300
1023.658500
1154.231600
1196.904200
1165.167500
1073.087100
1112.751200
1032.733300
1051.411400
1093.527700
1038.232800
1074.075900
1111.434200
1098.706000
1152.228400
1146.020900
1075.066400
1107.484600
1192.894100
1186.476200
1044.882800
1140.580200
1101.624000
1107.096400
1034.895600
1191.591500
1065.514100
1099.134800
1186.576600
1119.169500
996.888900
1067.819800
1101.900800
1158.192000
1193.860600
1101.554700
986.593700
1157.243200
1226.169800
1092.405300
1153.522200
1133.129300
1193.882700
1135.028600
1199.736100
1149.114400
1130.287400
1167.686100
1220.766800
1106.297000
1213.935700
1150.428000
1175.324000
1107.516000
1141.635500
1187.869800
1174.017500
1077.316800
1090.902200
1072.078700
1097.245800
1015.197000
972.810600
1073.664300
1163.584300
1024.162700
1084.282700
1063.841900
1117.397700
1221.861300
1166.083700
1119.398900
1305.465200
1572.835200
1327.510100
1266.004200
1210.462100
1174.821500
1179.934600
1107.955100
1247.981900
1175.529200
1204.446900
1229.252200
1177.309000
1231.736600
1219.458600
1126.931900
1088.081900
1188.822200
1039.630200
1138.643100
1231.218600
1131.245500
1183.004700
1150.622200
1161.612400
1139.132400
1147.807900
1254.493700
1109.539700
1169.876100
1079.642400
1087.566500
1213.085400
1141.670000
1207.860400
1209.999900
1096.849100
1112.623000
1179.587300
1087.971300
1180.877300
1173.958400
1148.465800
1124.916900
1045.909500
1091.371700
1190.805100
1082.906500
1057.007900
1114.623800
1125.805300
1152.053900
1052.919100
1168.579000
1160.954800
1140.462200
1183.150000
1149.974300
1160.197000
1189.640000
1158.420700
1138.540800
1119.081600
1061.630700
1113.356000
1031.949300
1132.118900
1178.461500
1123.504800
1116.758100
1115.596200
1165.075200
1029.809300
1124.133300
1122.490400
1147.650800
1040.907900
1133.513500
1086.694300
978.989200
1086.305700
1061.040000
1073.389100
990.541300
965.728100
1100.910900
949.880000
1056.488100
945.564800
1051.227100
1175.842100
1127.482000
944.047900
1118.542400
1029.308100
1022.183900
1132.976700
1039.380300
1107.963000
1079.033400
1079.259500
1087.044400
1122.386200
1099.405200
1126.735000
997.757300
1178.122900
1168.128600
1047.802900
1041.158600
1005.985500
1256.396300
1346.312000
1204.770600
1146.985500
1113.158000
1079.605700
1186.507200
1146.563700
1042.505800
1132.546000
909.231400
1021.113800
938.394000
1046.099900
1134.689000
1066.601200
1062.293500
1019.926600
1089.499400
1126.144400
1123.735400
964.528600
1072.198400
1036.802800
1000.689400
910.569900
925.442000
1106.560700
1071.563800
1237.966900
1257.268700
1577.800700
1758.356500
1619.387900
2991.806400
1258.575400
1181.869900
1198.025800
1022.181800
1287.654200
1130.867800
1138.804800
1284.289800
1247.113100
1238.461300
1159.734500
1137.660400
1267.197300
1263.892200
1175.088400
1139.209600
1355.783400
1433.692400
1118.015500
1030.411500
1027.805000
1047.183100
1205.169900
1153.823300
1111.271300
1125.164900
1124.969800
1053.855100
1166.761600
1022.838200
1189.146900
1083.682400
1172.817500
1261.734100
944.854500
1188.867600
1244.607500
1195.039000
1243.926700
1095.212200
1350.098700
1318.029600
1184.007100
1246.227200
1037.422200
1242.470900
1218.933400
1212.016400
1288.755100
1341.405900
1081.026000
1285.807000
1340.209600
1080.869500
1242.510600
1114.601000
1227.760000
1286.990700
1206.114700
1148.380400
1082.895900
1080.444200
1206.994500
1162.220900
1142.701200
1097.367100
1154.270800
1090.813000
1070.203100
1121.468000
1101.036300
1088.092300
1015.149100
1093.194700
1121.113200
1190.633800
1257.454900
1075.919400
1215.461800
1216.368400
1160.028000
1037.167000
1051.065900
1081.831900
1038.862600
1207.310900
1418.665000
1213.317800
956.805100
1088.031800
1246.255600
1197.047000
1238.962500
1135.732300
1194.753100
1166.014700
1054.152400
1184.346100
1242.455100
1282.508700
1128.660600
1115.243900
1177.156200
1189.843600
1146.582900
1189.118900
1201.385200
1120.811700
1104.448100
1228.904100
1281.039000
1259.817800
1289.049000
1301.602300
1209.259100
1210.316000
1217.630200
1262.795700
1243.180600
1188.173200
1150.856400
1185.988200
1101.289300
1270.735600
1031.289800
1230.075300
1124.987400
1144.932400
1382.172700
1222.107000
1249.664500
1158.032500
1134.753800
1134.723900
1261.587200
1100.092600
1304.049600
1054.535500
1251.975500
1237.172400
1309.086800
1168.778300
1119.064100
1305.299400
1282.122100
1015.248900
1192.381400
1333.242100
1193.634400
1150.276700
1113.238000
1175.620800
1630.822200
1364.493500
1118.757500
1154.920700
1015.699600
1169.083000
1038.095500
1058.373800
1128.361500
1136.600900
1035.108300
1042.428900
1091.343800
1002.399600
1055.963300
1072.303000
1135.325700
1046.819800
1009.779500
1093.547000
1076.860400
1135.689400
1141.511700
1064.902000
1083.556300
1030.059000
1116.915900
1206.684600
1109.377200
1188.022500
1068.390500
1114.346800
1044.278600
1065.230800
1097.124600
1038.924100
1062.601700
1171.222400
1011.925200
1135.797000
1136.190700
1198.976000
1162.507800
1050.547500
1129.197700
1049.884300
1051.565900
1055.077500
1062.058300
1162.276600
1072.200100
1095.312400
1110.209300
944.598000
936.910600
1161.704200
1153.707100
1079.631100
1025.068100
1124.571600
1160.422600
1134.152500
1004.477000
1007.664500
1186.532100
1116.082300
1196.618600
1166.710900
1111.715100
1082.386100
1024.370300
1103.843300
920.955400
1209.856600
1104.357900
1074.325000
1073.951200
1039.668200
1219.454200
1100.976800
1017.515200
1143.512800
1094.798600
1072.320300
1045.281700
1083.315400
1088.424300
1067.385900
985.278000
1072.469800
