0.042138,1.482776,0.505399
0.074440,1.508665,0.500143
0.055768,1.634948,0.583834
0.140664,1.721734,0.584902
0.134499,1.691937,0.607981
0.126674,1.576572,0.764939
0.022020,1.600937,0.752157
0.041577,1.515905,0.692230
-0.042692,1.559875,0.497607
-0.065849,1.599119,0.392446
0.112259,1.635710,0.521090
0.253320,1.669639,0.650419
0.300941,1.652152,0.616663
0.260614,1.648132,0.603490
0.174760,1.642639,0.626941
0.139564,1.686968,0.545100
0.145911,1.695883,0.557431
0.146396,1.699161,0.559029
0.208686,1.665691,0.573344
0.184089,1.678193,0.658255
0.514250,1.532039,0.772033
0.516358,1.441225,0.776141
0.502177,1.510097,0.829650
0.613796,1.311528,0.581120
0.593873,1.285554,0.532445
0.533928,1.255626,0.469844
0.457060,1.241502,0.405369
0.445031,1.244199,0.306745
0.524146,1.328604,0.256211
0.503757,1.280380,0.185677
0.620440,1.463313,0.320820
0.733413,1.599000,0.404585
0.714619,1.527201,0.338818
0.690284,1.510135,0.295517
0.624866,1.562590,0.260784
0.570586,1.524545,0.272469
0.658596,1.644140,0.172747
0.627272,1.748281,0.097633
0.547181,1.824222,0.169493
0.460978,1.818059,0.190413
0.475449,1.813385,0.220964
0.591788,1.742261,0.204748
0.708073,1.653072,0.116056
0.713874,1.527960,0.129032
0.712325,1.556273,0.165879
0.714894,1.552158,0.212487
0.746914,1.523317,0.198693
0.703968,1.521839,0.183863
0.784192,1.722634,0.285397
0.986283,1.812038,0.214898
1.019529,1.855018,0.174725
0.990755,1.941144,0.318954
1.007910,2.007720,0.355900
0.908194,2.049372,0.418109
0.937078,2.131061,0.360892
0.978053,2.130618,0.341774
0.942506,2.061720,0.325656
0.827624,1.999929,0.322287
0.830192,2.038309,0.338995
0.931502,2.139382,0.445264
0.952262,2.048364,0.383184
0.953633,2.036567,0.301179
0.961960,2.110303,0.308494
0.955181,2.161769,0.263941
0.931716,2.156982,0.378026
0.847732,2.116058,0.442799
0.898475,2.130689,0.397978
0.931391,2.067389,0.423874
0.938664,2.017501,0.429119
0.982922,2.096317,0.464678
1.033388,2.091203,0.542915
1.039024,2.034678,0.466289
1.079294,2.022279,0.612337
1.088728,1.942845,0.667082
1.159438,1.935401,0.644089
1.102342,1.916306,0.689410
1.096832,2.064784,0.670562
1.113060,2.221066,0.644407
1.155886,2.218543,0.650587
1.132342,2.228218,0.605023
1.104672,2.165155,0.566470
1.034653,2.092647,0.564736
1.033106,2.079094,0.520030
1.063012,2.134855,0.467203
1.117576,2.236884,0.401113
0.872273,2.431814,0.329003
0.854900,2.488323,0.278276
0.921249,2.548530,0.347808
0.872977,2.561118,0.310493
0.897809,2.705532,0.404218
1.012877,2.848197,0.493733
0.999050,2.834893,0.506826
0.927657,2.851906,0.508601
0.857274,2.777701,0.484677
0.873467,2.776915,0.439860
0.873434,2.819201,0.356586
0.798834,2.787139,0.263750
0.792827,2.729329,0.182068
0.794288,2.829407,0.160841
0.755264,2.941079,0.137642
0.566525,2.826010,0.221946
0.779057,2.885297,0.217840
1.004422,2.969192,0.308239
1.060150,2.947987,0.356637
0.972068,2.931200,0.448288
1.049353,2.913611,0.521861
1.081075,3.118607,0.459984
1.005803,3.117849,0.460860
0.962878,3.076339,0.452001
1.020641,2.981493,0.426339
1.047301,2.983094,0.368049
1.130996,2.898147,0.443316
1.235088,2.904426,0.499454
1.262347,2.859902,0.499291
1.258958,2.832088,0.458959
1.271725,2.874615,0.372971
1.197692,2.857033,0.386784
1.271934,2.903359,0.380183
1.217215,2.941893,0.338101
1.153830,3.037195,0.299211
1.167581,3.003844,0.332910
1.162523,2.990894,0.333667
1.148819,2.971438,0.344442
1.148362,2.988939,0.366288
1.155756,3.032501,0.416841
1.230175,2.996710,0.366614
1.272192,3.041166,0.400736
1.315668,3.055298,0.403347
1.088149,3.165564,0.379905
0.890400,3.250984,0.370837
0.839154,3.210447,0.396496
0.885337,3.283239,0.413081
0.922124,3.278161,0.419927
0.952336,3.222481,0.331658
0.897696,3.208904,0.172140
1.067173,3.206823,0.107774
1.032920,3.165040,0.107260
1.042795,3.185462,0.054178
1.068446,3.254462,-0.005609
1.106432,3.246831,0.014210
1.129018,3.177546,0.087244
1.119411,3.157642,0.120027
1.207222,3.247149,0.220316
1.192634,3.239351,0.278746
1.186967,3.213210,0.270737
1.163843,3.194030,0.340754
1.226642,3.119626,0.265049
1.267830,3.071946,0.281209
1.352151,3.185023,0.253024
1.306722,3.164263,0.166106
1.237859,3.112235,0.137326
1.255497,3.098804,0.072358
1.248279,3.146690,0.029492
1.249692,3.145879,0.091811
1.222677,3.099262,0.087711
1.266051,3.055816,0.040236
1.388271,3.056073,-0.073617
1.409608,3.049374,-0.043121
1.497996,3.091323,-0.156721
1.644994,3.097699,-0.301683
1.808089,3.022748,-0.515824
1.816447,3.057143,-0.504049
1.732854,2.919161,-0.530844
1.764328,2.990057,-0.481084
1.651976,3.052946,-0.504193
1.654580,3.004461,-0.389034
1.674242,2.987045,-0.381140
1.717614,2.970702,-0.246067
1.797572,2.914464,-0.232198
1.762533,2.836996,-0.158621
1.712954,2.923002,-0.291641
1.710956,3.037657,-0.295837
1.627882,3.098329,-0.303190
1.508752,3.016477,-0.364647
1.457499,3.078869,-0.455568
1.540417,2.989780,-0.455818
1.460400,3.067621,-0.301269
1.280088,3.118389,-0.131768
1.196221,3.090071,-0.027881
1.121179,3.057048,0.060748
1.147455,3.048054,0.184111
1.199025,3.045569,0.083531
1.184850,3.072395,0.022090
1.221161,3.056013,0.064398
1.240798,3.080586,0.083730
1.278063,3.152351,0.045733
1.250754,3.118628,0.096268
1.090941,3.045072,0.279116
1.051004,2.942954,0.361164
1.126023,2.977712,0.319334
1.090680,2.917431,0.303914
1.105146,2.914177,0.346368
1.142352,2.909474,0.366224
1.146249,2.943660,0.368991
1.123026,2.999085,0.372858
1.285365,2.908376,0.288962
1.387909,2.806990,0.257499
1.413120,2.703023,0.148897
1.460089,2.672019,-0.002156
1.522288,2.733909,0.022387
1.432899,2.832382,0.003397
1.475453,2.905173,0.004872
1.466631,2.879016,0.016425
1.487134,2.847506,-0.046800
1.491598,2.980630,-0.086725
1.416758,3.075809,-0.057061
1.425694,3.107565,-0.063265
1.381498,3.106523,-0.081039
1.407010,3.129025,0.030384
1.421437,3.166148,0.081392
1.517780,2.942619,0.030518
1.550322,2.800960,-0.032113
1.413798,2.837615,-0.033057
1.340666,2.813105,-0.021580
1.338774,2.868489,-0.010682
1.313645,2.905546,-0.000105
1.331448,2.884702,0.026850
1.333356,2.790227,-0.016156
1.393988,2.748626,-0.046138
1.432794,2.824847,-0.058841
1.405791,2.819612,-0.054844
1.355051,3.009526,-0.140197
1.281431,3.130067,-0.169218
1.293219,3.048372,-0.149631
1.274499,3.004598,-0.069584
1.217071,2.987949,-0.107567
1.263919,3.055001,0.001575
1.188898,3.012326,-0.022071
1.198346,3.051283,-0.040322
1.275249,3.089555,-0.063056
1.264772,3.099003,-0.124530
1.219412,3.094518,-0.132656
1.160460,3.026363,-0.100175
1.112133,2.884060,-0.179992
1.095187,2.830659,-0.215071
1.107586,2.768084,-0.214395
1.172656,2.692136,-0.210467
1.109439,2.713109,-0.261012
1.101120,2.650072,-0.293303
1.171369,2.724452,-0.421128
1.203645,2.857265,-0.327526
1.233184,2.917759,-0.304491
1.137685,2.856496,-0.367462
1.162452,2.788025,-0.596985
1.158694,2.825472,-0.594727
1.284197,2.741160,-0.632797
1.330797,2.760371,-0.640674
1.500522,2.732582,-0.649493
1.514590,2.811266,-0.635939
1.546831,2.977807,-0.557483
1.518811,3.108710,-0.644751
1.499318,3.123088,-0.626079
1.522402,2.963798,-0.585666
1.557075,2.936001,-0.476394
1.531204,3.057989,-0.641588
1.559057,2.977923,-0.712221
1.474435,2.957953,-0.682461
1.385795,2.828711,-0.620239
1.448363,2.880570,-0.742752
1.462634,2.853547,-0.754669
1.346435,2.934619,-0.699129
1.316440,2.963331,-0.678758
1.198068,2.946975,-0.725104
1.270611,2.892617,-0.726087
1.385544,2.891568,-0.684052
1.444417,2.947222,-0.712220
1.278862,2.851034,-0.748118
1.173483,2.841741,-0.766726
1.144508,2.899200,-0.653035
1.207757,2.970970,-0.679234
1.253478,3.043731,-0.707390
1.359410,3.029725,-0.685163
1.507336,2.981088,-0.656220
1.561220,2.938274,-0.674712
1.533331,2.993129,-0.674725
1.516272,2.918781,-0.629177
1.585651,2.974509,-0.510604
1.623758,2.969243,-0.525761
1.651189,3.044954,-0.509533
1.596389,3.094501,-0.534099
1.460279,3.167334,-0.576394
1.381961,3.097073,-0.578603
1.302148,3.032022,-0.523397
1.156611,3.067478,-0.519070
1.118293,2.983564,-0.608489
1.219993,2.946234,-0.590765
1.471107,2.831449,-0.568115
1.592289,2.716338,-0.603179
1.494659,2.761654,-0.558766
1.540632,2.781155,-0.510767
1.566371,2.822999,-0.469220
1.546410,3.030528,-0.405467
1.607528,2.978519,-0.432720
1.671841,3.007645,-0.500509
1.696628,2.972861,-0.461351
1.671209,3.022902,-0.408516
1.688887,3.050186,-0.419505
1.671434,3.076316,-0.455890
1.853409,2.946766,-0.606582
1.866407,2.994447,-0.463787
1.891436,2.953579,-0.491862
1.837374,2.958929,-0.469533
1.787899,2.892734,-0.519452
1.829762,2.919784,-0.466301
1.810646,3.038766,-0.492374
1.836884,2.820707,-0.299276
1.814047,2.954888,-0.601004
1.761082,2.976197,-0.678601
1.718542,2.947060,-0.651937
1.718865,2.980560,-0.558894
1.663811,2.918805,-0.615506
1.689322,2.921268,-0.634545
1.714667,2.868996,-0.576505
1.699780,2.859957,-0.531636
1.670199,2.946676,-0.504487
1.610824,3.051651,-0.443944
1.615594,3.077686,-0.429160
1.762902,3.083075,-0.434981
1.807622,3.112502,-0.433391
1.793726,3.137514,-0.546303
1.812619,3.117521,-0.611648
1.794694,3.177112,-0.601183
1.729298,3.263693,-0.613007
1.815083,3.019483,-0.638269
1.870756,2.930082,-0.644175
1.930357,3.184063,-0.600810
2.022967,3.305663,-0.465644
2.020219,3.334018,-0.446594
2.126629,3.363897,-0.543132
2.200600,3.297633,-0.517354
2.298050,3.400773,-0.564534
2.358698,3.464630,-0.560155
2.462859,3.470061,-0.593508
2.514753,3.550941,-0.577202
2.439698,3.542095,-0.533700
2.472116,3.621736,-0.341322
2.476158,3.557537,-0.372588
2.415751,3.541426,-0.502227
2.461183,3.428570,-0.466438
2.513388,3.271961,-0.457073
2.530727,3.229736,-0.556672
2.583689,3.173558,-0.585475
2.550841,3.204683,-0.601252
2.493691,3.241526,-0.481109
2.452230,3.348069,-0.660008
2.522666,3.363783,-0.619829
2.605209,3.353126,-0.594984
2.655094,3.142805,-0.533141
2.680068,3.121786,-0.538657
2.621256,3.113748,-0.622335
2.692525,3.165013,-0.686520
2.708725,3.144857,-0.679284
2.660959,3.258983,-0.609379
2.659495,3.281759,-0.622551
2.658059,3.286078,-0.626542
2.646903,3.258798,-0.617720
2.635744,3.368877,-0.724580
2.665258,3.363605,-0.745387
2.633148,3.389352,-0.712936
2.651121,3.319073,-0.656428
2.769078,3.344712,-0.681065
2.726439,3.213346,-0.674177
2.698442,3.252816,-0.750122
2.774722,3.174448,-0.893702
2.774734,3.197239,-0.898986
2.612235,3.112037,-0.884316
2.362129,3.027679,-0.848276
2.312180,2.944221,-0.860367
2.331122,2.961275,-0.933998
2.261220,2.891541,-0.925331
2.394176,3.054441,-0.893918
2.432564,3.152184,-0.910983
2.394466,2.955216,-0.872507
2.308480,2.880606,-0.917058
2.383774,2.958022,-0.991815
2.271904,2.867078,-1.155555
2.594804,3.101358,-0.998438
2.673928,3.187652,-0.980606
2.746348,3.001648,-0.845394
2.734990,3.039096,-0.964712
2.800183,2.998233,-0.878911
2.884239,2.960201,-0.795416
2.878973,2.925303,-0.881304
2.812848,2.872112,-0.939524
2.886720,2.844776,-0.911971
2.803055,2.920574,-0.890828
2.731280,2.953272,-0.892733
2.706121,2.966366,-0.930215
2.692473,3.026920,-0.931272
2.674208,3.023168,-0.850334
2.504003,3.197626,-0.959969
2.492405,3.236125,-1.023863
2.463091,3.322550,-1.072700
2.562534,3.329832,-1.072998
2.619895,3.312433,-0.977869
2.589621,3.318446,-0.989825
2.684965,3.280791,-1.113157
2.493828,3.241076,-1.194852
2.272415,3.171965,-1.395301
2.461986,3.138741,-1.222009
2.542043,3.135421,-0.927688
2.593926,3.168072,-0.865046
2.647863,3.133684,-0.867459
2.649148,3.160369,-0.949801
2.674785,3.432068,-0.828358
2.623259,3.420679,-0.785652
2.522588,3.408020,-0.777678
2.508383,3.375030,-0.803092
2.660277,3.307040,-0.898510
2.675674,3.422438,-0.927278
2.740836,3.507917,-0.964132
2.670889,3.543746,-1.030698
2.612133,3.553573,-0.984062
2.596211,3.453997,-1.113349
2.592374,3.334984,-1.265033
2.634645,3.337691,-1.239372
2.676516,3.363167,-1.172664
2.607958,3.353849,-1.160962
2.602507,3.287557,-1.190050
2.481288,3.251262,-1.068381
2.417367,3.305060,-1.057181
2.411178,3.293701,-1.051661
2.423614,3.151035,-1.009186
2.437627,3.173767,-0.988283
2.470270,3.211637,-1.027670
2.481120,3.137002,-1.013790
2.481166,3.069712,-0.989243
2.457202,3.172598,-0.974812
2.596996,3.155294,-0.934760
2.590367,3.201017,-1.011001
2.514920,3.375622,-1.098572
2.515038,3.367973,-1.106192
2.492985,3.340212,-1.063738
2.504318,3.324002,-1.021110
2.473262,3.319312,-0.933831
2.436255,3.201835,-0.873269
2.485374,3.159608,-0.812342
2.568304,3.200037,-0.871334
2.657400,3.189151,-0.811483
2.674761,3.129690,-0.761172
2.763831,3.122375,-0.600009
2.817526,3.054989,-0.688486
2.841564,3.013513,-0.683940
2.781775,3.012790,-0.758513
2.769493,3.027703,-0.863252
2.791917,3.069732,-0.691878
2.809606,3.057002,-0.605718
2.685444,3.117959,-0.461796
2.537983,3.099485,-0.352397
2.516556,3.104536,-0.387840
2.410676,3.013219,-0.105184
2.421276,3.076252,-0.024405
2.416956,3.123842,0.043789
2.399258,3.175608,0.068779
2.258019,3.265933,0.055627
2.243122,3.242490,0.041971
2.297744,3.211230,-0.018662
2.108828,3.132834,-0.009226
2.036155,3.029312,0.004735
2.004994,3.033040,-0.042941
1.984564,3.025231,-0.104226
1.973821,2.937146,-0.183987
1.902731,2.944104,-0.169117
1.935377,2.972336,-0.133691
1.885241,2.911059,-0.095600
1.641696,3.034185,-0.014540
1.871632,2.995600,0.027647
2.002048,2.800413,0.065808
2.043938,2.821779,0.039985
2.248601,2.827343,-0.022732
2.444241,2.703364,0.233232
2.629918,2.603076,0.481966
2.779834,2.485704,0.646174
2.875251,2.402047,0.717238
2.832999,2.348909,0.666540
2.932388,2.421273,0.622125
2.939582,2.577725,0.533765
2.882094,2.639476,0.599952
3.012723,2.775735,0.552139
2.950117,2.707566,0.571031
2.944303,2.687733,0.611772
3.017804,2.615800,0.554780
3.033694,2.558264,0.549204
3.064191,2.513500,0.519020
3.124316,2.510207,0.520181
3.179865,2.535436,0.461709
3.169724,2.576256,0.485877
3.088362,2.592662,0.560032
3.057544,2.591662,0.641640
3.049394,2.453070,0.642889
3.019598,2.535504,0.690465
2.971309,2.488274,0.677911
2.949719,2.370747,0.684904
2.856553,2.375553,0.619383
2.750329,2.288829,0.426331
2.885315,2.364001,0.662790
2.962882,2.357477,0.669715
2.979064,2.475116,0.563040
2.879125,2.464932,0.470741
2.888092,2.466127,0.414015
