528.971300
483.262700
501.579100
490.295800
514.117700
551.671400
526.781200
524.599300
552.782800
524.054200
577.832400
501.553900
520.568900
599.376900
525.514400
523.906100
533.078300
515.042400
502.862600
553.445900
506.672600
491.371800
525.377900
493.687100
529.006000
465.022700
501.406700
558.640800
503.167100
553.342700
541.756700
511.472800
551.526800
519.617400
498.880700
536.208000
495.452300
541.083400
535.890400
573.890800
598.628600
559.837600
524.730300
632.890700
520.300400
535.170100
723.312800
646.876700
657.827900
558.766200
546.851500
540.361300
584.047000
558.404300
525.766300
556.005300
789.190700
645.849100
598.681900
870.399800
559.217700
660.931500
979.489400
872.456800
1049.633000
635.683900
569.124700
607.855600
612.881700
614.938200
554.406000
551.039900
507.834200
606.192900
566.772200
518.213300
524.627600
535.063600
566.845200
519.248900
536.458500
512.669400
536.509400
508.340500
485.999600
521.367800
574.808000
540.226000
556.183800
587.164400
485.751100
526.904300
544.401900
540.804200
567.770500
542.514400
570.747000
578.259000
530.105100
549.676300
587.560500
561.633000
578.562900
540.830700
581.939800
595.845000
597.632800
537.682500
572.026600
569.441600
552.867100
503.408600
518.226900
572.221300
572.668600
545.906700
574.790600
533.374800
533.971700
547.980300
603.534500
579.322900
557.047800
619.421200
554.444900
566.626600
542.715300
577.287400
561.498500
579.686700
555.588100
574.388300
594.112100
547.005400
545.231700
589.166100
594.092200
521.408800
536.633200
571.622100
596.958300
628.979500
562.928700
598.153200
552.285900
605.702600
507.575800
518.698200
528.945000
539.274500
585.292300
581.902900
554.750700
575.752200
523.825600
541.734500
557.371700
569.271400
533.383600
585.278200
500.043900
516.126500
578.136700
532.090000
552.476400
579.767400
572.054600
568.530000
546.297700
579.371200
505.617900
591.836400
614.036600
577.747600
538.568400
562.775900
612.062100
563.023200
522.275900
512.877900
614.484100
557.447800
582.317000
592.913100
531.733500
507.148000
547.294400
552.509900
503.498600
505.151100
508.573000
536.690700
576.355200
551.859800
540.906500
525.633600
494.071400
506.010000
537.897400
538.085900
546.359400
534.289900
535.530400
513.364800
516.661000
547.795200
573.683500
536.732600
581.925500
590.176800
592.429000
534.700800
523.474400
592.970800
571.676100
654.875000
620.689700
546.680700
496.869900
556.135000
543.651100
516.477800
547.244400
542.575200
534.207500
539.464600
512.563700
520.627100
565.502500
539.414800
535.678800
499.437700
575.565300
535.239300
495.135400
527.471600
522.259200
573.144600
513.265300
512.215800
573.053900
569.259500
575.577800
597.521100
545.313300
566.266900
546.744700
522.648800
561.134000
517.270400
532.162600
591.997000
520.308100
484.943400
558.169300
548.480000
589.703400
561.404900
558.747700
539.342200
569.146600
566.633000
565.816800
537.219100
564.681800
554.068600
574.498900
596.915400
580.695900
573.992600
556.601400
579.559900
616.429500
527.979800
596.718300
578.727600
572.377000
521.019100
610.994700
597.153700
489.906000
606.362700
503.979900
516.549800
517.071000
500.376200
591.723700
550.449900
560.890300
516.170200
579.589900
529.926800
561.423900
539.684100
551.446800
533.813300
556.417700
600.955700
588.414000
547.755300
602.993900
589.732200
626.382800
606.453200
494.466800
585.444600
572.496300
600.323000
612.615100
597.267700
599.376500
587.499400
558.429800
513.459400
572.934800
528.941300
567.696800
626.441300
553.966600
591.648100
537.390900
550.109200
544.443500
614.327600
544.608600
610.173300
545.442400
517.946100
519.035200
566.474800
529.884500
537.610500
532.852300
535.483300
578.380500
564.712500
546.535200
498.827400
514.335600
559.123400
508.138600
530.180300
580.968500
583.049000
585.141100
602.041500
517.824300
459.868000
474.782100
615.696100
618.941400
583.892600
540.823000
603.655000
546.032200
537.229800
502.743900
552.304200
493.329600
576.694900
615.304800
544.006700
561.091600
565.080400
586.703900
571.935600
531.431000
541.685900
558.098800
558.604400
502.885500
504.288800
531.847900
577.203800
484.819700
460.268200
485.800200
544.599700
533.225400
579.260000
568.378800
541.573500
541.406300
476.016400
563.157700
475.287200
541.161700
574.634200
563.283600
567.786200
560.447400
540.501200
572.552300
509.374800
502.454800
517.599000
602.699600
489.435300
560.450400
545.561000
544.110300
526.398200
530.853800
538.095400
539.583600
582.738300
520.262800
498.195000
505.955400
522.033500
503.885000
526.844400
531.800100
510.113600
502.609000
532.860000
484.449100
507.752500
538.172300
541.243600
525.464400
509.932600
527.665100
548.256900
496.647400
493.086100
541.793200
547.198700
526.809900
534.776300
496.712300
485.010000
499.082300
570.468000
557.650600
576.515700
509.489700
492.207400
562.901500
508.005200
466.985600
542.253300
560.496400
554.930700
503.562400
521.954500
541.301400
534.700500
505.536900
463.481800
493.056700
514.675100
455.738900
495.002600
467.300200
449.525800
534.657600
502.738900
503.431900
482.551700
493.169300
465.573700
507.009100
508.957200
606.860700
531.873100
530.531700
503.574000
497.070600
519.743700
488.295800
502.840900
480.082800
516.671400
557.613400
575.531000
552.249100
490.717400
612.595600
518.377100
508.733300
561.862200
464.811200
538.779600
513.000800
501.665400
495.978500
491.175400
553.310600
600.795000
569.741600
577.837900
778.891700
856.686900
855.343100
652.553200
533.076100
468.485900
508.607600
461.498500
