1628.603700
1475.574200
1520.002600
1514.017500
1569.223900
1642.894600
1566.761800
1456.429900
1566.937900
1467.305600
1581.203800
1487.574600
1560.286700
1549.606100
1531.056100
1565.686000
1709.082100
1567.872100
1541.440000
1670.358500
1605.248900
1513.599200
1577.173100
1521.235900
1603.061800
1458.619200
1539.158400
1679.645400
1590.954800
1601.550500
1635.037900
1524.433400
1648.104400
1578.628200
1503.281400
1596.818400
1513.939500
1721.731700
1643.449000
1717.601600
1718.989600
1747.964700
1677.940100
1607.181000
1518.086500
1647.491000
1796.325800
1757.649800
1882.273300
1662.388300
1648.324900
1586.191200
1644.752700
1591.820200
1504.239100
1575.162100
1707.133200
1633.653400
1533.715900
1497.092300
1599.187700
1539.755000
1558.029900
1488.146000
1632.269500
1528.535200
1524.227300
1718.909200
1736.597900
1682.571900
1669.714600
1596.007900
1469.752600
1722.755600
1624.030300
1453.040900
1526.610400
1516.848800
1611.310200
1529.557900
1599.816400
1511.402700
1758.475500
1548.302500
1498.511300
1534.620300
1834.563100
1691.483700
1621.912100
1648.749500
1460.754700
1468.267000
1534.102200
1681.974300
1574.761600
1555.803500
1560.199800
1630.246300
1468.484300
1702.039600
1721.487000
1581.623300
1690.443100
1553.488100
1761.856200
1708.835100
1770.784800
1553.962500
1779.334800
1744.568500
1541.662900
1494.038200
1531.144600
1704.427300
1664.886400
1595.410500
1695.000400
1624.096200
1581.636300
1537.262500
1892.304300
1630.560000
1553.896900
1712.559500
1526.063300
1551.171700
1511.871600
1623.833500
1656.015100
1699.273600
1610.105200
1666.616900
1673.996900
1519.582400
1564.785900
1980.265800
1706.050200
1459.160600
1521.565200
1694.445200
1702.407300
1776.269400
1674.437600
1695.248700
1588.677800
1781.609700
1478.514600
1543.134900
1706.411500
1513.123100
1659.053900
1732.384000
1629.873000
1663.711600
1522.426400
1603.821400
1666.405800
1851.531000
1621.124000
1574.476300
1438.783200
1560.733200
1671.308900
1520.400400
1574.884300
1680.977900
1701.500400
1637.286500
1518.699300
1583.837300
1466.274000
1664.553200
1689.199700
1708.690900
1542.480900
1547.757300
1699.161300
1536.901000
1459.737100
1399.431800
1800.417500
1544.491000
1603.933300
1763.012800
1409.649900
1409.457700
1597.119400
1574.559600
1453.431400
1715.194300
1406.381600
1565.589100
1624.126800
1531.543800
1511.969700
1471.352000
1367.886200
1479.211900
1525.349600
1551.829300
1658.993500
1497.294600
1494.974000
1404.443100
1418.329500
1515.149500
1542.492900
1522.557100
1653.819400
1880.447500
1639.642500
1612.945100
1455.361800
1681.957800
1573.778500
1720.744300
1613.548500
1526.572500
1395.010200
1494.031800
1520.045000
1614.992500
1613.860100
1510.701000
1463.566600
1608.513700
1490.058400
1444.900100
1498.964600
1435.290200
1453.921400
1601.866600
1700.795000
1513.227700
1390.083300
1496.205300
1438.401500
1586.461400
1451.971300
1426.534400
1600.729300
1599.231300
1580.765400
1741.366300
1537.897300
1480.767200
1484.152100
1578.808000
1745.942000
1434.848500
1582.553100
1655.362500
1467.676100
1389.790400
1595.705700
1553.032700
1588.521900
1514.970300
1461.147200
1531.396200
1678.506000
1460.811100
1635.369200
1531.786400
1575.400300
1577.677500
1555.646500
1684.989300
1626.930500
1568.451400
1713.809100
1871.154800
1649.195100
1498.851300
1759.005300
1711.415500
1665.957200
1459.593400
1673.197400
1790.300500
1355.354500
1720.937100
1416.195400
1415.958500
1408.933200
1385.040500
1651.180500
1447.203100
1535.904400
1427.102700
1620.793300
1460.820900
1517.513600
1479.594200
1482.916100
1443.691100
1478.001600
1703.387700
1533.123300
1439.530200
1572.683700
1597.535000
1675.118300
1617.810800
1328.113200
1511.105500
1627.442800
1623.152500
1593.068200
1575.893700
1615.831400
1561.767200
1456.267800
1365.784400
1506.309100
1458.170700
1464.839900
1691.705600
1496.442700
1571.479400
1411.662700
1428.367700
1445.498700
1548.993900
1430.480200
1535.315400
1468.013100
1399.940500
1397.892000
1533.840400
1455.860600
1461.053600
1409.393300
1408.221200
1540.817400
1527.113400
1453.875900
1336.001700
1384.337200
1479.393700
1359.521300
1357.951000
1570.694200
1567.997400
1582.785100
1511.174500
1387.883600
1197.945300
1253.374100
1668.214100
1664.690000
1541.041300
1371.158900
1578.565900
1455.598500
1473.365600
1404.632000
1467.795400
1298.898900
1578.569900
1696.898600
1376.803800
1511.199600
1471.749800
1563.271600
1602.611200
1483.401500
1449.412000
1485.308800
1470.940400
1397.116800
1399.658100
1474.028300
1607.044800
1391.254800
1305.112500
1364.889100
1431.950900
1463.368300
1499.041000
1565.907600
1482.828900
1400.075700
1298.767400
1550.584800
1343.985300
1474.540100
1594.588700
1536.606300
1577.708400
1551.971500
1486.039900
1556.957300
1396.322500
1451.205300
1480.366400
1659.144800
1370.603500
1537.672900
1538.480700
1551.462300
1493.656700
1478.080600
1527.130600
1585.279200
1651.598700
1475.077100
1436.506300
1482.184200
1501.278900
1421.693000
1499.303900
1537.115800
1495.203300
1439.544700
1539.514100
1356.284300
1463.431100
1541.259100
1575.372800
1507.502800
1467.054600
1465.573600
1613.301500
1437.282900
1482.075700
1557.568100
1433.222400
1476.746500
1491.918800
1374.601000
1378.199400
1423.708400
1597.872700
1504.191300
1599.522100
1422.087100
1414.340600
1595.836300
1453.250400
1397.866000
1524.275400
1621.526100
1572.825800
1460.783700
1561.660000
1549.223000
1556.054500
1461.766700
1341.733100
1418.844700
1431.575400
1300.511800
1394.464500
1328.902700
1272.794500
1567.449400
1463.042000
1437.396800
1397.974400
1545.707000
1489.362600
1500.621900
1541.891400
1658.661900
1595.534700
1457.754500
1373.239800
1412.690500
1446.395300
1310.214000
1465.154100
1346.786500
1601.082900
1646.525300
1631.638800
1580.366100
1375.452500
1424.735900
1453.770300
1488.005300
1592.788100
1337.220200
1523.188100
1438.702800
1429.104400
1428.162400
1451.378000
1630.141300
1643.008800
1543.078200
1401.529300
1464.989100
1656.947000
1443.071300
1520.466300
1450.589400
1361.402200
1470.013600
1307.391100
