79.834200
73.332900
76.855300
74.621000
77.860100
84.569700
79.982000
107.511400
136.030500
92.955800
92.656800
83.461500
86.982600
86.722600
82.771900
90.665700
93.311600
90.974300
82.878900
104.828900
91.001300
84.655800
84.938700
86.542200
97.283200
94.770200
84.687600
154.714000
141.605400
93.751900
101.920200
85.124800
81.031800
81.302700
73.486500
84.323000
72.520700
85.687800
82.884300
83.584000
86.318200
83.970900
78.305900
79.901000
75.132200
86.071700
85.820600
80.557900
83.060600
79.828300
79.291900
81.092800
83.981300
75.409100
72.988100
79.449800
78.227500
86.262100
79.970700
76.402700
79.910700
77.014000
72.159800
76.129200
79.398000
74.114300
72.297300
89.090000
86.189200
84.184700
79.821300
87.497100
72.000400
90.398900
81.873700
70.301900
73.046700
71.615600
80.878100
72.337600
79.196300
69.009300
78.340900
78.208500
76.094400
81.704900
86.347200
81.506700
79.691900
84.403900
71.804000
76.226800
75.432600
74.392700
74.292700
72.385600
78.588900
79.844200
70.785200
79.658400
79.657900
76.753000
87.943400
77.191500
85.104600
82.758100
80.498500
73.361500
77.739200
77.551000
74.110400
67.475500
74.562300
83.138600
77.161200
76.293300
85.658300
75.166300
83.661000
79.971700
86.776900
80.988600
78.659600
88.409000
103.595200
91.591500
73.149000
75.840700
81.234800
79.815300
75.107000
83.906100
81.424700
71.246800
73.611400
83.668300
84.056500
78.001900
77.556500
86.055000
82.165300
86.169500
79.961300
85.540800
74.816600
83.375800
74.026500
70.612400
74.525100
88.269600
125.186600
82.727400
80.937000
88.045800
76.924800
78.416000
84.418400
86.693300
73.397300
80.197600
82.869800
72.662500
94.365000
78.070900
84.236700
84.538300
82.776400
86.722100
83.153800
82.744000
76.821100
85.013400
84.771100
87.000100
74.807400
86.733400
90.203900
78.745900
69.347900
75.559900
87.219300
75.611300
79.872400
83.945800
66.600600
67.185000
73.550800
77.892800
70.248800
76.773200
71.129800
77.361000
81.684400
77.967500
79.425900
73.131700
68.906400
69.638600
73.489700
71.305500
74.429100
73.662400
72.620000
71.636400
67.356500
70.269400
73.838200
73.232100
83.791000
79.962100
82.302100
76.071900
71.435500
85.339400
76.714700
79.737500
82.663200
78.678800
69.232100
76.332100
74.345800
71.262800
76.074600
73.685100
74.666700
77.227200
75.020700
79.032100
81.578800
71.715000
76.502500
69.097300
79.298800
74.827900
67.226700
72.607200
71.599600
83.049100
67.569300
68.784600
82.698300
80.792500
81.577000
88.908500
73.757000
72.782300
75.394300
69.200700
78.573700
76.002800
76.375500
81.238600
69.458300
67.897900
81.464800
82.964400
84.184600
78.936100
72.824800
69.083500
72.214900
70.408300
80.463600
73.086400
82.995800
76.597500
82.929500
85.439000
82.080600
79.956300
77.549200
125.646500
96.338900
78.123200
85.307100
83.503800
78.752600
70.738400
77.950100
82.715800
67.567900
90.344900
73.644800
70.349900
80.941100
72.954000
88.609000
72.298700
84.899900
75.229500
78.269000
78.115300
76.408700
79.437600
78.367000
78.636400
74.327300
84.805000
81.141100
76.389400
83.405800
86.698800
91.103100
86.892900
74.739800
83.187600
83.667700
85.675000
88.932000
85.686400
98.809700
83.822700
78.899200
71.408300
80.347600
76.865200
87.131000
93.306700
79.991700
87.784400
74.325000
79.979500
77.356300
79.351600
80.235300
81.917100
73.917600
74.877800
76.453000
79.730400
70.874700
69.437000
76.342900
73.719800
85.854300
79.072600
85.524000
77.107200
71.759300
76.592400
76.858100
74.703000
80.247100
122.106100
82.933100
82.850900
75.100700
71.138500
67.099400
94.791700
90.039100
80.868400
75.085800
79.908900
79.674000
76.346300
77.253400
75.730300
68.798400
80.055100
85.150600
71.867400
75.382200
76.509100
79.862900
81.609900
77.803600
75.612000
76.396500
72.897000
73.922100
72.265500
78.221500
84.081500
70.705300
64.876600
70.268300
74.697300
73.735500
81.919900
79.844900
77.484900
72.338700
66.329900
81.381300
71.665700
78.975100
80.432400
78.201200
84.312400
81.597700
78.843000
79.307400
75.373600
71.940600
77.311800
84.394400
68.543900
75.234600
87.665900
78.369600
77.304800
73.026100
79.746600
78.082300
79.990200
78.785300
71.180000
78.226100
78.838200
73.911400
77.206300
74.826600
83.566000
77.485800
82.247800
68.947600
81.863200
76.259600
77.492200
77.553900
76.506000
72.319200
85.484300
73.824300
75.966400
81.377300
70.503100
79.536500
79.112700
67.699000
78.998900
76.214800
76.151900
77.696300
79.470300
70.393000
71.525200
80.688000
82.140000
66.206600
78.106100
82.544300
77.906300
76.775700
86.566400
76.411100
75.608000
75.383600
68.191400
75.401300
74.772300
66.396900
74.101700
71.884800
70.183100
80.183800
78.142100
77.086800
75.953600
76.396000
68.697200
78.218100
73.623000
92.398000
79.671700
76.829400
71.752300
78.566200
75.701700
70.132200
78.236300
71.692800
84.286900
79.970700
81.422500
78.905100
72.376800
75.659700
74.920400
73.129400
81.965900
66.416200
80.294700
74.090200
75.249700
79.055800
77.882000
85.721800
86.568000
79.872500
74.038600
80.280200
92.219500
77.111400
80.600000
73.395900
73.092200
77.496900
69.272600
