882.002000
751.344300
770.317100
769.761100
784.756000
814.295000
782.228200
719.196700
767.128900
729.429200
768.301000
741.787800
753.274500
754.761800
727.205200
747.892700
806.812900
788.821800
766.499100
818.083900
753.920100
736.397800
774.787800
720.494600
796.224000
678.669100
728.344300
821.483100
726.819300
769.318600
794.713900
768.602700
843.276800
772.467700
725.222800
797.522600
733.313100
845.747600
906.516000
888.985100
870.820400
897.974400
905.435000
880.413100
824.682100
1002.615900
1120.825300
943.374100
901.326600
827.828600
820.185700
786.685100
843.084400
773.097300
720.980100
768.444800
871.320300
823.754600
725.458700
720.143600
779.363900
741.632500
723.225400
725.310100
780.284800
717.299700
742.393100
883.921400
902.140200
905.153200
833.512700
784.758200
760.033000
918.823900
822.544500
719.631200
859.691500
749.062100
872.826700
914.056500
814.186600
789.780800
919.494200
823.780200
710.684200
778.288100
869.461600
788.549100
798.194800
814.284700
728.194200
712.378600
743.701900
715.831600
736.532400
743.929400
783.635000
794.114800
723.881000
784.335300
800.101000
745.613100
812.257900
737.575600
802.558800
820.655600
822.101500
731.048400
786.677300
804.137000
744.097100
729.037500
725.511000
845.892600
832.438200
784.048500
810.901200
710.776000
745.344500
742.539800
868.199300
778.880500
753.216300
872.316600
745.378500
790.636000
738.832300
791.680200
792.873700
796.733800
786.063900
792.284500
838.428900
726.415500
735.688700
859.035400
844.094100
682.456800
697.535000
824.037700
849.867800
853.853600
752.051400
804.181700
745.923200
839.594800
677.463500
716.781100
708.907500
743.848600
806.191700
794.795100
785.440200
779.943800
759.982300
743.902100
774.021800
864.817900
746.710400
777.812600
693.706500
743.636000
864.755800
790.193100
748.808500
830.354500
798.157100
835.317300
754.634300
786.651700
714.553900
837.347000
843.724400
820.109000
723.193900
777.182900
847.515700
788.240500
722.965700
685.141000
898.457200
737.157200
799.048800
800.401100
661.493500
663.321100
732.857600
761.492200
703.543500
713.772200
694.053800
731.326200
818.786600
736.573300
717.568000
749.511700
705.470300
690.016700
763.064800
751.651600
749.220700
737.310100
745.391100
715.675400
693.143400
748.987300
791.373600
718.796000
860.878700
800.365700
815.211900
915.467400
715.474100
851.445600
957.107200
913.410700
851.512700
775.661900
749.534200
736.486800
731.431300
694.647300
732.341900
744.903200
703.325700
806.734700
683.214900
732.698900
839.983200
711.374900
709.997500
758.913400
801.637700
748.259200
714.035400
922.500600
934.634400
991.747500
780.713200
747.206700
875.409100
771.126300
853.163100
832.936900
741.764400
731.756500
717.936300
703.813500
815.810700
751.858100
778.684900
816.588800
736.566800
700.686600
800.903700
781.452300
801.255200
772.334300
727.204800
740.391600
755.526100
800.516300
1031.480200
849.399600
1000.447800
777.918500
776.430900
838.939500
818.146600
813.817300
804.641100
848.856800
893.017900
759.344200
945.975100
911.042800
865.647900
731.861400
929.825800
940.552500
912.072300
1077.342300
675.181400
706.586000
717.779700
692.296000
850.615800
730.488200
798.399400
740.621300
819.044500
713.866300
746.466100
709.247500
749.641800
727.799500
758.463200
829.327500
794.272200
712.116300
806.465100
817.161600
880.521500
813.885200
677.234100
784.046400
805.588400
786.830100
781.050800
794.189400
800.886200
773.889400
736.485900
715.993400
755.048100
687.091200
725.382700
857.242300
728.453800
794.248100
703.330400
720.917100
708.990200
781.372900
712.127600
763.847200
746.479800
706.543800
695.892200
764.777300
737.711300
784.882900
719.676600
730.411000
786.441000
760.025200
710.343600
661.592000
697.435800
758.141700
712.545200
691.320900
809.959800
822.888200
851.461400
849.902300
669.626700
611.332000
631.305500
873.318600
852.362400
769.092700
690.039800
821.221700
734.740700
743.619800
702.337400
778.257100
661.258800
816.736300
840.378300
728.233700
768.673200
759.651000
801.212600
828.616400
781.441400
753.235200
760.462100
768.910000
718.114100
712.237900
741.774000
819.774200
682.356600
670.404200
695.831100
722.108300
738.072200
777.625800
800.204500
749.289100
714.357200
683.880400
808.049500
671.101800
773.299400
805.317700
783.714900
823.638700
821.390200
794.997600
814.963900
711.829800
740.897000
751.471900
860.467300
698.004800
799.235600
812.284800
792.128600
786.059400
793.048300
820.155300
819.524200
863.655500
762.451200
751.327500
755.574100
773.558400
756.769700
798.415500
806.387200
785.648300
764.353200
822.822700
721.933000
778.895500
804.088600
811.987800
778.847600
771.673800
774.130000
892.253400
757.406900
776.836100
798.979600
755.514500
793.855600
815.281500
710.977100
746.499100
752.969100
838.750500
802.756300
853.987800
744.134900
727.610400
832.702600
773.905800
704.881900
768.079300
867.901500
808.919300
769.954500
863.766600
826.924900
827.092100
787.135200
709.369900
726.255300
781.494200
715.179000
777.704300
721.473700
696.634800
840.138200
784.631100
781.706900
758.175400
764.000600
712.392400
769.982600
783.090000
858.244800
837.236900
783.945600
783.407300
758.001800
785.795800
711.781200
801.304100
736.712900
808.271800
828.950400
871.372900
868.685800
762.015000
779.231900
785.029900
772.373200
852.925300
749.173600
809.418600
787.735400
759.561500
774.338700
771.825900
829.200700
871.243600
797.080800
750.379400
787.498000
892.493900
768.017600
830.574000
776.619300
728.091200
777.396400
737.735300
