741.572900
775.660300
845.105900
807.280900
789.465000
726.697500
729.848200
717.764600
759.407100
680.637600
779.798000
780.043400
746.100800
760.995500
755.248200
797.182800
776.342100
821.680700
829.770900
755.581200
745.675300
788.100800
761.156700
763.986700
720.550400
743.997600
742.011200
735.156000
709.327300
717.282800
755.637400
754.418800
779.270200
773.494900
757.758600
821.727400
764.521200
692.487200
783.574300
765.228900
716.476500
823.245200
771.032800
770.019700
792.639900
793.992400
770.426700
752.619700
726.040800
728.037900
700.343400
741.772400
773.881300
843.871100
836.373700
808.001400
812.064200
770.535400
812.034000
701.318200
797.600600
798.935400
991.845600
798.459500
856.862600
817.345100
835.306700
799.269100
762.811600
694.404400
731.724600
808.986200
835.103300
825.497600
838.262700
860.218100
772.180200
880.845200
861.462000
765.701700
835.006900
687.138700
746.241800
765.018000
797.072200
739.856700
750.897400
729.384500
747.777100
731.314500
812.746300
786.977400
830.554000
813.371200
781.198300
787.559400
767.084000
701.297100
761.131300
735.756000
727.241800
771.532400
766.690500
737.443000
800.642900
845.713700
730.669200
824.029700
717.052000
763.407200
718.967300
790.485600
727.355000
777.813900
804.473100
780.995000
759.936000
788.222000
915.567700
802.125600
792.606300
781.499600
694.387300
757.279300
806.795400
774.568800
767.470700
823.355800
750.504500
792.355400
798.970500
759.348400
848.783700
772.247200
808.604500
768.179900
791.994900
826.944300
770.497300
818.877500
855.051200
832.704200
726.864000
791.244200
790.809600
732.670000
810.835800
796.247900
844.911900
760.609500
768.465200
729.647800
896.936700
769.506700
759.745200
816.842400
771.972000
752.508700
827.413200
763.288200
754.516100
728.780800
723.496500
765.620500
746.842300
745.147900
794.713300
856.508400
738.849000
799.825000
801.923000
816.737900
818.077500
857.618300
855.106200
776.779800
755.227900
823.904100
798.537400
820.242700
796.930800
736.140200
799.646000
885.350500
841.269800
748.252800
818.139600
823.761400
790.621400
799.271500
818.748000
833.830300
749.380000
737.297400
787.971500
701.391800
793.587400
740.577600
775.600200
765.173200
770.620500
731.711600
740.317500
774.294300
803.582600
793.639600
765.555000
755.329100
756.956500
781.669000
725.302800
778.968700
739.402500
797.044200
802.419900
793.051200
732.386600
807.889700
847.385100
808.680800
809.057800
785.955800
813.358600
826.575300
798.713800
745.349300
823.494700
842.955300
713.660500
722.220300
730.098900
766.782100
772.999900
776.744800
765.956000
857.732200
839.326300
778.051800
813.327600
848.033200
786.077900
784.916900
784.191000
765.520800
719.199500
758.207700
710.469100
760.102600
780.288400
838.077600
798.925900
807.064800
774.781500
731.854500
725.680900
793.725400
708.729100
746.071000
764.756900
762.706300
729.593800
764.223200
735.848600
728.088300
726.561600
796.927800
643.911900
719.825100
764.206600
752.970800
715.236100
770.747500
754.166800
733.817100
763.987300
737.699400
790.787700
733.610200
755.957900
767.356600
748.014500
833.100300
794.461400
825.377500
793.173900
770.418600
754.411000
755.218600
801.176400
790.036700
782.766700
744.252300
750.561700
779.530900
765.739900
768.521000
818.462800
915.051600
791.833000
780.684600
872.312600
734.201400
727.993900
715.927800
796.912900
743.620900
732.189000
842.123200
786.149600
790.499200
749.277800
710.544200
770.914900
772.165200
805.480700
794.254700
945.002500
760.434300
723.351300
795.921400
784.756100
755.173500
740.724100
768.345400
777.869400
774.676300
772.311800
761.952300
782.192100
750.995800
886.594700
752.488500
892.432000
791.785000
820.349800
853.173000
952.819500
1204.594600
885.360200
795.219700
961.577500
886.880400
1140.305000
1092.154100
1142.736800
1216.382600
944.561300
916.942400
740.234600
761.384500
823.528700
760.052100
730.091800
794.102900
806.588700
803.636800
779.875100
701.051800
710.806900
692.228200
810.370100
927.744300
879.546100
796.461100
949.379900
920.361300
893.843600
830.780400
860.913800
773.827600
883.750800
749.610300
732.855600
787.311900
780.916400
735.726100
694.091200
837.649800
811.797200
865.381400
872.076500
696.072400
727.078600
730.191200
764.374300
739.717900
760.237200
820.122600
842.218500
687.021200
774.816800
782.669200
804.048200
802.719000
692.974600
795.680000
855.750200
741.484700
675.599700
778.449100
852.599100
724.536900
765.350500
818.989300
709.158200
745.633900
762.488100
759.103600
833.865600
748.204800
757.613000
718.293500
767.849500
695.547700
721.615800
786.107700
818.326300
724.785400
711.181500
778.634700
728.900000
729.371700
785.260900
737.894200
767.326900
738.413400
724.912400
837.829500
804.059300
776.204400
779.790000
760.187600
808.010600
690.232900
725.203500
697.005100
790.687600
808.298000
741.069500
709.049500
681.771200
837.166400
775.123700
800.409300
735.127700
820.217900
768.148100
726.549500
709.907500
708.661400
795.626500
886.622600
821.141100
799.929200
777.544900
863.009100
713.429700
835.891100
771.158900
735.300500
742.368000
760.058800
797.370000
734.952700
801.890300
806.759500
720.485800
769.600700
776.842800
789.038500
797.263800
750.480000
788.759700
648.713800
781.214600
792.895700
753.658500
711.847500
764.297800
825.326400
749.955700
734.443200
735.427200
874.380400
807.746800
841.957700
786.250200
842.442800
886.944600
911.658400
799.855400
812.542400
889.923200
834.498900
832.533900
738.241600
900.982200
770.409100
805.087500
850.473800
