0.042115,1.484778,0.501786
0.052918,1.455561,0.413352
0.090428,1.429731,0.327330
0.010497,1.409443,0.429888
-0.010082,1.449580,0.359196
-0.050801,1.532943,0.373101
-0.135083,1.463542,0.296630
-0.079832,1.290215,0.299467
-0.075431,1.177221,0.407107
-0.012141,1.186503,0.375529
0.117517,1.238581,0.341355
0.186319,1.223582,0.354756
0.262818,1.259851,0.342712
0.207639,1.311216,0.281349
0.133685,1.211035,0.257125
0.122242,1.238702,0.242479
0.217027,1.191542,0.210538
0.190287,1.269395,0.141722
0.253945,1.325987,0.128554
0.141000,1.402343,0.014269
-0.050242,1.376978,-0.043406
-0.213281,1.444175,-0.159891
-0.282861,1.434585,-0.209798
-0.387546,1.481225,-0.411276
-0.377687,1.500158,-0.414605
-0.289519,1.422365,-0.249036
-0.382706,1.342022,-0.167646
-0.436379,1.303048,-0.106935
-0.596937,1.247645,0.078858
-0.815481,1.120237,0.248334
-0.784822,0.983356,0.334559
-0.842773,1.009618,0.401777
-0.751685,0.982503,0.465135
-0.766294,0.975795,0.432130
-0.839303,0.913552,0.315348
-0.820391,0.853750,0.228158
-0.809816,0.811762,0.098058
-0.732842,0.836636,0.135458
-0.537791,0.808978,0.124476
-0.478728,0.726458,0.207827
-0.459027,0.737345,0.262782
-0.477347,0.472061,0.276922
-0.427403,0.213937,0.234533
-0.497947,0.285891,0.269242
-0.474073,0.365691,0.276890
-0.507094,0.372061,0.315492
-0.608225,0.489197,0.168447
-0.678648,0.536781,0.162397
-0.663255,0.504371,0.198741
-0.733073,0.332468,0.238320
-0.730571,0.240871,0.294823
-0.735937,0.258576,0.332290
-0.766057,0.195595,0.391617
-0.704072,0.145481,0.466669
-0.687521,0.181164,0.493885
-0.705133,0.126495,0.492701
-0.680067,0.211289,0.704218
-0.604759,0.193402,0.807638
-0.590712,0.210060,0.851023
-0.624394,0.288395,0.871473
-0.622080,0.398539,0.848826
-0.603624,0.549298,0.887731
-0.707361,0.623552,0.512171
-0.738684,0.642426,0.517450
-0.758192,0.659126,0.582450
-0.843633,0.675193,0.402609
-0.973600,0.634438,0.408243
-1.096862,0.615810,0.454759
-1.127598,0.535824,0.487614
-1.176512,0.596133,0.362705
-1.262039,0.624695,0.354157
-1.343620,0.740757,0.326377
-1.293113,0.555102,0.388103
-1.328216,0.540508,0.287689
-1.330820,0.420135,0.205006
-1.307676,0.381457,0.151421
-1.259001,0.353650,0.145221
-1.186276,0.406884,0.152355
-1.158044,0.418738,0.123801
-1.140606,0.374182,0.085820
-1.209511,0.376216,0.105659
-1.220847,0.316911,0.040114
-1.203109,0.264705,0.031329
-1.120970,0.411362,0.094921
-1.150749,0.500737,-0.001859
-1.190485,0.530320,0.073682
-1.217181,0.593499,0.112137
-1.230832,0.644405,0.160053
-1.217777,0.579769,0.137631
-1.307017,0.492625,0.061058
-1.292484,0.474975,-0.016267
-1.282512,0.507066,-0.100351
-1.224383,0.598346,-0.236640
-1.165855,0.541504,-0.275996
-1.153443,0.526060,-0.264393
-1.227383,0.457605,-0.243818
-1.140505,0.645635,-0.292406
-1.167157,0.624181,-0.338209
-1.099535,0.611922,-0.267681
-1.005454,0.440496,-0.131110
-1.003541,0.379471,-0.112855
-1.009288,0.424340,-0.216797
-0.940688,0.445726,-0.117928
-0.909511,0.466051,0.025202
-0.919014,0.430426,0.037459
-0.784931,0.538946,0.049466
-0.822200,0.510093,-0.057779
-0.813577,0.453383,-0.085612
-0.822863,0.465091,-0.021056
-0.891169,0.560185,-0.081411
-0.972826,0.590539,-0.123686
-0.922151,0.560400,-0.047877
-0.886302,0.530731,-0.080829
-0.909470,0.527281,-0.180451
-0.951688,0.583772,-0.166234
-1.001904,0.605136,-0.184389
-1.098284,0.596731,-0.160887
-1.075362,0.570050,-0.176627
-0.985966,0.508919,-0.157645
-0.917229,0.603462,-0.185150
-0.875890,0.605790,-0.171864
-1.066999,0.502794,-0.154296
-1.209008,0.406824,-0.097586
-1.177733,0.463108,-0.043382
-1.179371,0.477511,-0.009009
-1.190454,0.473752,0.006253
-1.144773,0.606596,0.080973
-1.120968,0.612150,0.193518
-1.078686,0.550139,0.227987
-1.114859,0.424236,0.236157
-0.841739,0.557125,0.212687
-0.755219,0.494284,0.234803
-0.698387,0.445074,0.233127
-0.764182,0.397569,0.206989
-0.781111,0.353292,0.157722
-0.630448,0.435371,0.164769
-0.571789,0.453936,0.063729
-0.533803,0.429729,-0.049332
-0.390325,0.417827,0.033680
-0.444533,0.364843,0.101376
-0.387178,0.312135,0.129930
-0.402857,0.340172,0.055055
-0.427020,0.373626,-0.145801
-0.381249,0.393477,-0.052207
-0.376021,0.418637,-0.064274
-0.447976,0.447621,-0.088780
-0.649455,0.378110,-0.089345
-0.752585,0.415411,-0.057224
-0.690883,0.358111,-0.186693
-0.709023,0.299639,-0.218139
-0.803331,0.381492,-0.165350
-0.756537,0.412100,-0.182033
-0.803305,0.600802,-0.208692
-0.833925,0.657190,-0.150014
-0.726024,0.658750,-0.058230
-0.585069,0.584282,-0.093046
-0.574888,0.544783,-0.151031
-0.544626,0.528941,-0.079829
-0.422637,0.479647,-0.023538
-0.464780,0.390046,-0.073592
-0.628501,0.194805,-0.159794
-0.597309,0.166322,-0.166822
-0.666498,0.161388,-0.174180
-0.695023,0.143624,-0.185943
-0.778484,0.156127,-0.303462
-0.801764,0.227548,-0.402402
-0.831950,0.223100,-0.359747
-0.880550,0.347901,-0.517482
-0.871266,0.342575,-0.486932
-0.915524,0.324764,-0.507292
-0.881200,0.232993,-0.416089
-0.947034,0.210628,-0.466971
-0.926520,0.138204,-0.511138
-0.889930,0.167621,-0.579505
-0.873624,0.083498,-0.627442
-0.908858,0.076192,-0.524570
-0.870596,-0.023366,-0.463627
-0.861225,0.006754,-0.351168
-0.910841,-0.051377,-0.298334
-0.825064,-0.043130,-0.302672
-0.683615,-0.083027,-0.263658
-0.620664,-0.113808,-0.185110
-0.766387,-0.056864,-0.089541
-0.927551,0.034925,0.042058
-0.948961,-0.011906,0.083327
-0.943399,-0.034886,0.053737
-0.865925,-0.206973,-0.009569
-0.748343,-0.227549,0.077283
-0.658913,-0.352216,0.105271
-0.733685,-0.471375,0.098805
-0.696094,-0.552908,0.086000
-0.691213,-0.513448,0.044378
-0.599024,-0.455265,0.004919
-0.610300,-0.439121,-0.004599
-0.477744,-0.337208,-0.026393
-0.370924,-0.249007,0.023063
-0.486312,-0.217409,0.036695
-0.552046,-0.313343,-0.086540
-0.592220,-0.287632,-0.099044
-0.638427,-0.290013,-0.010226
-0.669478,-0.420357,-0.043607
-0.744538,-0.625562,-0.092385
-0.798376,-0.684350,-0.113910
-0.951171,-0.877584,-0.083720
-1.033460,-0.842687,-0.108089
-1.041476,-0.752629,-0.189020
-1.104209,-0.718719,-0.162460
-1.125938,-0.859553,-0.137572
-1.170102,-0.786314,-0.138896
-1.081290,-0.860913,-0.236913
-0.938644,-1.002403,-0.342813
-0.903036,-0.957445,-0.388125
-0.902915,-0.975347,-0.363683
-1.047834,-0.944237,-0.215738
-1.017731,-1.000093,-0.306675
-1.041911,-1.118626,-0.346871
-1.011138,-1.059641,-0.408040
-1.061987,-0.985929,-0.378636
-1.108933,-1.097707,-0.069658
-1.107760,-1.118925,-0.036350
-1.082992,-1.035869,-0.039742
-0.976924,-0.866407,-0.049102
-0.873822,-0.906072,0.013752
-0.820274,-0.894304,0.054721
-0.916168,-0.853031,0.156522
-1.019901,-0.849217,0.235091
-0.966741,-0.759521,0.143055
-0.865315,-0.863037,0.106041
-0.845208,-0.938651,0.122780
-0.787323,-1.029430,0.062831
-0.837705,-0.942735,0.235611
-0.840359,-0.941983,0.261409
-0.862915,-0.996748,0.271056
-0.766957,-0.819586,0.235388
-0.748090,-0.897576,0.216703
-0.707027,-0.929545,0.235910
-0.810122,-0.957134,0.233227
-0.840354,-0.943065,0.224424
-0.927624,-0.950470,0.116844
-0.988852,-0.941182,0.144093
-1.062124,-0.914322,0.150758
-1.086848,-0.942029,0.227439
-1.109229,-0.946752,0.218093
-0.911178,-0.759276,0.186534
-1.013511,-0.831780,0.306679
-1.018405,-0.926566,0.393133
-0.998163,-0.898822,0.410931
-1.075292,-0.935575,0.495658
-1.115407,-0.742219,0.402823
-1.098128,-0.857228,0.350839
-1.108269,-0.786319,0.347081
-1.208457,-0.688403,0.353269
-1.187707,-0.716837,0.307662
-1.103602,-0.757209,0.334616
-1.075873,-0.734508,0.322706
-1.013769,-0.654400,0.327125
-0.945080,-0.673828,0.335913
-0.743897,-0.695957,0.360405
-0.751570,-0.658989,0.402520
-0.797195,-0.571823,0.443672
-0.801582,-0.643742,0.422598
-0.761814,-0.726430,0.388414
-0.788178,-0.875062,0.283986
-0.797430,-0.892810,0.282203
-0.743750,-0.879037,0.180573
-0.717896,-0.885634,0.216710
-0.569613,-1.054993,0.293854
-0.581926,-1.097479,0.309988
-0.499461,-1.004218,0.368902
-0.498920,-0.999949,0.361973
-0.507698,-0.868195,0.388511
-0.430019,-0.830886,0.430449
-0.308705,-0.909490,0.374127
-0.344439,-0.916548,0.376488
-0.319104,-0.928707,0.376967
-0.312207,-1.015513,0.375349
-0.165804,-1.085850,0.442605
-0.097327,-1.061326,0.460463
-0.119029,-0.959010,0.442242
-0.150761,-0.882730,0.486263
-0.166962,-0.899372,0.372611
-0.132772,-1.023151,0.377539
-0.146140,-1.104654,0.285506
-0.208545,-1.112143,0.261793
-0.268423,-1.185184,0.183507
-0.061227,-1.154755,0.181913
-0.053096,-1.234702,0.243910
-0.051682,-1.259140,0.219637
-0.035131,-1.213792,0.275845
-0.039121,-1.276221,0.254553
-0.120202,-1.041904,0.273909
-0.153386,-0.974331,0.329184
-0.007792,-1.194034,0.309278
0.055700,-1.126582,0.192009
0.045854,-1.122373,0.071512
0.060709,-1.159083,0.041113
0.100730,-1.312174,0.011969
0.049564,-1.310811,-0.006106
0.091327,-1.535042,0.046332
0.111635,-1.622991,0.057461
0.121232,-1.681702,0.000283
0.087503,-1.620270,-0.026600
0.070926,-1.574480,0.000824
0.161575,-1.662076,-0.114977
0.235248,-1.648985,-0.234252
0.253799,-1.624378,-0.263082
0.103762,-1.666347,-0.115097
0.096974,-1.569126,-0.140574
0.062902,-1.664859,-0.195265
0.217324,-1.605162,-0.248507
0.282439,-1.700006,-0.229688
0.184625,-1.774465,-0.332169
0.248549,-1.807465,-0.288921
0.251337,-1.762116,-0.362868
0.243593,-1.834231,-0.326742
0.256225,-1.924761,-0.272982
0.247802,-2.025835,-0.205606
0.314764,-2.103272,-0.134927
0.314736,-2.080869,-0.097183
0.308815,-2.128779,-0.126661
0.347455,-2.076848,-0.116393
0.175730,-2.163666,-0.202346
0.211912,-2.083079,-0.156014
0.141892,-2.159078,-0.141059
-0.002652,-2.193088,-0.108438
-0.040037,-2.229125,-0.023105
0.067604,-2.170084,0.009729
-0.012142,-2.192950,-0.045899
0.017766,-2.135539,-0.056314
0.117666,-2.289464,0.015155
0.273926,-2.497439,0.070288
0.407033,-2.678253,0.160784
0.450155,-2.781562,0.186774
0.430063,-2.803723,0.133721
0.410244,-2.834748,0.098238
0.213125,-2.783910,0.076393
0.126845,-2.716326,0.012175
0.033807,-2.665966,0.012161
-0.008665,-2.619112,0.011634
-0.001671,-2.613718,-0.074599
0.066468,-2.637990,-0.131067
0.101908,-2.653756,-0.222395
0.147068,-2.690958,-0.216792
0.244272,-2.764424,-0.206365
0.360217,-2.784239,-0.204938
0.312426,-2.879711,-0.019504
0.315648,-2.923017,-0.011635
0.256451,-2.851261,-0.006054
0.268886,-2.825358,0.007630
0.288686,-2.856186,-0.034777
0.166127,-2.776150,-0.049467
0.215246,-2.735130,-0.159540
0.255467,-2.729235,-0.142412
0.202778,-2.734563,0.020606
0.071034,-2.895730,-0.072934
0.086733,-2.969130,-0.025777
0.100075,-2.998471,-0.044256
0.101951,-2.992302,-0.042654
-0.012539,-2.953488,-0.226495
-0.013821,-2.877254,-0.196851
-0.067966,-2.884608,-0.264608
-0.135144,-2.861461,-0.317161
-0.097556,-2.836620,-0.301972
-0.117785,-2.829676,-0.494852
-0.120252,-2.872518,-0.415609
-0.250562,-2.763105,-0.499754
-0.347398,-2.791161,-0.473157
-0.414875,-2.726668,-0.387605
-0.379293,-2.710171,-0.394978
-0.340887,-2.588574,-0.475608
-0.348311,-2.594149,-0.524354
-0.220044,-2.435595,-0.466773
-0.087348,-2.332381,-0.356439
0.066139,-2.234650,-0.483770
0.053136,-2.342358,-0.420662
0.126475,-2.302329,-0.426690
0.255588,-2.295860,-0.402342
0.304166,-2.351696,-0.336834
0.285496,-2.307863,-0.189593
0.189463,-2.322199,-0.123502
0.128820,-2.287742,-0.079559
0.120359,-2.367738,-0.007388
0.135289,-2.427198,0.026984
0.158595,-2.521184,0.213609
0.173222,-2.556815,0.333672
0.208060,-2.410458,0.339396
0.249908,-2.274851,0.201926
0.158820,-2.094212,-0.009011
0.199164,-2.119778,-0.033698
0.271616,-2.295257,-0.052362
0.274824,-2.401311,-0.078158
0.255938,-2.411382,0.056038
0.150636,-2.380498,0.102211
0.088770,-2.391033,0.088292
0.067580,-2.374715,0.010248
0.021752,-2.338946,-0.006627
-0.015841,-2.338814,0.011654
-0.012093,-2.439557,0.072607
0.036563,-2.373793,0.010969
0.178519,-2.223778,-0.053243
0.258008,-2.130301,-0.085365
0.128205,-2.253195,0.031603
0.137001,-2.243192,0.020137
0.139803,-2.221104,-0.000343
0.180706,-2.192838,-0.004951
0.192699,-2.129458,0.016828
0.340985,-2.091854,-0.198563
0.572594,-2.012082,-0.476107
0.665727,-2.037170,-0.537499
0.629560,-2.179523,-0.569554
0.661913,-2.165660,-0.551450
0.585113,-2.144768,-0.519294
0.531453,-2.088430,-0.460440
0.443268,-1.905984,-0.506851
0.552317,-2.158387,-0.398842
0.698174,-2.178289,-0.268723
0.657436,-2.202370,-0.259331
0.689508,-2.189477,-0.207646
0.726622,-2.188449,-0.293303
0.721032,-2.186035,-0.261184
0.718577,-2.263453,-0.189415
0.644416,-2.238837,-0.248714
0.523766,-2.106256,-0.215994
0.489591,-2.022059,-0.229832
0.369361,-2.141160,-0.145162
0.456700,-2.107448,-0.185551
0.581255,-2.079934,-0.302025
0.669277,-2.251571,-0.270904
0.670066,-2.486274,-0.229359
0.603277,-2.470001,-0.223025
0.502456,-2.439263,-0.255462
0.558655,-2.512596,-0.239567
0.541718,-2.534706,-0.248946
0.534763,-2.434184,-0.190414
0.517442,-2.506711,-0.156904
0.471272,-2.586677,-0.243955
0.468227,-2.688777,-0.345001
0.493006,-2.834950,-0.378357
0.477041,-2.895912,-0.369246
0.432095,-2.977294,-0.360114
0.445637,-2.917071,-0.169049
0.453019,-2.854321,-0.130463
0.386604,-2.656356,-0.212009
0.394787,-2.603634,-0.297530
0.455323,-2.608063,-0.368837
0.529070,-2.639597,-0.505513
0.442196,-2.597799,-0.418064
0.369595,-2.589881,-0.445019
0.520311,-2.667520,-0.556719
0.563375,-2.699637,-0.600998
0.512178,-2.688594,-0.536717
0.481902,-2.527261,-0.460754
0.596162,-2.589419,-0.505229
0.479976,-2.483546,-0.508834
0.499463,-2.500448,-0.582918
0.482642,-2.608888,-0.599680
0.496197,-2.593537,-0.619990
0.468138,-2.611303,-0.498633
0.427813,-2.561318,-0.448426
0.459955,-2.563444,-0.387025
0.502036,-2.467534,-0.464484
0.481078,-2.423217,-0.468225
0.591774,-2.354497,-0.603716
0.638219,-2.314003,-0.706921
0.576222,-2.278365,-0.701991
0.576833,-2.345472,-0.660503
0.614022,-2.291676,-0.782139
0.606347,-2.362443,-0.747711
0.704413,-2.224917,-0.781026
0.627224,-2.237110,-0.768949
0.693229,-2.256308,-0.804420
0.733819,-2.261785,-0.742502
0.534805,-2.251895,-0.695502
0.431261,-2.240415,-0.639179
0.443641,-2.209597,-0.476830
0.478716,-2.159128,-0.284111
0.707697,-2.198376,-0.403734
0.717057,-2.137671,-0.471359
0.745363,-2.250270,-0.432460
0.757564,-2.414791,-0.340696
0.754360,-2.353269,-0.415742
0.795352,-2.303757,-0.479524
0.830768,-2.352916,-0.418795
0.876481,-2.447247,-0.267592
0.885219,-2.485112,-0.200772
0.889644,-2.588321,-0.131268
0.877972,-2.638817,-0.120696
0.845419,-2.624786,-0.005183
0.895026,-2.595842,-0.025525
0.933941,-2.636017,-0.102305
0.975348,-2.617263,-0.195828
0.966582,-2.509866,-0.258573
0.926491,-2.527387,-0.176160
0.912407,-2.462111,-0.171652
0.925981,-2.489333,-0.217449
0.873648,-2.535366,-0.243464
1.014051,-2.399724,-0.387754
1.117318,-2.357761,-0.429474
1.035507,-2.339732,-0.341160
0.960948,-2.234135,-0.372462
