1178.637600
1186.856800
1300.438500
1222.093100
1192.074200
1111.175400
1147.471100
1112.550200
1206.135200
1193.855300
1263.826900
1371.549800
1191.827300
1172.930100
1147.721900
1253.623200
1178.300500
1264.362800
1322.928900
1216.581100
1139.118900
1219.664100
1156.860500
1213.287900
1145.322600
1209.841300
1276.086200
1195.372700
1112.926000
1098.324100
1169.566900
1213.559700
1236.489500
1220.954500
1200.808100
1307.680400
1189.560800
1074.043600
1193.758900
1163.639100
1080.261200
1232.566900
1254.030300
1171.425200
1252.752400
1290.112100
1188.208800
1148.770600
1092.201100
1147.093300
1125.982600
1189.022800
1104.499100
1291.801000
1236.457100
1195.086600
1125.251700
1206.250400
1270.193300
1110.175500
1202.079200
1151.250900
1274.972500
1165.899300
1282.540500
1198.342200
1253.047900
1203.641800
1169.704800
1086.828800
1136.479600
1223.748400
1183.041800
1212.318300
1230.824500
1132.835300
1148.634600
1314.413400
1397.880400
1215.428300
1333.565500
1065.108200
1098.070700
1188.739700
1187.570200
1127.875800
1159.667600
1131.202600
1144.372200
1140.266600
1197.120100
1187.391600
1186.577200
1244.729200
1182.597800
1187.148000
1142.970100
1061.433800
1165.594700
1135.733900
1112.125200
1100.335900
1180.207100
1153.230900
1207.804200
1270.157200
1149.937600
1250.254700
1109.245400
1193.016300
1111.326200
1162.973000
1102.295700
1207.975600
1204.803900
1183.211300
1197.322600
1178.138800
1279.928800
1284.987000
1355.723900
1216.492700
1116.035000
1187.723500
1204.002900
1197.764200
1260.046700
1452.787100
1240.591600
1174.058700
1223.245400
1136.868500
1251.653700
1273.369200
1308.935300
1112.231500
1147.430900
1227.428100
1229.832600
1199.796000
1278.110700
1225.069700
1114.668100
1175.101600
1162.034100
1144.330100
1205.505600
1205.283900
1259.761000
1186.385200
1097.547000
1084.067900
1269.484600
1143.777000
1165.975000
1158.576000
1127.830600
1101.691900
1191.179200
1199.675300
1125.558600
1112.032400
1113.147100
1169.510100
1181.706400
1145.834300
1234.961900
1267.345400
1125.482800
1179.628000
1168.754700
1185.808000
1177.414500
1216.334000
1218.912400
1142.434100
1198.785600
1262.376600
1223.909600
1185.432800
1177.736300
1084.802300
1191.693000
1246.481200
1185.930500
1194.315000
1300.903600
1191.991600
1176.847100
1220.785800
1334.025900
1233.143100
1113.782200
1095.489500
1152.457100
1030.595600
1179.023700
1130.140700
1151.033900
1129.734200
1184.354700
1130.835400
1155.667100
1173.502200
1209.047600
1152.360300
1140.950600
1074.590200
1107.816600
1237.452100
1041.461500
1174.399200
1087.782100
1150.251400
1167.993400
1139.798700
1027.102400
1056.887900
1196.733300
1144.201500
1143.184500
1174.971800
1170.822000
1236.096400
1176.744400
1100.308600
1217.810400
1230.620300
1039.077300
1052.181700
1121.080400
1128.628400
1117.401300
1139.085100
1184.263600
1215.790700
1212.833700
1134.984700
1204.398900
1199.271200
1167.950100
1160.416300
1155.028400
1184.110900
1097.528700
1140.305100
1094.275300
1127.193200
1123.928400
1088.532200
1154.538900
1217.332000
1149.710000
1103.173100
1124.358300
1178.245000
1056.525300
1127.039200
1153.132200
1132.799900
1129.911700
1164.132900
1100.447800
1105.613100
1084.976700
1205.454700
988.673600
1069.869100
1113.652000
1120.359600
1056.665300
1141.826000
1102.217800
1097.227800
1154.190700
1098.572500
1185.155000
1076.467300
1110.437400
1113.723600
1103.768300
1201.754000
1126.449900
1204.154100
1172.802900
1138.873500
1119.392300
1124.054600
1213.250100
1188.183700
1212.331400
1124.435600
1155.705300
1117.604300
1129.220800
1091.100700
1151.705200
1244.121900
1166.324500
1178.095000
1284.964800
1123.607800
1095.404600
1069.271700
1177.430600
1104.050600
1079.837900
1155.262400
1115.976700
1164.362100
1117.904600
1066.902500
1081.413300
1098.489800
1102.633800
1094.521500
1125.183400
1051.730900
1057.222700
1178.094000
1102.588200
1096.855700
1092.759600
1114.506800
1145.766900
1125.384100
1079.218300
1026.998700
1179.692000
1148.002100
1121.867700
1058.869500
1088.417400
1095.450400
1130.574500
1165.098900
1086.580000
1156.242600
1183.715100
1056.754400
1184.207800
1025.365400
1178.972600
1184.175700
1176.780000
1208.499100
1177.295900
1033.906100
1030.398700
1067.229600
1189.827200
1048.305300
1062.659600
1277.778000
1164.504400
1293.915400
1157.471200
1025.566600
1054.426800
970.205700
1091.129800
1141.824900
1105.060500
1114.288100
1186.751200
1272.218100
1252.865100
1155.811900
1162.975000
1172.277300
1351.356000
1063.968100
1213.126400
1340.295000
1175.296100
1187.008300
1168.599300
1380.781000
1383.368700
1344.791000
1339.740700
999.172900
1083.397200
1161.352700
1137.471000
1124.516400
1079.232800
1159.249400
1291.877500
987.000100
1092.333800
1111.151600
1145.209900
1156.715400
1012.767200
1173.932400
1254.248100
1092.252800
976.010200
1179.142500
1328.479200
1158.199700
1404.719800
1303.553500
1150.136600
1356.134000
1378.070100
1203.704500
1260.951400
1141.255200
1093.244700
1040.567100
1117.434300
1025.937200
1036.066900
1151.030400
1198.509600
1072.584400
1029.361500
1143.601500
1135.927600
1069.615700
1177.191800
1080.461300
1140.158000
1100.636400
1196.808300
1356.939500
1160.014100
1072.924200
1129.267600
1120.392100
1180.712800
1016.627200
1036.213900
991.197300
1200.834800
1215.018400
1123.251700
1118.075500
1014.878000
1241.701300
1209.766600
1221.146100
1109.936400
1215.251700
1126.350600
1046.578200
988.505100
956.826000
1145.148400
1466.553400
1329.065100
1172.202500
1115.900300
1207.122400
1181.420500
1199.758100
1101.450300
1070.531500
1117.496500
1314.231300
1201.159600
1055.631100
1155.590400
1184.527300
1015.084600
1147.997100
1156.433600
1120.453500
1167.998000
1050.088500
1127.520000
916.125600
1082.893500
1107.018100
1068.706500
1006.525400
1069.089700
1111.562900
1015.627400
1033.030300
1028.267100
1185.059300
1035.375500
1175.932500
1047.991900
1161.504600
1064.911900
1165.577600
1057.007800
1030.991800
1015.018700
1019.387500
1198.927100
981.065400
1220.648200
1025.846700
1053.695300
1114.928000
