0.040466,1.482794,0.500566
0.131003,1.479934,0.499815
0.236992,1.555445,0.441297
0.261847,1.447372,0.425574
0.213393,1.440445,0.395784
0.171922,1.451530,0.348760
0.152377,1.424734,0.335561
0.138757,1.341802,0.290454
0.099736,1.426117,0.263245
0.033560,1.596906,0.109399
0.046358,1.536068,0.046463
0.022681,1.440267,-0.010053
0.057355,1.347843,-0.082225
0.110960,1.351954,-0.068170
0.132303,1.378869,-0.107304
0.112041,1.443769,-0.079614
0.076007,1.477445,-0.079409
0.103057,1.443418,-0.045585
0.193356,1.375786,0.045766
0.224121,1.348874,-0.006609
0.250018,1.289158,-0.032280
0.266407,1.358822,-0.016240
0.284081,1.337936,-0.067831
0.385374,1.081975,-0.216110
0.410713,1.152471,-0.211360
0.467516,1.085272,-0.311864
0.506668,0.971747,-0.419408
0.551415,0.923315,-0.546401
0.567613,0.855517,-0.520192
0.487373,0.874437,-0.479129
0.413973,1.013894,-0.319333
0.395681,1.078110,-0.291669
0.510537,1.151394,-0.315636
0.539805,1.074586,-0.375360
0.566365,1.058866,-0.346595
0.511853,1.104131,-0.421684
0.423306,1.067351,-0.483147
0.422897,1.088152,-0.446354
0.445212,1.076340,-0.453817
0.431412,1.102019,-0.513755
0.284850,1.049603,-0.522290
0.253209,0.991535,-0.503150
0.335241,0.984381,-0.423869
0.346632,1.004671,-0.432903
0.384876,1.043420,-0.489987
0.343863,0.992317,-0.433370
0.316820,1.075824,-0.468077
0.300908,1.127014,-0.469827
0.265395,1.124224,-0.485753
0.223209,1.131775,-0.494351
0.258569,1.093593,-0.512200
0.221658,1.201910,-0.468423
0.130026,1.298636,-0.479922
0.126481,1.291239,-0.457875
0.108072,1.354202,-0.455385
0.084866,1.352169,-0.507823
0.021561,1.358816,-0.463938
0.013467,1.323740,-0.382700
0.065082,1.411527,-0.491919
0.072446,1.360830,-0.525286
0.118617,1.551486,-0.536715
0.147662,1.587580,-0.542852
0.151679,1.583501,-0.532908
0.101800,1.644290,-0.547300
0.133599,1.657446,-0.583394
0.023029,1.596319,-0.520877
-0.053745,1.611498,-0.448140
-0.086794,1.661414,-0.441330
-0.084743,1.743255,-0.380531
-0.051763,1.740974,-0.432922
-0.043594,1.769832,-0.458293
-0.038947,1.795598,-0.498914
-0.054422,1.857152,-0.526348
-0.082530,1.879657,-0.472465
-0.039289,1.885322,-0.431614
-0.029174,1.871276,-0.531957
0.069609,1.888704,-0.468018
0.007399,1.987992,-0.381905
-0.008495,2.058651,-0.375664
-0.051793,2.116050,-0.374933
0.029583,2.156478,-0.259434
0.084706,2.066915,-0.298157
-0.046216,2.003666,-0.303647
-0.050481,2.111567,-0.480312
-0.024283,2.061898,-0.401966
0.005143,1.996182,-0.305670
-0.006137,1.866680,-0.239029
-0.048581,1.781135,-0.101133
-0.011203,1.752695,-0.108319
0.079641,1.752761,-0.129590
0.135387,1.749621,-0.104165
0.141359,1.743959,-0.006898
0.156116,1.710044,0.124490
0.133093,1.729847,0.155149
0.072973,1.740992,0.121290
0.013039,1.669477,0.184388
0.105785,1.803895,-0.263357
0.159982,1.818103,-0.336767
0.219027,1.791410,-0.474508
0.279869,1.789631,-0.715676
0.335844,1.789784,-0.779921
0.430014,1.768051,-0.791717
0.485853,1.731056,-0.798343
0.499090,1.726464,-0.830212
0.532763,1.687425,-0.892363
0.482435,1.760615,-0.888977
0.454534,1.863684,-0.918692
0.499288,1.956022,-1.033283
0.526447,1.899668,-1.073408
0.581786,1.761368,-0.999689
0.765793,1.940919,-1.158578
0.845116,2.012395,-1.290412
0.857102,1.990367,-1.189052
0.882929,1.979634,-1.098694
0.878781,2.073360,-1.071570
0.805475,2.157593,-1.099587
0.671949,2.091251,-1.137239
0.643088,2.081830,-1.181940
0.712606,2.004296,-1.168191
0.680225,2.056024,-1.112961
0.742317,2.050551,-1.090338
0.720126,2.006640,-1.160734
0.570676,1.975547,-1.058278
0.525380,2.014673,-0.979048
0.584327,1.970901,-1.012966
0.606090,1.942650,-1.013039
0.554868,2.028500,-1.042315
0.571683,2.100266,-1.039503
0.639593,2.205564,-1.051522
0.763692,2.276055,-1.110735
0.857764,2.217108,-1.037619
0.816007,2.291151,-1.168919
0.809114,2.322665,-1.154434
0.742453,2.432705,-1.210409
0.720536,2.399050,-1.261922
0.784834,2.377969,-1.258119
0.760921,2.326649,-1.240520
0.731144,2.355823,-1.205178
0.633883,2.506658,-1.212209
0.640308,2.541319,-1.258321
0.647585,2.533533,-1.262638
0.771568,2.472351,-1.080348
0.790837,2.480300,-1.051653
0.784570,2.622211,-1.068196
0.801799,2.517251,-1.032330
0.800530,2.448199,-0.924346
0.818410,2.438160,-0.825890
0.835814,2.358990,-0.768172
0.879903,2.391121,-0.710139
0.856149,2.443932,-0.704520
0.852177,2.368891,-0.839321
0.822300,2.334716,-0.789976
0.815944,2.392060,-0.771761
0.849780,2.439733,-0.788690
0.903112,2.450543,-0.678675
0.934744,2.449513,-0.628501
0.954763,2.449045,-0.552080
0.919129,2.309191,-0.527261
0.854613,2.221689,-0.545688
0.900137,2.301492,-0.477322
0.787667,2.220173,-0.365000
0.812351,2.237122,-0.393839
0.944153,2.170247,-0.386812
0.953869,2.144545,-0.383129
0.895941,2.123349,-0.394485
0.924388,2.078552,-0.388819
0.927449,1.979463,-0.328549
0.743122,1.950471,-0.547397
0.651550,1.928661,-0.599285
0.785785,1.976734,-0.681887
0.871239,2.012196,-0.698243
0.856310,2.085205,-0.740796
0.815967,2.047421,-0.710052
0.728276,2.031340,-0.669416
0.858771,1.957759,-0.634572
0.824362,1.981516,-0.640345
0.844458,1.919105,-0.682334
0.836923,2.025231,-0.781756
0.765967,2.031579,-0.808791
0.728171,2.021162,-0.869261
0.733336,2.013201,-0.893619
0.793575,1.925855,-1.014963
0.780161,1.793140,-1.120290
0.793781,1.813452,-1.096963
0.790943,1.858036,-1.116834
0.751643,1.918533,-1.130696
0.764581,1.852739,-1.101739
0.806340,1.766696,-1.121309
0.804233,1.678367,-1.157848
0.827678,1.743569,-1.138016
0.898917,1.685108,-1.028692
0.939612,1.619579,-1.067839
1.060778,1.588120,-1.184022
1.014078,1.776131,-1.134098
0.932054,1.760517,-1.243104
0.777228,1.887494,-1.276213
0.745590,1.809075,-1.299534
0.787519,1.776267,-1.344923
0.799202,1.823779,-1.396139
0.789064,1.949776,-1.390174
0.849169,2.031398,-1.416765
0.844996,2.064583,-1.413996
0.862522,2.147093,-1.378156
0.609808,1.969735,-1.222890
0.671396,2.134410,-1.126670
0.808476,2.301418,-1.012348
0.894570,2.275799,-1.065906
1.010465,2.160500,-1.120783
1.112948,2.128974,-1.114763
1.170657,2.036570,-1.186939
1.152950,2.008742,-1.209454
1.156857,2.049886,-1.205422
1.211142,2.094646,-1.218274
1.180085,2.101113,-1.178160
1.185566,2.165977,-1.218853
1.142335,2.173162,-1.213304
1.162726,2.189394,-1.189661
1.177458,2.166100,-1.167570
1.235419,2.230755,-1.144111
1.354882,2.218840,-1.228325
1.483084,2.316684,-1.354290
1.472902,2.143594,-1.162556
1.503070,2.176218,-1.224529
1.482051,2.061184,-1.126719
1.450809,2.027690,-1.032910
1.405076,2.043349,-1.029751
1.420990,2.041375,-1.069504
1.393450,2.054124,-1.027622
1.351119,2.078744,-1.035044
1.463694,2.126335,-1.085427
1.307200,2.045375,-1.012576
1.263731,2.104693,-0.946135
1.192187,2.008663,-0.996429
1.148155,2.031305,-0.881757
1.230626,1.992228,-0.996618
1.201156,2.037014,-1.066000
1.308493,1.850144,-1.045973
1.430826,1.796835,-1.038197
1.500042,1.772038,-1.034007
1.500083,1.721221,-1.120532
1.593514,1.859844,-1.118327
1.501199,1.836365,-1.084355
1.704981,1.585690,-0.908302
1.667781,1.538645,-0.980809
1.716477,1.491143,-0.837497
1.859482,1.482479,-0.681782
1.858066,1.585847,-0.672404
1.910638,1.513742,-0.599569
1.825229,1.508055,-0.536625
1.826728,1.518650,-0.514368
1.847130,1.460134,-0.648987
1.890600,1.420357,-0.643346
2.034629,1.298948,-0.678546
1.763894,1.605640,-0.602478
1.761530,1.665411,-0.587587
1.707463,1.554479,-0.524549
1.781109,1.768412,-0.577890
1.894951,1.708888,-0.518258
1.836096,1.657766,-0.464004
1.840000,1.659392,-0.480441
1.641069,1.636557,-0.487592
1.612319,1.613271,-0.581867
1.635581,1.587525,-0.550949
1.680456,1.600091,-0.506903
1.629014,1.582145,-0.590559
1.771205,1.532907,-0.384209
1.836266,1.509808,-0.355754
1.906676,1.595492,-0.471774
1.897025,1.595841,-0.512117
1.852265,1.478372,-0.581713
1.952865,1.456382,-0.595093
2.222710,1.597114,-0.424515
2.326017,1.667655,-0.436260
2.386670,1.670412,-0.448182
2.457438,1.722013,-0.446865
2.434114,1.766329,-0.478146
2.408563,1.690205,-0.622107
2.404694,1.719097,-0.617725
2.417154,1.723214,-0.569373
2.514710,1.776092,-0.553578
2.542757,1.739615,-0.541064
2.510672,1.773339,-0.544564
2.443957,1.865077,-0.520128
2.484174,1.835599,-0.511092
2.426084,1.942887,-0.512360
2.445050,1.896906,-0.512886
2.425834,1.916800,-0.443805
2.377480,1.964118,-0.508111
2.309585,1.967944,-0.211879
2.263445,1.962410,-0.203354
2.250458,1.929416,-0.328328
2.252697,2.035123,-0.361578
2.267285,2.022520,-0.502220
2.278955,2.045583,-0.539384
2.283053,2.068537,-0.559855
2.293603,2.143627,-0.489608
2.219681,2.117944,-0.511386
2.172440,2.077560,-0.497630
2.143339,2.136538,-0.473894
2.201659,2.134094,-0.523708
2.216102,2.090780,-0.439610
2.294721,2.177246,-0.488520
2.123950,2.155257,-0.475833
2.042019,2.140117,-0.505866
1.978222,2.175497,-0.561294
2.032423,2.012915,-0.544070
2.103090,2.011666,-0.551896
2.088799,2.021463,-0.546546
2.030693,2.078277,-0.529016
1.996759,1.940155,-0.566844
1.893088,2.072117,-0.505523
2.038682,1.838754,-0.560314
1.977717,1.796860,-0.564640
1.958728,1.726056,-0.661675
1.989335,1.672183,-0.644486
2.042035,1.685069,-0.608749
1.957792,1.743678,-0.609704
1.963270,1.841058,-0.538319
2.012442,1.868009,-0.567619
1.944422,1.870626,-0.594847
1.959108,1.803999,-0.628758
1.942633,1.809142,-0.608325
1.998323,1.889503,-0.582062
1.948833,1.770658,-0.563221
1.950760,1.703589,-0.590236
1.925393,1.628968,-0.661613
1.857395,1.631289,-0.630803
1.861899,1.633637,-0.620583
1.868268,1.703312,-0.589340
1.831501,1.745737,-0.669258
1.794422,1.752472,-0.721327
1.748237,1.743414,-0.741829
1.760552,1.783576,-0.731749
1.670597,1.778184,-0.822072
1.615982,1.758536,-0.902708
1.567758,1.732050,-0.863466
1.565114,1.677231,-0.771846
1.579192,1.646924,-0.725950
1.620806,1.468880,-0.929749
1.700773,1.521423,-0.895661
1.695199,1.480211,-0.906617
1.665239,1.423855,-0.938860
1.580951,1.320391,-0.996726
1.574824,1.338296,-0.995499
1.743755,1.256889,-0.970042
1.769795,1.296077,-0.989458
1.832141,1.277001,-1.029312
1.841037,1.359650,-1.029266
1.825373,1.374780,-1.108048
1.786592,1.348957,-1.092069
1.782727,1.316586,-1.084970
1.772417,1.331995,-1.018579
1.801607,1.383519,-1.140049
1.783616,1.427334,-1.182250
1.848948,1.342398,-1.145920
1.755058,1.160364,-1.073691
1.723007,1.155727,-1.060413
1.699485,1.180168,-1.037596
1.738171,1.210278,-1.136507
1.751068,1.233928,-1.164140
1.771587,1.238201,-1.198385
1.778017,1.231766,-1.205823
1.732153,1.165969,-1.165032
1.587211,1.109175,-1.168504
1.583651,1.101022,-1.139241
1.590054,1.069771,-1.215912
1.617083,1.005896,-1.152269
1.654742,1.039572,-1.278567
1.732181,1.052407,-1.232470
1.697530,0.978809,-1.399745
1.655382,0.869575,-1.554104
1.701692,0.884094,-1.578108
1.735670,0.858600,-1.521164
1.869087,0.861508,-1.390169
2.045512,0.791418,-1.293194
2.031096,0.663499,-1.266940
2.066929,0.568559,-1.148517
2.129822,0.470372,-1.157672
2.183391,0.364509,-1.213059
2.173662,0.373945,-1.241603
2.196218,0.429785,-1.242300
2.168773,0.551426,-1.233853
2.146748,0.649500,-1.181616
2.198011,0.642519,-1.213954
2.243446,0.588442,-1.237831
2.291315,0.492197,-1.276531
2.260136,0.509985,-1.304383
2.250810,0.463437,-1.270504
2.230522,0.497646,-1.268717
1.929972,0.392882,-1.314564
1.806913,0.277310,-1.384351
1.785569,0.310572,-1.408274
1.614150,0.338524,-1.552068
1.572687,0.297369,-1.610961
1.629256,0.285568,-1.604419
1.553410,0.241313,-1.574349
1.569981,0.209258,-1.556667
1.514124,0.202811,-1.407998
1.536582,0.227967,-1.390287
1.656204,0.294366,-1.422476
1.814487,0.417084,-1.571400
1.871327,0.411794,-1.685716
1.890145,0.335275,-1.695949
1.916470,0.404758,-1.705872
1.884492,0.340586,-1.475652
1.882679,0.328555,-1.501254
1.853241,0.220518,-1.353487
1.800791,0.234554,-1.305554
1.729777,0.323863,-1.294029
1.721508,0.304004,-1.310087
1.709748,0.123773,-1.369974
1.688242,0.117512,-1.441859
1.661041,0.202816,-1.489125
1.606926,0.211626,-1.446092
1.611110,0.209684,-1.514510
1.645443,0.215767,-1.434568
1.616922,0.231447,-1.331857
1.595818,0.077253,-1.354475
1.559338,0.050194,-1.374488
1.638880,0.189990,-1.388781
1.681383,0.284183,-1.420546
1.738664,0.295076,-1.396801
1.779665,0.373026,-1.299981
1.718134,0.363749,-1.303301
1.763394,0.509935,-1.234848
1.810787,0.474461,-1.204795
1.766942,0.528328,-1.255616
1.816450,0.388793,-1.248507
1.826366,0.419588,-1.313391
2.063692,0.670346,-1.279209
2.142670,0.725895,-1.287187
2.292937,0.674998,-1.320728
2.472033,0.504947,-1.442100
2.507953,0.499363,-1.429000
2.488689,0.522205,-1.437997
2.482883,0.497340,-1.447981
2.545493,0.551480,-1.335007
2.641659,0.361864,-1.366565
2.590523,0.208607,-1.288737
2.510018,0.117593,-1.348325
2.361561,0.147948,-1.284400
2.439092,0.097968,-1.325715
2.550719,0.071754,-1.320974
2.687528,-0.061081,-1.202941
2.682684,-0.105995,-1.205299
2.663252,-0.132209,-1.262879
2.800480,-0.196778,-1.361407
2.730388,-0.152015,-1.407749
2.588103,-0.093919,-1.416823
2.580538,-0.146543,-1.425081
2.570856,-0.060780,-1.486448
2.515231,0.022945,-1.402596
2.502519,0.019938,-1.346347
2.517804,0.051970,-1.325659
2.514208,0.072149,-1.271312
2.573767,0.091357,-1.233989
2.563011,0.008605,-1.226359
2.523747,-0.038859,-1.247893
2.446401,-0.092062,-1.187506
2.345973,-0.191273,-1.051382
2.353775,-0.226605,-1.061927
2.412025,-0.246320,-1.079003
2.502145,-0.202079,-1.026330
2.534570,-0.223442,-1.017966
2.593177,-0.208350,-0.988042
2.588061,-0.280312,-0.886395
2.534302,-0.094818,-0.837972
2.429054,0.025345,-0.804678
2.440918,0.025601,-0.759576
2.468618,0.164079,-0.499419
2.524354,0.243205,-0.387393
2.511953,0.325424,-0.384035
2.487331,0.349213,-0.387282
2.523331,0.251527,-0.443407
2.513490,0.196963,-0.588346
2.466078,0.218175,-0.650760
2.452941,0.265773,-0.626594
2.390222,0.262629,-0.607604
2.336686,0.197606,-0.666002
2.424353,0.220516,-0.698848
2.431251,0.213903,-0.635742
2.417860,0.238773,-0.593945
2.394875,0.226132,-0.561878
2.460635,0.139075,-0.675732
2.425956,0.173894,-0.540831
2.449990,0.365110,-0.655831
2.399613,0.385474,-0.629503
2.426484,0.333598,-0.656707
2.405065,0.250006,-0.684741
2.480070,0.276821,-0.742618
2.419970,0.280719,-0.686968
2.331432,0.216165,-0.709226
2.145631,0.161099,-0.702960
1.952270,0.212828,-0.674517
2.005314,0.226091,-0.649454
2.091413,0.237639,-0.676395
2.076575,0.180045,-0.756556
2.041406,0.232848,-0.641486
2.187675,0.186382,-0.669052
2.231411,0.157930,-0.636937
