432.683600
470.524600
454.241400
500.149300
462.307800
463.976300
460.020500
444.882400
494.498100
472.860700
502.487700
467.914600
431.462400
451.841700
469.888500
470.036600
479.745200
490.249800
489.219700
463.196200
462.624500
461.674600
458.788400
465.612300
493.189700
490.176900
496.414000
498.810300
496.613500
498.177000
498.564500
510.846000
452.563500
478.750700
516.148800
516.880500
523.691100
504.205400
507.045000
514.252800
501.288900
488.232900
492.332700
481.116800
519.579500
504.947000
475.864900
468.922000
494.618400
510.607300
472.490300
486.287700
462.662000
468.551800
464.166700
453.155500
471.550800
487.048900
480.624300
468.535000
457.049800
479.123600
487.397700
485.282700
488.433000
467.674600
503.248100
455.585200
501.086900
497.639600
466.424500
465.472000
515.902300
491.039800
472.319500
448.927300
484.200800
506.307200
498.602900
481.457600
483.654400
488.013900
500.677600
440.003600
506.337700
490.531300
462.103100
451.527900
456.090700
417.063700
461.238300
459.652200
472.932500
460.315600
465.946300
490.804000
483.013900
449.840600
466.775100
476.651600
467.434300
492.847400
497.815100
466.089000
478.297800
522.187100
524.729000
484.364900
476.583000
487.044600
505.459400
485.207400
485.873600
505.810100
488.585200
507.060800
473.744600
501.592600
486.520800
466.386800
466.220500
487.045500
496.669900
501.339700
448.329200
481.976200
496.960600
495.073400
509.469000
464.138600
518.928000
507.989200
506.431000
496.960300
502.086900
505.226100
494.014500
466.355300
498.552400
482.013900
497.097600
493.835000
495.370200
478.579700
470.045100
468.115500
485.166300
511.481600
493.770700
467.367000
487.820000
443.399900
466.627900
492.593800
443.634300
497.072300
520.868300
480.748300
446.890000
461.746400
455.839000
499.986300
469.522800
471.804900
458.363200
482.212400
397.766400
451.019500
460.231700
448.111900
462.737200
518.410700
476.388300
472.269900
468.718900
474.250000
433.757900
467.861500
496.839800
477.486300
449.673100
471.264600
502.412900
493.761500
498.562700
479.215100
474.247100
469.675800
511.054200
507.175100
489.730800
453.886600
502.855200
495.698800
465.100600
456.887500
457.801100
479.921900
451.460700
490.414500
494.799900
470.169400
512.408300
509.319700
489.791100
485.680300
456.050400
485.861000
467.181800
443.816800
466.986700
451.292200
460.499300
492.895100
491.770800
479.459900
474.764800
499.617600
482.466000
462.341400
477.816100
473.832400
460.135400
507.861000
506.237100
472.914100
500.069700
444.279200
507.524800
476.232200
463.349800
479.410700
465.547800
479.902500
450.282000
452.707300
439.213600
496.455300
496.886000
467.933400
485.361900
490.394600
473.560500
515.451900
452.373800
463.394600
484.602300
470.153300
426.909000
472.117900
472.312000
483.074200
472.028600
439.004600
461.559700
471.947100
471.515700
451.709900
457.102600
463.399100
460.381200
475.576400
455.072800
475.469200
478.247700
425.814500
443.134200
494.377800
440.745900
485.126900
469.846700
477.111400
388.424600
453.567800
472.283600
513.788700
507.881100
516.197200
463.422500
417.460900
461.257900
476.163700
464.825800
489.842200
476.906800
471.588100
494.176400
461.151300
454.818700
470.582300
441.423300
449.930000
467.021200
453.440700
511.429000
510.687300
483.926800
466.187000
493.960600
480.988400
471.975100
461.913900
475.713700
477.213700
442.996100
436.602300
448.792900
456.579200
472.854500
496.394300
504.320500
489.176300
468.319300
515.269700
516.506100
452.955100
463.879500
439.820200
479.993600
381.479800
479.008000
517.542400
478.649800
444.614800
498.686600
504.343400
416.253800
456.707400
465.460300
594.837800
512.440100
484.756300
489.534800
451.547400
678.382700
504.329300
485.883000
434.210400
528.617200
458.539000
478.956400
505.576700
506.577300
496.419900
508.984400
478.831900
429.452900
453.581400
514.493300
493.884700
486.130300
423.499500
452.405300
438.378900
459.889700
448.220100
443.706100
454.121300
451.898000
419.687300
434.760000
506.841000
493.505500
451.271100
454.921000
479.984200
495.146400
447.678600
490.310500
444.939800
520.317200
429.900200
475.095000
475.174500
504.518400
482.412600
434.850300
520.299500
462.942000
518.957700
470.227600
536.383900
440.969300
498.463100
491.193100
521.071900
518.235100
523.787300
492.396600
398.125300
479.396300
468.264700
471.654600
450.314900
509.075900
471.613700
498.246100
500.520600
478.080400
400.850500
463.844300
550.808400
506.143800
544.626500
561.633700
531.581800
563.823500
560.391300
515.003800
510.023500
547.957800
595.468500
637.877400
619.198900
575.481100
540.186800
493.622400
517.394300
503.239900
458.893000
471.063400
559.583600
509.696200
456.533400
490.027400
455.270500
521.167200
485.426200
471.734200
454.149600
497.954400
459.376400
473.740500
541.439100
511.037000
603.644100
552.478900
539.319500
508.198000
525.880000
430.229000
465.472500
512.381000
446.921200
495.325400
469.146600
484.182800
448.259100
464.903700
437.542100
474.458800
522.840700
482.937000
477.943000
481.500500
478.157000
521.380000
436.886000
502.202600
475.656100
477.010800
448.177500
426.760000
451.788400
447.254800
471.357000
474.665500
461.553400
426.843600
426.928100
481.852600
459.670000
462.111500
475.081400
412.573900
433.428600
516.267400
501.683600
453.398500
470.146600
482.561600
433.160300
465.595200
434.823200
485.281800
453.201700
432.605900
439.982800
441.259900
445.049100
478.438800
459.848500
387.510600
466.178500
488.361600
469.943400
452.957900
449.596600
508.292400
412.037000
