1452.086100
1528.549900
1497.873600
1642.800600
1536.714100
1542.644100
1547.087300
1477.448600
1595.378600
1587.795100
1629.230400
1574.583600
1457.461600
1492.400900
1844.735900
1805.829500
1686.927200
1675.673800
1609.311700
1541.832100
1675.704500
1554.558600
1623.652300
1601.896900
1675.104300
1604.922600
1648.448800
1633.652300
1629.401900
1631.253100
1615.847200
1642.125100
1553.611800
1592.940000
1664.900000
1659.326500
1716.634800
1629.118800
1651.904000
1654.518700
1655.978900
1594.330800
1632.850900
1564.683600
1681.451300
1641.217600
1541.374500
1516.211400
1606.454600
1645.932600
1524.727800
1537.180100
1531.097500
1513.644500
1527.897800
1511.955300
1550.719500
1644.147100
1567.432600
1532.130700
1479.969900
1498.775200
1547.830200
1551.322100
1571.033700
1514.409500
1676.513400
1507.028800
1674.632100
1610.480000
1569.070000
1540.991400
1703.530600
1618.431400
1579.673000
1514.874300
1624.856000
1711.504700
1697.737200
1626.838000
1629.709400
1659.364200
1730.308600
1566.088200
1640.158900
1665.545400
1576.832100
1548.446800
1544.203300
1453.031800
1531.394500
1584.771000
1628.922500
1616.448700
1632.311400
1729.933000
1656.580000
1547.310000
1568.457600
1588.645400
1560.599000
1666.367900
1614.847400
1491.715800
1610.547000
1703.867000
1715.560100
1600.326100
1600.334500
1548.583900
1599.836800
1555.694800
1598.040300
1681.785400
1609.186300
1625.613900
1575.495300
1633.960200
1646.856800
1527.101800
1545.586900
1586.938200
1685.102900
1656.809400
1521.741500
1576.750700
1636.435100
1626.680800
1663.849200
1552.198600
1666.548400
1696.497900
1685.778600
1617.536000
1659.068500
1658.205700
1614.360900
1561.478200
1676.893900
1614.560400
1651.891000
1634.837600
1710.005400
1594.555300
1527.968800
1531.109300
1664.495900
1746.014100
1619.927400
1560.549400
1643.325800
1525.937300
1545.422400
1687.673300
1495.479900
1709.503000
1747.349700
1619.411400
1519.596700
1547.964300
1536.613200
1737.910500
1641.257200
1622.175300
1571.191200
1588.637500
1376.904300
1570.702000
1545.870000
1566.192400
1591.828200
1723.545900
1609.459500
1591.264700
1562.381600
1557.815700
1478.411900
1596.210100
1664.260800
1638.640600
1525.240800
1576.804600
1611.225700
1592.162100
1663.847700
1581.482600
1588.479700
1526.363000
1660.509200
1684.816300
1626.667100
1545.946400
1650.265900
1611.041800
1556.500600
1501.911100
1532.350100
1591.711400
1445.488500
1614.653400
1637.799400
1550.821900
1634.256200
1646.140400
1617.939600
1638.475200
1575.473900
1725.879600
1866.443500
1767.927900
1692.293100
1546.111000
1722.931200
1691.678600
1624.186900
1662.448600
1753.300100
1730.507500
1640.297000
1571.849400
1618.855300
1573.671700
1543.546200
1730.989300
1644.051000
1574.051200
1692.453900
1534.762100
1729.843200
1615.385800
1567.982400
1546.139700
1578.709600
1611.223600
1521.509100
1534.171200
1456.278900
1708.436000
1651.824300
1556.433800
1626.377200
1668.269600
1611.325400
1800.424200
1509.871400
1601.462700
1650.184600
1592.962100
1461.943300
1619.340500
1609.131500
1607.818500
1596.977600
1516.970700
1552.931800
1606.410000
1622.217900
1560.031200
1558.288900
1570.031600
1631.421100
1578.812600
1528.427200
1560.364700
1656.545300
1405.065300
1524.702400
1664.613000
1511.091000
1640.746500
1614.762400
1607.947700
1303.344400
1590.255400
1529.292200
1594.694300
1646.863600
1731.118800
1558.515300
1402.091500
1558.100900
1560.775900
1576.953600
1664.581500
1551.625200
1648.536600
1657.780500
1543.654400
1536.087900
1572.250800
1539.267300
1537.264600
1703.186900
1648.357600
1873.133000
1814.883800
1690.776400
1603.502600
1763.696100
1840.687200
1643.610000
1661.245700
1826.208000
1640.384800
1530.616000
1499.175500
1511.417700
1547.509200
1584.564600
1629.972500
1585.017700
1636.382300
1601.284000
1684.043500
1579.400600
1524.126900
1573.649400
1493.570200
1641.229400
1336.819000
1655.669500
1550.256700
1666.093900
1526.490600
1662.766600
1705.490500
1388.350000
1562.137600
1612.405100
1619.639800
1757.102700
1591.703400
1612.329400
1474.319100
1565.989600
1900.595300
1639.628300
1539.159800
1597.712800
1560.830200
1632.144600
1624.870400
1732.075000
1660.277700
1719.378400
1611.236200
1447.847900
1597.588500
1684.588900
1683.373000
1504.281200
1425.551000
1492.739100
1489.321000
1526.215500
1500.453900
1518.848000
1521.299700
1498.496500
1431.135900
1435.955200
1680.875100
1645.325500
1590.985000
1557.936000
1596.095600
1643.564400
1480.199100
1629.592800
1520.532800
1656.188400
1464.082000
1583.764400
1651.084400
1731.044000
1621.043600
1405.607600
1710.124400
1591.509400
1711.615300
1580.857200
1758.890700
1441.947700
1671.532700
1675.357400
1739.788800
1734.453300
1714.210000
1625.460700
1292.822300
1605.759500
1566.181500
1602.916600
1524.885100
1707.352600
1588.237400
1689.384500
1718.871400
1592.679400
1327.694600
1518.022500
1547.593300
1626.722000
1712.810200
1766.508600
1598.388600
1567.828600
1692.744400
1637.418100
1683.076300
1643.567300
1626.104300
1771.075100
1576.738000
1712.900300
1719.057800
1558.902900
1630.227500
1584.439600
1494.966900
1537.163800
1701.619600
1643.047400
1451.030900
1529.153800
1414.418900
1739.323200
1612.679800
1586.406600
1474.547800
1597.666600
1639.041500
1661.209900
1668.280700
1688.358700
1607.572200
1598.138400
1731.667300
1738.004900
1768.139700
1476.010400
1581.352200
1715.807800
1604.660500
1897.077200
1735.822700
1674.736700
1523.642400
1599.357700
1485.658000
1623.638600
1749.124000
1638.793900
1581.450000
1626.750300
1631.713300
1745.665200
1447.022600
1720.773300
1616.609100
1585.566100
1540.067800
1475.529600
1515.844300
1502.168600
1632.112700
1598.950400
1583.411900
1492.554000
1487.909100
1666.630500
1625.601300
1653.355400
1555.321100
1409.171200
1517.104800
1725.358200
1706.665600
1572.155200
1635.220900
1670.167800
1525.961600
1638.902500
1565.310900
1656.468500
1624.797600
1527.875300
1551.938200
1527.931800
1573.428700
1673.769800
1606.629800
1350.478600
1630.236300
1696.769800
1572.380100
1594.930300
1552.233400
1742.419600
1434.241400
