484.826400
505.308400
540.335000
556.993100
510.423200
501.886600
490.950300
500.397500
527.752200
538.053400
563.033300
593.099800
514.388100
504.649200
543.026500
508.958400
528.761600
529.267300
526.323500
502.671800
560.905900
514.953300
512.340400
515.286400
606.212600
570.640900
551.026000
546.989600
550.465100
574.233500
552.294100
629.275300
507.060200
549.418200
552.035600
578.582600
588.245300
568.793900
571.829600
569.617700
553.201600
592.031100
548.443100
534.160400
608.482400
605.098600
543.381300
532.600600
563.007100
582.445100
541.321600
523.273800
518.948400
533.416800
528.006800
522.837400
627.005900
571.098800
573.571800
550.649300
528.521600
527.367100
553.655900
543.263700
540.006300
519.329200
563.448100
514.147400
572.852300
554.646000
524.837400
533.452500
589.133800
568.616300
546.409500
517.546600
560.767500
570.259000
581.785700
552.276300
561.144000
562.013700
589.065200
516.772000
554.159700
588.433800
547.912500
529.345900
510.397400
492.423600
518.016800
554.829000
556.727200
563.164700
549.209200
595.241600
576.680300
533.549600
541.615800
551.538400
553.447000
579.475900
520.961300
517.583200
567.123500
580.090900
591.417000
541.550000
559.896100
528.807600
537.130600
524.586100
545.914500
540.820300
534.219200
547.921200
523.298300
560.765100
541.123200
504.851500
512.905700
575.376500
582.932100
766.155200
551.244300
554.053200
556.280600
582.071900
563.308700
535.384400
572.986600
559.655600
589.823200
550.758200
565.784500
560.835400
546.792400
528.473400
618.502400
563.759200
563.746500
538.966500
567.749200
540.233200
529.664300
554.515300
576.806400
620.495800
572.590100
548.859600
549.588900
514.995800
560.290700
614.268900
500.621600
590.242200
624.843200
578.590100
516.888400
529.496700
532.268800
610.262200
557.835000
548.052600
537.634900
648.879100
492.937900
521.567900
540.668900
546.780900
558.267100
608.604700
557.368800
542.720200
532.432500
552.070300
523.328500
548.000100
579.838600
555.237400
852.784400
694.126800
983.130300
1047.522700
871.231400
809.767500
936.183700
618.631800
1043.494100
736.952600
708.662200
647.551100
718.247500
840.707900
589.654300
567.354800
587.058900
596.073700
541.470000
621.523200
641.169600
587.626000
592.517500
933.049200
751.165400
615.993600
643.712800
666.777500
607.710600
603.073900
667.874800
620.152200
654.082200
684.984200
665.148300
813.742000
737.286300
649.324000
745.885200
652.337800
573.937600
598.031300
553.306700
630.541300
640.359700
586.786700
673.862800
603.689400
657.880000
597.747100
607.484000
598.910700
585.274100
598.632600
601.544100
574.735700
534.784500
649.554900
623.314600
573.176500
594.821500
613.998400
604.435600
636.859600
633.132500
603.325900
606.833200
574.881100
536.255900
582.564900
638.275800
660.077700
686.868900
609.240800
615.554700
708.146200
863.399100
737.545600
869.288500
1167.720300
700.116700
658.620000
629.078100
744.346400
612.716700
505.145300
558.572900
638.906800
527.917000
559.262300
612.695000
574.863700
455.700100
520.744600
524.314400
549.272400
588.217800
589.450000
546.470500
507.929800
640.180600
678.696900
555.874400
571.964400
544.569400
539.092400
569.185400
539.090900
565.874400
571.807500
531.190000
509.651100
538.500400
524.983400
608.751300
585.224200
580.977300
583.698700
576.774300
566.241600
538.479000
537.346900
547.217900
552.292500
551.280200
523.649200
564.840100
547.661900
548.314200
559.387500
551.449100
579.508300
550.019400
559.524600
533.729900
512.161600
535.653200
535.852400
553.354900
526.023500
575.831700
523.590100
601.777700
541.928100
581.313700
589.355300
484.321600
569.508300
559.692100
562.318800
618.376500
547.777400
544.512800
509.238400
559.480500
540.584800
539.716200
512.989100
519.282800
509.628100
550.041000
519.868400
625.149800
583.454800
630.469500
591.696300
509.186700
559.956800
648.308200
597.104800
513.135100
479.422400
510.637500
508.464400
517.773000
512.171200
521.501300
509.952000
511.931400
473.585600
494.683300
557.466000
551.585900
515.424600
515.694900
536.072200
548.145600
508.367100
572.350300
500.137600
559.376100
480.849900
540.034500
561.611500
584.334100
566.634000
485.452000
604.916300
535.621100
610.612700
537.764700
601.318200
488.889600
579.955500
582.033200
612.034500
602.659500
584.161500
548.587400
441.746800
541.371700
536.169700
561.790200
559.697000
590.504600
544.889000
579.831400
581.561200
552.802500
443.439600
523.499000
520.391800
563.436000
587.225300
624.630500
547.034000
552.524200
593.753200
580.083200
637.656900
574.015900
567.848700
599.407700
544.172300
598.924900
639.722300
564.115000
550.940800
535.682600
489.838900
498.102300
581.856400
552.670300
481.695400
513.030300
477.434800
637.701900
651.155700
547.622100
571.844900
566.144300
505.330200
548.985800
576.895700
591.544900
568.499900
548.685800
585.057200
559.364300
582.210000
476.362300
521.958600
567.947400
508.109200
559.059000
519.513600
539.173900
512.890500
512.631200
488.847000
524.816400
576.235100
560.642700
522.457000
532.934500
535.491000
584.005700
496.027900
633.810000
542.097300
526.761400
516.407500
481.578900
503.252500
490.755000
534.277300
534.446100
527.479200
478.065100
472.314400
546.426100
526.795400
531.049500
495.243700
448.991100
496.366300
568.677800
549.751100
511.812100
553.776000
538.975700
512.129500
541.088200
502.323400
536.925900
524.659400
490.745700
499.314400
511.167400
504.605600
535.478000
517.554600
445.838600
527.489200
555.439900
539.130300
513.250200
506.150100
594.422500
480.544300
