111.947200
89.238800
82.004600
125.714100
108.207900
140.527000
258.110300
159.137300
180.110100
147.957800
139.976300
147.658400
117.604200
101.199400
133.312300
157.426600
94.095500
91.519600
110.960800
88.364600
85.224500
93.277400
87.828300
85.521900
86.634800
93.400600
98.252200
82.721200
85.357600
87.390000
85.584000
84.031100
87.153400
85.110000
89.148900
90.953200
105.298400
92.795500
96.794900
117.525800
85.692100
89.384200
95.960800
86.195800
103.426000
98.036900
91.622000
91.822300
89.065100
94.467800
85.520800
91.626100
82.460300
91.607200
82.094600
78.543800
84.626500
85.948900
86.527100
98.026500
79.721300
85.334200
82.758400
110.548200
86.577700
81.825400
91.897000
96.610500
110.105500
115.558800
93.482500
82.524000
92.279500
107.795500
85.463500
84.465400
98.535200
97.321500
107.215300
93.385300
93.144000
86.227700
101.135000
84.371000
98.884500
96.635700
96.882400
102.991400
85.554700
84.782100
92.349100
94.853100
91.326200
94.264000
86.853300
99.634700
100.846000
92.553700
96.854300
92.196800
83.759400
87.640000
82.197300
81.701000
86.464900
90.322500
90.619900
86.516400
83.017300
81.817800
86.873600
83.984200
84.804900
88.499800
82.845900
87.188100
78.827700
86.153900
86.018100
77.799600
85.014000
83.608300
91.071900
92.570500
81.456400
84.729000
93.144400
87.818500
85.013300
78.074800
84.302200
91.264600
87.180600
84.047600
88.521200
83.321300
82.263000
79.796400
83.680900
83.000600
86.902500
83.070400
86.884600
82.229500
75.053900
80.711100
85.023700
90.188700
83.537500
80.320500
85.518000
74.713700
77.873200
87.221500
79.618800
90.860700
85.409900
80.855700
76.080400
76.378100
77.638100
86.319000
80.654000
78.903900
83.443700
80.567800
74.579300
82.678600
73.070300
71.973800
88.077200
92.566900
88.185400
89.472300
80.368700
85.894100
77.424800
88.635600
88.063400
87.123700
79.895100
85.624600
85.757400
85.075600
95.438400
113.263100
106.669600
81.238400
92.238200
87.851400
83.999400
80.642600
90.324300
84.112600
86.350500
79.874000
79.102200
82.755800
76.209700
83.457800
89.328900
81.198000
84.120300
88.964800
86.746000
87.855500
88.640500
90.074300
80.499400
76.431900
84.227600
82.087200
85.567200
87.011600
83.172000
83.636200
88.824200
90.663800
83.166400
81.697700
89.931700
82.864600
113.707200
94.136500
88.060100
84.267700
87.357900
81.102000
88.465800
90.424600
84.866600
78.466700
83.385900
84.861500
76.919800
76.293000
71.733300
87.959100
85.411000
76.241600
82.666700
88.946900
79.706000
90.321200
78.355700
80.012600
80.688000
84.792200
73.669100
79.772900
81.780900
85.844400
83.996300
76.604900
80.269400
82.033500
83.068300
83.569900
79.718900
86.076500
86.546200
87.953400
83.305200
82.906300
86.709000
73.414400
81.399000
90.030200
76.720900
88.266200
85.532200
85.256800
72.678400
79.495700
79.133000
80.821900
82.881500
93.707800
77.882500
74.112200
79.653900
83.047300
85.044900
91.457600
81.012000
83.844400
84.016300
82.696700
78.668600
76.434700
81.695500
81.510200
84.303100
79.504300
90.646000
86.631600
84.269400
81.145500
86.151800
77.616200
80.306300
82.429100
79.159200
86.885900
78.079400
73.395600
77.075000
80.960900
81.451000
79.271000
76.578900
82.539900
75.302000
80.959600
81.694900
74.645500
77.304100
79.038000
72.374600
89.782300
85.045900
80.105000
83.319000
78.829500
84.303300
86.354600
71.953200
75.881800
78.275000
78.150800
81.924200
85.590700
79.135100
70.402300
76.349200
85.760800
79.304600
77.106000
75.415100
75.515500
83.019400
78.785000
88.868900
87.908600
95.318200
84.514700
74.826600
78.028700
89.196400
94.520900
88.141700
79.609300
80.953000
74.919800
83.356300
82.806200
79.197300
83.025900
74.726100
83.676800
89.328200
95.379200
91.511800
82.176900
77.413700
81.222300
87.683400
77.957400
86.148000
78.491900
90.417800
72.958400
83.946100
89.890400
91.008900
85.468100
80.481900
91.246400
87.287500
92.657500
81.159800
91.457100
75.602800
90.155200
89.332500
89.081200
85.365000
84.591200
109.232800
67.639300
82.745300
89.031400
83.905900
72.230300
87.827000
81.246600
83.886400
81.780400
77.931200
68.187900
75.165300
77.800100
77.569800
83.293300
87.362600
84.329700
77.248100
85.847000
82.483600
81.133700
81.633400
92.723500
91.319300
82.808400
82.775900
92.639800
76.197700
83.084300
76.449200
76.641200
75.357100
87.579600
80.841000
75.522800
76.821000
74.264500
83.516100
75.904200
76.890100
71.070100
79.015400
75.549900
75.848900
81.235500
79.805700
76.608300
76.624300
84.004300
87.017900
88.467100
70.655400
78.154000
81.693700
79.297000
83.550300
83.675600
82.333200
73.872900
81.475200
77.080700
78.475700
87.109400
86.275000
76.661600
81.773200
80.676400
89.546500
71.539900
102.494600
77.536700
78.993100
81.283200
69.536000
74.210600
75.394500
96.165100
80.104500
84.599700
71.379500
73.106600
88.188500
84.400200
84.607200
77.296100
72.387700
75.682800
85.732200
83.988300
78.440800
89.660100
85.860600
76.420500
83.174400
77.018800
84.494200
77.683300
77.231000
79.330500
79.025500
81.760500
82.225400
77.466300
67.958100
83.973000
89.661000
81.220100
83.980100
77.524200
87.478600
70.627200
