801.178900
762.723100
754.274100
768.901300
769.390300
786.806500
784.629100
811.807800
766.705300
739.643600
737.062700
754.987600
825.258900
788.142700
808.524600
823.681700
752.116000
793.396300
761.273300
825.055200
789.037600
797.080200
838.451400
786.861700
812.116900
842.801900
820.343200
792.714400
763.523700
805.154800
824.805300
820.197200
785.501600
789.218900
760.392700
797.765200
801.405400
805.337400
808.994000
796.539100
794.245400
794.602500
780.944800
766.565400
777.857900
830.550200
828.084400
873.239600
821.402500
836.282300
825.033700
773.520000
787.450300
809.373200
802.158300
795.372000
799.065100
748.938000
836.242000
848.039400
801.199000
757.671300
809.978400
769.407200
782.558900
818.851700
842.061200
816.412400
828.133000
792.310800
822.903200
859.119700
829.759900
858.553600
876.413300
822.200400
852.220500
842.737100
840.926800
763.205000
751.642900
815.187600
832.941800
837.419900
816.217900
823.342900
839.610400
812.370700
823.980400
854.786200
819.435100
812.082100
829.937400
795.117000
853.658900
866.938700
793.768400
796.479100
833.148800
808.033300
810.147300
808.057300
871.788400
848.983300
771.205900
833.214400
823.884600
778.334900
813.266000
884.081800
838.431500
846.110000
812.017300
839.987400
854.593700
862.671200
801.722400
862.478300
782.106500
843.163000
832.083200
806.742800
819.179500
804.756200
838.516100
844.694000
749.899500
798.314000
798.445800
762.087600
848.987800
821.058000
820.100200
802.701200
711.495200
778.309800
816.994900
738.647800
777.219000
802.861000
808.248500
866.017200
783.291900
817.741400
848.113000
789.420800
761.632800
768.858800
801.926700
731.354100
778.530200
858.680500
825.151100
829.469200
783.056100
827.271800
840.092000
852.080900
813.545900
821.804900
811.042000
842.235900
843.652300
790.864400
816.974400
823.089300
804.974700
791.640900
802.745600
878.915500
790.373400
822.720400
854.537600
837.981500
838.992800
801.620100
745.534500
774.309400
837.774500
830.318200
823.599800
779.913500
830.401600
807.082900
829.479900
781.123800
785.942300
839.334400
781.794000
842.551000
736.303800
808.671500
822.481300
786.999600
773.115200
844.995700
829.275000
837.371300
802.709400
801.310100
774.596200
837.803500
737.023800
784.470000
795.908300
753.227000
795.316800
866.675800
874.568100
862.516600
850.833900
823.217700
825.103600
797.070400
862.180400
809.676300
766.168900
801.875800
815.528400
751.238200
774.691600
828.059600
797.335100
800.146600
830.503200
827.088900
787.754900
830.082600
848.038600
850.877700
827.807800
795.236100
777.813600
816.557600
863.439200
759.784500
861.325700
847.432900
770.174300
787.303700
874.040800
810.186300
779.321800
787.465900
840.084900
758.349500
818.281100
807.442400
881.911700
847.905200
768.991100
838.229500
834.221000
816.908200
820.460300
790.078900
823.000000
847.986400
798.338400
823.705700
788.678700
836.794300
833.327900
742.695900
810.188300
867.120000
801.367600
855.104200
802.994300
776.536200
819.267100
813.519000
845.935400
837.109900
831.521000
807.203100
806.159200
818.479100
782.171400
799.888600
776.497400
854.549800
813.726300
816.518600
796.606100
841.329700
872.986600
850.174500
768.066700
813.242600
780.029900
812.735100
777.948000
782.603400
831.731800
844.449800
793.970200
799.073800
835.627200
793.091100
787.181700
818.936400
772.389100
743.910900
792.020600
747.995100
781.471400
768.847100
760.946200
763.351700
760.212700
732.330800
738.171500
769.325300
757.434600
797.603300
883.746000
860.145500
763.814900
783.147500
824.291600
763.788800
801.312500
767.393500
831.910800
844.463200
813.905400
797.102200
825.465800
801.192500
801.000000
764.691100
781.884500
769.659300
813.489300
818.377400
832.068400
859.546400
797.753100
788.734900
786.301100
804.080400
732.130300
733.030600
813.196000
820.097000
807.779700
801.965100
809.216700
793.716200
733.496300
753.038700
742.378400
786.914600
786.782600
745.465700
789.780900
796.572700
807.922400
785.495900
776.715500
778.258100
755.448500
841.102700
809.877600
827.488100
839.750000
794.402300
834.933700
786.725000
815.985400
798.153800
849.535500
783.433600
763.101100
835.980400
764.400300
801.581000
784.411500
799.233100
764.976600
792.331500
760.329300
781.895600
878.925500
824.575500
795.139500
799.945200
757.245800
803.914600
856.435700
770.203300
789.306700
780.561800
768.700700
798.838000
827.567400
821.640000
784.653700
821.654800
767.039600
828.105800
776.052000
780.743200
859.140600
807.324800
833.383100
857.914600
809.388300
730.460600
771.159000
785.315800
751.457600
744.824900
797.855500
764.742800
768.467400
845.827700
781.829400
853.902500
731.885300
828.539700
752.395800
778.895500
818.366700
771.319500
738.324700
767.948700
770.351500
778.863600
756.585500
803.882100
783.585200
852.931300
831.616000
824.508800
798.335300
756.052000
776.375200
793.440200
818.261600
827.858800
845.843700
817.842700
770.694500
809.256000
727.649700
733.249300
781.283400
824.297800
839.254600
805.139100
764.547600
788.934400
795.008300
784.519400
782.103500
815.507200
816.437200
791.356100
746.490100
787.929800
788.052000
790.253000
776.257300
770.363500
785.140500
819.750300
736.640200
811.638400
786.913100
802.808500
859.845700
718.399600
742.662200
707.562300
790.807300
774.110600
840.906500
782.875200
722.626700
793.822100
727.641600
789.696200
804.633700
794.469200
765.420800
732.469500
750.752800
774.886300
721.538000
753.097800
727.934600
706.938300
734.384400
765.621200
769.848000
769.046600
809.169300
840.693300
748.333200
845.173200
799.242400
756.772800
786.949400
801.596700
750.673300
774.361900
852.822900
808.398000
783.603900
775.892500
782.023000
812.586900
783.721600
801.221100
767.330400
839.087700
840.843400
806.522100
752.149100
818.896500
728.132000
770.613400
816.958800
785.066800
762.665400
846.300000
734.778600
800.436400
783.976400
825.674700
796.676300
739.064500
803.422400
784.827300
777.658400
752.689900
772.292700
735.200400
801.534800
800.385300
776.212500
778.920900
799.975500
810.403000
831.096600
764.200300
775.006600
787.286600
792.019200
744.962200
815.093000
761.811600
741.113500
838.995600
826.540300
864.507700
702.013200
750.076700
729.776800
777.210900
824.711300
770.920300
769.080700
740.575500
846.481200
769.774000
818.103700
816.874100
794.985300
760.324900
817.801300
771.626000
797.312300
834.126600
763.024100
731.983700
751.040200
765.340600
726.959300
729.156800
771.962000
793.352400
834.467200
802.914300
829.191500
788.417200
757.810800
730.900400
764.194800
781.919700
778.419800
831.398200
815.035500
763.480100
788.703500
835.431900
748.858600
801.844500
773.684300
733.629400
800.669400
808.372200
785.535600
798.465700
747.170500
755.510000
802.085000
789.537600
746.423700
736.946000
818.292700
772.027600
720.358300
720.994000
772.823100
721.474400
756.309500
729.353900
758.110900
782.925100
769.741400
784.408500
693.260400
775.755800
722.147500
745.796300
775.088600
776.189500
709.228400
727.285000
774.500100
740.248300
788.423500
761.706100
790.715500
807.196000
776.485600
725.148900
791.650900
828.481300
789.597000
767.952500
764.958900
805.960000
795.765700
745.731200
762.828400
774.185100
731.975700
797.993100
716.200800
805.187700
766.841600
740.141700
803.984100
771.724500
756.232500
763.747500
779.622800
768.651200
784.710500
756.694200
768.074900
762.302800
800.718600
753.243500
749.592000
729.425900
808.106000
766.031600
799.323200
727.456600
759.909300
797.654900
754.781300
775.089600
802.786100
790.750900
799.524500
727.371800
790.086500
782.503600
802.651300
796.192100
771.118000
763.048800
731.317500
732.270900
744.644900
745.280600
746.916700
750.994200
786.649400
752.736800
794.657000
797.559600
720.173800
754.719500
741.902600
723.119200
761.567000
774.912800
765.258400
768.003700
770.289100
757.926700
776.439700
753.671800
781.866000
755.422300
766.042400
716.263800
761.391400
815.111600
791.607100
847.402600
730.275700
740.412100
838.625200
785.209900
805.803000
787.445500
789.706100
845.450000
736.587300
775.765100
759.089300
680.532200
782.660200
775.196300
759.541700
753.698800
874.124000
744.228000
738.533400
754.500700
675.472200
710.880900
777.945700
768.003400
781.770900
682.309400
764.803500
719.749400
807.469000
789.596800
768.297000
776.918300
729.697700
750.725200
713.512100
728.857300
723.357500
764.051600
736.918600
733.177000
746.185400
731.261300
730.958900
790.498500
741.148600
790.612300
758.210800
719.588300
775.179500
778.573100
753.835700
721.616400
744.383300
766.729200
737.416600
774.612400
788.607700
725.974000
751.374700
768.092600
746.598300
734.784100
805.540600
723.192800
782.679300
739.233900
788.305900
791.770500
757.054300
732.189300
753.339700
688.473200
732.242700
688.217000
791.136200
720.176800
740.329100
733.410500
714.438000
701.895400
698.924800
806.383900
800.474000
778.994300
781.642700
719.922900
725.733200
669.104700
700.730400
737.211500
810.362600
781.261400
784.503100
705.446200
660.486400
676.692700
633.272900
690.126600
753.965800
774.347100
757.078300
779.026000
765.240100
740.774300
752.286000
735.189000
766.482000
714.633800
800.667400
727.798800
770.318300
775.173200
762.199700
752.492400
744.120600
707.411000
780.164200
773.725800
753.609100
724.365800
704.078500
683.964900
709.762500
837.797500
730.932000
793.176500
821.821800
674.235500
738.377600
747.176600
737.736400
789.663000
716.701000
777.458800
746.318400
731.013200
741.189900
746.656200
804.276400
759.131200
719.271100
750.252300
810.389700
744.439400
732.695400
792.607100
707.061400
710.595200
757.339200
763.895200
746.086000
741.889300
747.459000
813.211800
708.399300
755.320400
794.724000
802.651500
717.259600
777.586600
800.861700
799.321800
819.596700
846.061400
707.452400
748.407800
747.124500
808.453700
815.978600
808.300300
832.829000
762.337500
809.581300
751.310400
826.236400
820.755400
785.020400
828.531300
757.604300
807.928400
741.957500
763.189100
