1185.179200
1197.920700
1196.666100
1222.897600
1215.109900
1283.714900
1244.052200
1294.487500
1322.965100
1155.100100
1156.475900
1210.185100
1250.956300
1195.507200
1153.719100
1213.415400
1191.145500
1267.762900
1281.849700
1240.926700
1243.273800
1242.628500
1298.640900
1239.459600
1290.322000
1228.642300
1261.480200
1199.996400
1166.782900
1155.133600
1193.339700
1178.683800
1216.968500
1226.030700
1262.020800
1283.893700
1262.129000
1194.286900
1167.650600
1342.099700
1158.157700
1224.493200
1276.672300
1186.602700
1212.890900
1277.548200
1197.084500
1218.750700
1329.713000
1209.824500
1281.953400
1158.018400
1254.160200
1177.869800
1191.460500
1202.748900
1285.908900
1266.017800
1272.309700
1282.739600
1215.020500
1249.882900
1203.926500
1208.205800
1257.731600
1249.768900
1254.095800
1246.532000
1220.295800
1177.873900
1172.899800
1172.860400
1207.540100
1153.181000
1155.817600
1144.659200
1225.425600
1262.207200
1252.230300
1248.307700
1250.552600
1218.334700
1316.662100
1194.528500
1250.688700
1111.046200
1254.112400
1234.331100
1296.224100
1271.930500
1300.657700
1257.789100
1184.665700
1451.027300
1316.353000
1163.684800
1224.376500
1306.748900
1325.129200
1255.839900
1352.503300
1329.236800
1350.514800
1324.084900
1263.666500
1244.879600
1251.332600
1133.611900
1325.224300
1337.036300
1249.765200
1306.350900
1267.550700
1272.257000
1250.549900
1161.700100
1216.758400
1328.020900
1263.220400
1240.333800
1233.112800
1329.338000
1262.848900
1283.848000
1161.619000
1227.616200
1229.085100
1292.498300
1242.596000
1490.505900
1260.667900
1382.880300
1274.243100
1253.634200
1204.899100
1252.078900
1164.931200
1306.188000
1335.639100
1252.970400
1218.780100
1175.459000
1259.718300
1332.205500
1296.026000
1200.487500
1283.942800
1234.929200
1253.435700
1192.800800
1395.340500
1261.449900
1214.922200
1218.115700
1312.026400
1288.432800
1202.076500
1306.797200
1255.853600
1311.799300
1320.276400
1313.557500
1311.651300
1204.418500
1289.155300
1321.558000
1181.083600
1208.529600
1131.756400
1292.601700
1210.096300
1237.753200
1422.757200
1408.414600
1515.729100
1461.137900
1498.908100
1525.441700
1328.937100
1458.122500
1368.319400
1300.908200
1383.165800
1418.661900
1351.227700
1451.611800
1370.994700
1392.521100
1284.940400
1212.787900
1197.793500
1233.858700
1318.252100
1131.628800
1154.685300
1280.851100
1168.499300
1166.137400
1189.155100
1185.627200
1286.879700
1173.336100
1210.556200
1058.205400
1087.445900
1279.353000
1232.012600
1107.950900
1073.297600
1322.623700
1126.219100
1028.002200
1169.135100
1121.038800
1293.540900
1156.066800
1101.037200
1224.980700
1180.258700
1196.726000
1173.844000
1139.770200
1109.025400
1182.088200
1239.251600
1058.052300
1127.379800
1171.517300
1224.964900
1128.596200
1174.419200
1141.133300
1125.244500
1104.596800
1127.881700
1099.653900
1184.223100
1196.147600
1150.386800
1130.171300
1223.359600
1206.546700
1208.793300
1215.001300
1169.712000
1091.686900
1108.289400
1161.099700
1183.757100
1152.634600
1132.457300
1229.859600
1155.486700
1173.848100
1142.398500
1301.010000
1117.388100
1120.269400
1032.817400
1055.983400
1084.440000
1066.852400
1172.819500
1073.128600
1129.524400
1160.372100
1090.440300
1039.400200
1111.895900
1151.715000
1060.560400
1031.397200
1148.229400
1082.577300
1135.701800
1051.630200
1058.411900
1016.492100
1203.512700
1104.923300
1130.035500
1109.298700
978.083900
1148.712600
1136.032500
1125.901300
1056.175100
1041.573200
1031.502600
1055.332200
1097.632600
1045.646200
1064.791100
1102.325500
1191.971100
1171.766100
1161.255000
1237.931700
1092.546700
940.811300
1062.948800
1230.767900
1130.801400
1159.589200
1158.282600
1108.286000
1100.279800
1099.038800
1118.393500
1024.387300
1075.785900
1079.841900
1223.081900
1059.989500
1244.003800
898.910500
1070.870300
1115.894000
1135.074500
1132.605000
988.482100
1026.111100
1055.726800
1066.175200
1072.238200
1288.215300
1194.036700
1057.737200
1076.269200
1107.192000
1113.653900
1088.911800
1151.151400
992.184500
1086.421200
1034.410700
1139.018200
1232.516700
1047.617400
1148.504100
1147.807800
1196.292100
1176.474700
1203.403900
1149.822300
1239.436000
1340.917000
1188.233300
1050.054300
1204.712500
1125.630100
1144.097700
1133.933900
1117.523300
1320.856900
1202.259700
1251.337100
1051.518600
1140.482100
1173.763400
1222.398400
1141.692000
1155.550000
1060.790400
1235.440100
1178.648100
1231.104800
1097.756700
1171.743300
1193.452000
1144.406900
1239.722700
1211.891500
1313.794300
1219.606300
1088.004100
1200.930100
1195.270500
1205.515600
1297.492700
1182.006900
1213.082100
1190.939100
1209.194600
1066.597200
1075.949100
1275.415700
1244.105400
1141.696300
1186.771700
1156.688500
1302.008800
1286.046000
1397.803500
1213.095200
1397.853400
1310.674100
1221.032900
1176.336500
1258.839600
1371.101600
1250.406300
1281.052000
1219.227700
1506.910600
1316.607400
1181.596600
1305.583100
1264.396000
1232.013100
1283.758200
1283.626100
1199.756100
1236.810900
1266.144200
1121.067700
1350.360600
1305.274800
1415.984100
1433.560500
1372.550600
1335.413800
1202.154300
1311.899800
1213.068800
1325.137600
1242.124700
1280.448000
1442.666500
1341.064500
1241.007100
1278.651800
1211.346900
1286.613700
1204.431900
1228.341000
1250.615200
1182.886300
1254.516400
1280.633200
1347.242200
1308.893400
1120.530400
1412.792000
1228.122200
1238.179700
1164.340400
1253.751300
1339.936600
1166.436200
1147.263900
1271.715300
1215.116200
1266.074000
1332.042000
1288.007700
1234.907000
1113.715700
1333.086900
1344.167600
1372.900600
1412.875100
1354.841500
1216.173500
1218.312600
1250.590900
1216.325700
1204.185600
1193.631500
1297.920600
1135.080600
1217.151100
1316.044400
1403.252600
1348.034400
1321.113000
1240.824800
1158.983700
1180.364600
1317.683500
1229.296400
1167.209700
1304.956600
1290.374200
1297.026600
1381.603700
1328.579300
1369.743800
1310.180200
1200.817300
1508.547700
1360.313200
1375.685100
1316.325400
1312.560200
1220.778000
1324.030100
1231.374600
1255.714000
1262.170000
1373.064900
1276.667400
1330.493400
1303.928000
1223.962400
1312.094700
1510.988500
1305.948500
1216.739900
1375.017700
1336.034500
1273.602200
1286.877000
1312.300300
1255.680800
1245.123800
1312.509400
1198.536500
1173.875800
1234.365300
1366.735000
1337.625300
1360.797300
1232.013900
1465.602900
1253.858400
1374.166200
1317.900100
1268.282700
1234.431600
1290.752300
1277.317300
1198.156600
1234.984100
1277.765100
1314.605500
1306.192700
1250.012600
1255.528400
1297.224000
1212.415500
1202.943900
1230.460100
1299.837600
1348.935300
1277.102800
1400.489600
1287.141600
1234.891000
1136.410500
1181.137600
1221.766000
1283.760600
1201.426800
1225.699500
1221.806500
1440.905100
1264.625400
1279.306400
1339.303700
1276.776500
1207.249500
1250.042400
1307.796000
1289.483900
1392.254500
1199.321100
1251.819200
1252.787100
1195.224700
1301.412600
1259.323000
1217.095400
1194.668100
1212.979900
1221.567200
1210.149700
1215.059000
1221.662600
1229.895700
1292.770500
1393.809100
1477.224800
1224.277000
1055.196900
1231.922200
1137.199200
1241.230700
1257.003800
1235.949200
1185.505000
1237.058600
1195.691100
1161.644000
1180.624500
1226.557900
1228.271300
1198.879400
1251.492200
1124.659300
