1625.788200
1544.777300
1530.242000
1596.345700
1572.187500
1663.855700
1638.462200
1631.978900
1519.713400
1473.215100
1489.295800
1563.575200
1648.292400
1586.983500
1798.882500
1802.615700
1605.696300
1644.350400
1780.513600
1868.385600
1553.646100
1588.571800
1704.372000
1559.497800
1612.157200
1666.645800
1668.065000
1641.980300
1538.326100
1631.207800
1681.379200
1668.948100
1579.834200
1679.852800
1731.609500
1642.070100
1652.893700
1702.308500
1677.168300
2039.018500
2227.372000
1886.782600
1730.957500
2238.707600
1727.454900
2002.470800
1774.932100
1822.651700
1972.302000
1740.386100
1716.474600
1649.174600
1905.433600
1806.141400
1692.346900
1635.474700
1812.029900
1633.018700
1803.156400
1693.846900
1625.515700
1595.564800
1656.909100
1633.871000
1763.028400
1776.964400
1697.314000
1636.641200
1690.692200
1561.324300
1624.496800
1723.007300
1636.731200
1689.121800
1766.317800
1718.371700
1656.178300
1635.781400
1642.163800
1523.655900
1457.287300
1568.229100
1586.618200
1686.696500
1649.375100
1612.711500
1674.484500
1635.017500
1623.210800
1680.037200
1643.346500
1608.372200
1669.690700
1623.914500
1775.879300
1702.998100
1554.245000
1536.314700
1578.966900
1564.072500
1621.597200
1624.881000
1719.395800
1635.414800
1529.488300
1663.699500
1605.272100
1550.738900
1582.956600
1694.214200
1665.345000
1664.987600
1548.895700
1676.664100
1739.787100
1733.420900
1569.893000
1672.335600
1478.406000
1603.397600
1607.451000
1613.783100
1621.865500
1609.191400
1644.330300
1644.479700
1435.600200
1590.134400
1576.808800
1490.627500
1618.233700
1624.559200
1601.111300
1550.024100
1391.591700
1540.654300
1570.550200
1446.235300
1556.013600
1599.970900
1603.378500
1721.367800
1549.862900
1657.538100
1627.517000
1581.477800
1537.234900
1498.507300
1574.957700
1472.373600
1537.183500
1696.476700
1608.399000
1677.885500
1573.634100
1641.936200
1644.294600
1684.283200
1596.303700
1659.771800
1568.473100
1665.207500
1687.010500
1573.920800
1640.945200
1602.095000
1607.731400
1570.088900
1596.919500
1717.824700
1530.042400
1624.217400
1679.706400
1655.664100
1647.991000
1546.956800
1443.006900
1545.584700
1648.612000
1625.529200
1625.610200
1595.208300
1658.034000
1672.281200
1636.100200
1566.297000
1568.264800
1630.153500
1527.092000
1651.392500
1463.926500
1544.884900
1644.873500
1561.219100
1489.732300
1689.215400
1626.882400
1671.201800
1518.744800
1547.980300
1537.119000
1624.955600
1424.773400
1546.844200
1559.072200
1449.612000
1561.631100
1655.522500
1707.829500
1688.528400
1691.396100
1599.056500
1603.812400
1560.414700
1663.945300
1540.442400
1560.654200
1595.389300
1684.120100
1526.218500
1555.938100
1664.856400
1545.605500
1549.868000
1601.473100
1629.751900
1503.624700
1632.769800
1649.054500
1613.134800
1612.647900
1557.260900
1504.288400
1580.356700
1645.202700
1439.515700
1627.886200
1620.188200
1518.020700
1507.218300
1669.943800
1640.579700
1517.503600
1526.031300
1648.289800
1488.707700
1601.722100
1561.723700
1735.579100
1637.302000
1519.280700
1644.693200
1684.891100
1628.949300
1599.186100
1516.451200
1584.198100
1635.888700
1554.293100
1568.093800
1497.756000
1605.536400
1656.993700
1463.705700
1574.603400
1676.709700
1537.292200
1664.564800
1588.942300
1508.092000
1604.242400
1564.016200
1656.174000
1639.467300
1634.685000
1599.422200
1565.812700
1587.162700
1535.765900
1557.236100
1557.028100
1688.374700
1580.339800
1586.577300
1514.835300
1618.167200
1690.379600
1705.988900
1543.942800
1609.841000
1542.467700
1574.139000
1491.223200
1486.576900
1594.056100
1679.950400
1489.134900
1561.099000
1614.296000
1539.738900
1502.248900
1576.620000
1506.738700
1476.557700
1560.397900
1456.821800
1488.823300
1507.359800
1499.404900
1474.410600
1497.451100
1432.372900
1415.503600
1501.200400
1460.906700
1705.801000
1816.670400
1702.094800
1508.670200
1521.694500
1611.578000
1495.598900
1570.435800
1531.157600
1663.578500
1691.925000
1597.863600
1517.372900
1610.031200
1531.666100
1600.646800
1509.033800
1507.779300
1497.052600
1569.767800
1629.475600
1706.803900
1702.953600
1556.042400
1579.841700
1588.487200
1612.832400
1461.158500
1447.107500
1617.156000
1645.003500
2202.385800
2324.225300
1770.745200
2107.540900
1716.618600
1753.145100
1715.918600
1805.632500
1750.781300
1598.604600
1763.166700
1897.744900
1775.210800
1651.611700
1913.022800
1935.568300
1691.924200
1766.066600
1634.013900
1739.874600
1726.899900
1682.176400
1791.747100
1696.940700
1750.973400
1618.754400
1697.776000
1556.541300
1521.752300
1650.674700
1556.662500
1648.191400
1619.740500
1640.721400
1709.688200
1599.528700
1531.801400
1491.077500
1685.798900
1565.728900
1568.170800
1653.829400
1590.696500
1621.308200
1728.782800
1677.278500
1631.495900
1519.580200
1473.004900
1512.638300
1608.688100
1641.547800
1523.568200
1578.886300
1571.633700
1695.977900
1540.924900
1843.529300
1719.632700
1652.013600
1904.449600
1959.420900
1752.695400
1530.967200
1653.039400
1585.922100
1681.443800
1611.144900
1753.850700
1820.971700
2054.773700
2227.178900
1961.594600
1860.024200
1515.656600
1640.363300
1524.737700
1582.330300
1653.282700
1595.574200
1532.833300
1572.708800
1558.094500
1621.508500
1608.947100
1691.745000
1551.104400
1721.849500
1675.479600
1656.309500
1596.019900
1571.889800
1588.408000
1630.901600
1669.659800
1686.479400
1728.860700
1680.800400
1539.262500
1822.903400
1572.021500
1500.852800
1656.883700
1693.506200
1714.680400
1642.421700
1567.983900
1693.175400
1667.464000
1577.179700
1597.030500
1777.996100
1757.566100
1697.191600
1810.417800
1913.892100
1813.305100
1594.415600
1590.245600
1540.546300
1549.131500
1657.643100
1502.513300
1642.039100
1606.876100
1622.734400
1749.669900
1494.368400
1530.938400
1414.567500
1530.634100
1724.176100
2060.804300
1886.755400
1590.591200
1684.735400
1510.766600
1570.999500
1684.163600
1736.149600
1569.755200
1520.048000
1532.166700
1531.892000
1434.486800
1510.753800
1475.517300
1373.473700
1491.502400
1469.663400
1575.619200
1573.283800
1864.553500
1694.847500
1547.053700
1733.939600
1615.631400
1560.656800
1676.312100
1636.012900
1646.232500
1617.183600
1872.838800
1624.004000
1598.763700
1575.658500
1532.648200
1638.204600
1563.048100
1633.207200
1574.912100
1890.520400
1872.778700
1627.141200
1518.207800
1638.653600
1506.260000
1579.429400
1664.481400
1585.558100
1504.832800
1673.143300
1479.505800
1664.684300
1533.998400
1677.220800
1581.858600
1454.578300
1613.555900
1556.647700
1538.983100
1524.530100
1619.642300
1501.261900
1622.827000
1624.747200
1588.489400
1572.888800
1626.936800
1633.525200
1768.000900
1562.884600
1594.527800
1564.752900
1595.694800
1521.057600
1617.773100
1541.499500
1532.350000
1677.224100
1673.394600
1700.906900
1450.756900
1493.155900
1471.996400
1535.451500
1680.078100
1573.009300
1540.373300
1521.375600
1702.073200
1522.320600
1647.129100
1614.493600
1581.118200
1540.925300
1643.878200
1567.129800
1630.809700
1694.086700
1538.249600
1519.788100
1540.005700
1588.713600
1491.292600
1489.348200
1549.018800
1594.178300
1651.769400
1579.553800
1794.104700
1889.701400
1736.422800
1591.068200
1688.227300
1736.993200
1689.819000
1706.913700
1638.435100
1560.749100
1654.483600
1906.098500
1750.564800
1725.598200
1775.950100
1662.178700
1721.176500
1706.228200
1672.535100
1741.846200
1700.130200
1665.802300
1822.389300
1650.316300
1500.988500
1475.706900
1650.501700
1585.765200
1462.179900
1459.361800
1620.976400
1477.745400
1552.602100
1483.580300
1545.915500
1590.490100
1594.541300
1683.258200
1524.607800
2000.416800
1951.643900
1904.000200
1967.243600
2138.745600
2038.447000
2225.389000
1754.957200
1977.936100
2139.046500
1872.025900
1977.558500
1746.268400
2183.832600
1981.754200
2188.481700
2221.818500
1810.137600
1657.113400
1644.944300
1719.200100
1735.765900
1595.366200
1642.472100
1635.062400
1561.298700
1704.048400
1523.948900
1722.501000
1627.241200
1591.461200
1755.093600
1654.575500
1622.906900
1673.983900
1691.677700
1668.527300
1706.663200
1612.311700
1604.009800
1621.055300
1786.498800
1623.318400
1604.791000
1570.282800
1735.302000
1773.494500
1720.522100
1576.130800
1627.378800
1673.103700
1601.390600
1711.630800
1726.518800
1748.856100
1736.263800
1557.882500
1661.076500
1688.269300
1709.765400
1845.967600
1869.854500
1687.764700
1770.709500
1709.113300
1645.983800
1613.344300
1592.345900
1658.278400
1779.528400
1975.916800
2194.387600
2297.389500
2084.968600
2281.864000
2067.320300
1561.903300
1655.008200
1665.756600
1722.245900
1641.891600
1634.949700
1665.933200
1747.234200
1652.288600
1751.584000
1615.016900
1698.345000
1563.788100
1662.747700
1750.111200
2232.939400
2065.869300
2890.763200
1902.233400
1874.713000
2311.863300
2247.732800
2088.783700
2277.987000
2005.056000
1630.211000
1616.998600
1844.528500
1910.709100
1940.237700
1860.553500
1903.241300
2481.072800
2188.780700
1903.655100
1853.924900
2065.731500
1640.093500
1885.135000
1911.388700
1744.405200
1665.546100
1485.318400
1627.602400
1572.642000
1716.028300
1688.048500
1641.952700
1633.221600
1589.757800
1598.838500
1555.221200
1574.684400
1522.867700
1609.668700
1559.830500
1585.494800
1573.721700
1572.797600
1581.465700
1702.815900
1698.917700
1831.243800
1630.200300
1567.674100
1702.416100
1689.209100
1543.315700
1549.735400
1639.541400
1632.109500
1560.857700
1636.093100
1679.866300
1589.449100
1593.037600
1650.036800
1613.477900
1572.529900
1752.411500
1568.410800
1690.777800
1573.632800
1724.958600
1700.860000
1597.021100
1597.230200
1643.889700
1476.946100
1578.174400
1511.259200
1699.203500
1582.235400
1586.938400
1555.130300
1514.953200
1537.272700
1525.703000
1758.579300
1750.128700
1669.273500
1660.515300
1545.695700
1570.143300
1427.133500
1465.504000
1556.945200
1703.093600
1678.000600
1682.263400
1483.588800
1401.558800
1469.465500
1350.562800
1480.944100
1583.716400
1646.531800
1635.792100
1657.129300
1663.442300
1577.663600
1589.235500
1563.886900
1653.319700
1521.432100
1686.703700
1550.841600
1633.152500
1644.714300
1604.449700
1621.315500
1592.585400
1480.771100
1680.553900
1678.095500
1606.727400
1556.230800
1494.602500
1455.776500
1513.220100
1764.417600
1657.425000
1739.157900
1774.908400
1514.955800
1584.697200
1594.025200
1564.865000
1682.674100
1544.543500
1702.443900
1568.957000
1604.332600
1545.957800
1508.549900
1697.421900
1539.183100
1450.928100
1542.504700
1637.260400
1518.216600
1465.031600
1631.521800
1456.028500
1484.147100
1557.313500
1579.018300
1510.401600
1552.966800
1523.977400
1665.100400
1460.941400
1552.670900
1611.797200
1628.846600
1588.611300
1612.391000
1660.122800
1636.128200
1672.971900
1713.393300
1461.550700
1529.110200
1493.295100
1615.419200
1641.804700
1626.237200
1691.976800
1547.482700
1643.842500
1524.111700
1688.899200
1687.805900
1580.044200
1658.820600
1531.042500
1639.946500
1531.067100
1525.822100
