1869.004300
1755.117600
1711.241000
1570.921500
1601.383800
1830.552900
2093.301200
1676.928300
1864.545800
1799.973400
1977.698400
1945.949400
1840.905900
2014.702000
1787.888800
2206.758300
1875.578600
1958.131600
1801.267700
1706.567700
1812.269900
1802.881700
1786.159400
1754.299400
1580.393600
1892.741300
1849.859400
1885.625000
1870.011800
1716.287900
1780.768700
1829.020100
1769.508300
1819.890100
1796.437400
1898.868600
1666.835000
1965.593000
1787.329800
1884.661200
1928.342700
1752.816900
1645.236100
1690.367200
1644.688900
1656.286500
1681.952700
1747.642000
1701.115100
1750.383400
1879.073600
1730.328900
1689.463600
1732.074300
1665.896100
1746.147200
1717.007000
1765.546900
1905.614300
1781.036200
1676.662300
1629.977700
1682.803700
1552.220900
1755.762500
1709.692500
1729.319800
1585.393600
1724.392000
1526.258100
1722.476700
1918.334800
1952.820000
1693.800600
1834.490800
1633.267400
1734.099600
1887.341900
1557.397900
1484.168500
1551.524600
1506.497400
1661.307700
1545.383200
1561.606600
1655.569500
1536.457800
1749.977900
1737.181800
1498.818500
1546.272800
1648.056900
1830.293900
1735.821100
1740.985700
1812.627300
1748.882400
1729.609400
1660.937300
1751.754400
1869.470400
1807.299300
1717.004100
1744.438200
1694.564500
1790.320300
1858.833800
1831.492700
1692.938200
2010.097300
1842.580900
1613.764900
1672.067100
1587.144800
1755.575100
2005.290100
1687.071900
1799.317600
1910.152500
2162.619800
1863.283700
1584.184300
1781.678300
1871.575000
2080.107100
1961.004900
1938.260900
1900.051400
1577.629100
1738.700500
1863.977400
1816.557100
1807.045700
1845.395600
1582.362200
1687.099900
1653.024200
1648.619000
1744.853800
1823.416600
1803.332400
1914.747300
2157.984100
1719.020400
1850.822700
1833.734200
1774.160200
2219.569300
1980.935500
2073.269100
1751.513800
1626.772300
1805.834900
1891.546500
1941.910000
2798.031700
2073.084200
2504.319500
2041.003400
1974.480700
2096.838000
1943.581200
2018.966700
1925.098300
2345.580700
2207.526700
2133.586600
2282.672300
1913.590600
1993.859700
1985.922400
1980.142800
1885.283200
2267.854200
2001.863800
1935.542700
1799.396200
1871.149800
2024.294000
1879.373100
2378.669300
1967.357400
1948.329600
1935.894600
2353.795100
1837.145400
2184.711900
2074.936700
2179.403100
1872.363000
1761.631800
1914.815600
2001.076500
1861.126200
2127.688500
2012.271500
2519.245200
1967.745100
1905.619600
1818.086600
1914.442500
2345.178300
2140.585100
1964.688000
2033.433700
2169.241100
2082.165700
2004.494200
1920.233000
1863.668700
1794.521000
1707.645900
1735.048400
1760.324100
1773.305500
1645.802700
1811.807300
1770.550200
1723.672200
1810.084800
1981.692900
1870.797500
1640.068600
2015.381800
2160.323100
1897.115200
1964.193700
2011.505600
1773.645900
1828.077400
1859.229600
1896.023300
2026.642700
1809.973300
1956.238200
1988.387500
1981.674600
1895.482500
1869.725000
1862.729900
2049.422900
2225.371900
2040.720900
1909.571800
2359.405800
2387.700100
2216.267600
2263.822200
2196.273800
2473.304800
2018.608300
1789.813400
1852.490200
1867.779800
1861.997600
1766.426800
2058.510400
2049.393800
1958.642300
1634.760300
1789.038500
1901.434900
1893.780100
1931.495600
1756.261400
1753.063600
1725.298600
1776.661100
1680.241400
1760.395600
1694.817600
1828.223000
1785.376900
1630.638400
1826.791900
1702.080500
1625.433200
1755.319400
1726.980200
1808.674900
1790.519400
1809.671900
1799.956100
1767.544800
2038.026000
2269.409100
1651.695900
1728.190800
2752.998200
1661.292500
1663.088600
1619.299300
1487.650500
1637.253700
1617.130200
1517.607900
1489.547000
1501.216700
1473.752900
1536.100500
1642.653600
1620.424700
1617.519500
1623.486300
1537.582200
1607.425200
1721.711500
1639.801100
1664.559100
1652.729400
1516.104300
1510.984800
1644.613100
1560.892300
1679.948300
1509.162600
1616.131700
1629.070200
1504.866800
1585.930400
1548.554500
1490.811300
1582.217800
1485.219000
1453.243800
1589.450000
1667.965300
1648.028100
1700.145600
1549.545000
1550.026600
1548.774200
1658.724500
1543.375800
1559.634100
1406.116400
1549.509000
1705.079700
1457.308900
1493.062200
1592.713000
1470.753500
1529.178500
1514.359000
1565.035500
1491.684700
1441.995500
1602.219500
1621.110600
1457.447100
1447.038900
1544.230400
1596.251800
1426.970800
1351.078300
1474.262000
1475.364300
1296.553900
1351.960700
1464.464900
1403.648700
1377.560600
1404.637700
1298.655200
1502.734600
1380.386700
1485.079700
1669.103000
1764.381900
1480.685600
1633.894400
1487.888700
1368.169400
1424.958200
1549.677200
1452.882600
1523.955100
1344.616000
1319.277400
1402.379300
1529.410800
1421.590400
1480.517000
1520.329300
1573.143600
1647.482000
1617.558800
1422.980200
1660.069900
1498.014700
1521.000800
1645.087600
1655.154200
1401.506100
1426.046300
1465.910800
1504.346900
1608.645200
1508.972800
1768.784600
1480.504000
1515.944800
1657.325600
1566.447100
1520.678300
1618.732300
1663.790400
1635.526900
1836.909000
1679.153000
1657.249900
1661.297100
1822.335400
1621.985000
2047.062300
1779.674700
1735.888000
1844.284900
1479.516600
1488.634600
1480.157000
1694.322800
1540.676100
1828.852700
1583.538100
1641.106500
1569.947900
1894.613500
1604.603800
1615.767200
1612.279200
1619.772800
1527.865400
1637.054700
1734.235900
1705.260400
1612.414600
1654.607900
1715.225200
1684.352600
1713.863900
1699.622700
1549.172400
1637.430000
1573.360300
1631.480300
1491.700600
1641.667500
1694.219800
1604.027300
1505.648400
1567.329100
1615.834900
1630.714600
1704.728200
1712.039000
1579.234700
1779.506500
1606.449000
1705.863300
1598.403400
1512.335000
1647.188500
1607.566400
1565.288100
1542.318700
1684.192400
1721.928200
1656.003400
1636.645400
1580.104400
1572.113600
1937.252500
1689.032000
1557.275000
1654.046700
1597.269200
1642.785200
1731.826100
1730.379800
1727.219100
1636.905400
1599.714700
1668.065100
1594.702600
1651.429700
1892.913100
1799.563400
1651.745600
1582.182700
1590.166000
1719.004600
1689.149000
1571.871000
1672.789300
1743.089200
1698.219500
1734.175700
1559.111300
1828.058400
1962.596000
1737.684900
1795.847800
1657.701800
1657.998600
1711.704900
1738.496300
1872.178400
1753.223300
1692.375600
1652.102700
1688.833600
1724.802200
1758.458400
1622.392500
1684.495700
1758.677100
1601.403100
1610.914900
1753.797100
1741.701800
1703.837300
1630.321600
1634.520400
1728.262600
1755.432700
1697.432100
1741.102600
1751.135900
1728.898700
1793.187800
1718.972600
1653.161400
1659.383300
1618.308600
1655.239000
1604.077400
1808.831300
1659.302400
1609.173000
1829.732900
1689.693000
1652.018400
1648.069700
1710.633600
1705.936300
1708.720200
1687.146900
1773.237300
1965.857800
1813.331800
1764.792400
1771.066300
1747.268100
1699.379500
1724.602400
1750.153300
1740.952200
1739.730900
1613.134100
1593.987400
1678.686400
1698.811900
1684.553900
1648.744000
1696.100100
1741.098700
1629.639700
1737.575400
1693.623900
1721.692900
1625.340200
1611.127700
1693.271300
1703.574100
1630.053400
1736.146800
1593.695500
1698.140900
1641.207800
1557.837300
1677.673700
1579.506600
1665.123700
1619.446700
1611.712700
1775.423600
1641.342000
1621.464300
1705.427900
1782.704700
1625.696100
1772.177300
1622.986600
1628.695100
1613.003600
1759.517700
1561.929300
1643.644600
2043.392200
1655.463400
1764.204000
1852.436000
1797.951600
1877.643100
1687.806700
1614.896800
1558.509700
1710.287400
1587.307500
1494.450900
1761.344700
1441.394700
1675.301800
1567.609000
1602.914400
1608.089500
1687.004500
1697.758100
1607.084000
1705.565300
1672.289900
1640.283400
1513.868800
1633.170400
1707.414900
1604.757100
1651.812200
1559.726800
1605.349300
1715.246100
1595.638400
1715.736800
1675.443400
1723.631500
1618.756800
1710.177700
1544.922900
1597.345100
1676.332400
1842.406700
1822.825700
1738.957100
1709.355600
1626.673500
1691.298500
1617.373800
1542.921700
1452.472400
1415.428500
1395.213200
1601.139700
1484.244300
1536.364100
1524.926900
1664.866100
1898.257800
1764.442000
1674.948900
1687.786400
1682.061500
1551.325400
1688.278700
1626.847800
1535.396700
1624.297100
1520.625700
1583.096000
1565.868000
1564.063900
1606.423500
1637.748000
1512.578800
1604.841900
1540.834200
1554.763600
1645.946500
1555.986300
1834.921200
1591.473200
1684.424000
1598.205500
1607.860200
1746.442200
2059.319800
1823.808500
1577.134800
1717.389500
1583.351000
1755.001300
1473.173200
1598.466500
1661.721600
1542.284800
1683.586600
1531.450000
1487.690300
1574.577900
1532.055500
1782.132100
1751.752400
1600.826600
1749.060200
1844.962600
1618.544300
1684.457700
1700.642900
1500.876400
1486.254100
1537.070200
1593.859500
1605.551300
1564.671700
1666.586000
1506.421500
1633.758700
1749.340300
1562.164300
1539.818500
1372.257100
1563.949600
1595.185800
1814.116600
1427.092400
1402.533300
1536.653900
1471.203400
1537.211900
1587.301200
1516.440700
1585.972800
1532.224300
1660.964700
1534.924300
1847.753000
1586.225300
1658.233600
1609.933100
1651.750500
1568.264800
1701.469800
1813.293200
1489.049500
1515.876400
1908.837700
1661.838100
1665.153200
1553.547800
1619.919100
1660.414000
1548.522900
1679.530300
1755.994600
1807.055600
1703.560700
1462.736000
1478.658500
1740.123500
1535.582500
1664.416900
1720.946500
1608.194800
1580.411100
1717.469800
1601.367900
1627.808100
1512.519500
1636.728500
1707.332500
1528.568200
1526.615000
1660.680600
1629.187300
1627.553700
1689.914900
1735.326200
1715.592000
1648.484000
1827.800700
1748.287800
1737.804400
1681.367500
1842.020900
1735.147300
1670.124100
1581.347700
1740.581900
1664.733500
1696.605200
1693.667500
1645.844800
1618.309100
1627.617000
1653.422200
1709.378500
1730.056200
1658.709500
1643.090200
1599.398600
1787.181900
1641.897200
1582.214100
1645.430400
1677.145000
1506.862400
1740.691900
1693.973200
1723.398100
1696.550700
1651.583400
1671.419200
1620.233900
1586.201800
1686.651700
1650.537500
1677.609700
1797.346500
1814.185900
1574.118000
1926.935200
1756.595100
1850.046900
1843.918100
1666.786100
1987.838300
1752.327500
1625.127300
1654.729900
1589.206800
1588.302600
1791.898900
1687.821400
1668.456100
1790.653300
1776.673100
1729.490100
1877.777500
1680.662100
1780.895100
1732.860900
1794.541500
1734.114500
1740.246900
1641.052800
1687.987200
1771.988700
1669.454400
1886.408800
1827.837300
1740.575200
1758.868800
1862.864800
1641.032900
1793.359000
1697.502800
1723.341600
1797.369100
1774.227400
1784.719400
1734.015700
1782.910400
1823.550300
1795.635700
1825.852100
1801.536500
1772.655700
1786.127800
1854.771000
1864.885000
1820.230300
1824.300100
1852.501700
1834.412700
1702.886800
1633.671500
1757.748300
1757.253800
1793.041700
1738.161400
1756.281300
1641.809800
1675.728100
1659.860100
1681.712500
1679.795300
1791.941600
1758.604300
1631.532700
1896.865900
1669.932800
1752.002200
1624.912700
1687.700700
1621.268700
1629.218800
1597.320000
1648.868000
1594.238800
1808.473700
1677.721300
