1657.513400
1653.961600
1631.999100
1626.252000
1802.408800
1808.777000
1669.482800
1724.165200
1753.033400
1582.306200
1622.875400
1761.990100
1723.700500
1657.318800
1641.575300
1632.882700
1577.570100
1620.562900
1692.389300
1680.482900
1623.691800
1700.391100
1744.552800
1700.224300
1678.815000
1699.648500
1697.997800
1615.635300
1682.574900
1610.581100
1553.645400
1587.782500
1612.057400
1666.609900
1754.199300
1692.648400
1721.191800
1609.509300
1580.572300
1836.209300
1600.759400
1644.926600
1786.246900
1607.736500
1618.708800
1776.967900
1689.239700
1759.778100
1821.536200
1663.355800
1766.435100
1635.864400
1815.674300
1618.844900
1654.131800
1730.482400
1811.824700
1733.197200
1852.387300
1753.770200
1717.142300
1653.915300
1678.371400
1654.243000
1772.268000
1688.332900
1676.758500
1697.818800
1679.961400
1607.902000
1618.707000
1697.408500
1690.355400
1699.311700
1683.151200
1578.246100
1760.687900
1823.459300
1734.750800
1756.957400
1734.305900
1665.870200
1777.332700
1688.729300
1627.137900
1505.244500
1706.395900
1643.348700
1707.386400
1665.633200
1749.553700
1681.152400
1702.617600
1598.203200
1649.529900
1558.375600
1662.326700
1767.997200
1718.813200
1652.700100
1732.606900
1739.602400
1741.824000
1713.586100
1612.611700
1695.855100
1624.235300
1501.148500
1736.423900
1766.195000
1603.632400
1748.480500
1620.127600
1664.482700
1673.614200
1564.445700
1625.466100
1719.945600
1759.697700
1683.752900
1644.255200
1718.450500
1727.499500
1686.733500
1533.255000
1714.071200
1617.830100
1762.827300
1567.614500
1773.288700
1681.506000
1698.227400
1729.091300
1663.499300
1603.961900
1687.148900
1585.614300
1802.689000
1790.548000
1569.624500
1574.841900
1573.013000
1613.664800
1729.533800
1708.096500
1601.997800
1639.079000
1517.031300
1580.014700
1501.330100
1826.528100
1633.110500
1559.464400
1569.980200
1657.492700
1635.842400
1591.240600
1727.638700
1679.336500
1827.839000
1775.469400
1715.264000
1640.058900
1658.781600
1654.338700
1714.137100
1578.722500
1597.975500
1580.916700
1670.239000
1658.871200
1481.571500
1706.560900
1655.201300
1593.269600
1568.719600
1612.884000
1666.795300
1482.441700
1698.069000
1647.762600
1537.766500
1644.253900
1624.584000
1492.319300
1552.772300
1626.777400
1578.723400
1458.672500
1427.629800
1686.287300
1581.832400
1723.709500
1566.034500
1536.268600
1697.883500
1619.672300
1615.433800
1559.533000
1574.781700
1671.611500
1697.602900
1727.431800
1500.173600
1479.624700
1729.330700
1716.831800
1572.671300
1517.193800
1553.182700
1502.627100
1528.534400
1556.643000
1515.202000
1694.234300
1567.740900
1580.741100
1594.446000
1528.099900
1712.842100
1678.958700
1702.007800
1706.424100
1683.703000
1702.121100
1459.989000
1498.481500
1602.962900
1661.269300
1525.190100
1568.092500
1564.847400
1505.252100
1497.010000
1529.782900
1435.914400
1560.549600
1606.259400
1653.148400
1535.779000
1626.259600
1494.293900
1588.978400
1654.578300
1613.366500
1506.475600
1531.421400
1543.823700
1601.377900
1617.947000
1479.700100
1604.331200
1470.787400
1586.977100
1523.462300
1705.037300
1509.869700
1568.453900
1439.107200
1457.713800
1527.595400
1456.256400
1540.942600
1470.605600
1579.513200
1555.638800
1552.862200
1421.333400
1547.247700
1607.490900
1439.798000
1368.295100
1588.217100
1594.355600
1585.075000
1524.461500
1472.290500
1430.472100
1638.343900
1575.576700
1531.960700
1609.697300
1500.801300
2169.499500
1862.721000
1975.610400
1625.290100
1569.846100
1687.605400
1884.065100
1787.944600
1696.012700
1522.323300
1596.655000
1599.192700
1633.916800
1674.551400
1808.564300
1496.179400
1317.452800
1487.589400
1614.883600
1547.686900
1594.781800
1575.897400
1538.892800
1460.345700
1451.776800
1476.625000
1416.236700
1535.087900
1483.841100
1662.003400
1484.595900
1696.706900
1293.274700
1502.251400
1521.877100
1593.471300
1539.934900
1278.589300
1303.902900
1394.515200
1541.751000
1427.222400
1813.130700
1626.479900
1403.616300
1431.757000
1445.880500
1501.037700
1452.345500
1626.983100
1346.305000
1428.488300
1492.209300
1603.261600
1898.308400
1447.428700
1591.979400
1602.248700
1538.353100
1601.380600
1622.932100
1536.075700
1597.419600
1751.280800
1574.029300
1474.604700
1671.609700
1503.189100
1595.105000
1560.204900
1613.793000
1858.578900
1707.478900
1814.364800
1495.611500
1605.373800
1692.318300
1731.973600
1532.152100
1602.499600
1583.092900
1784.317900
1732.442300
1714.041500
1495.404200
1688.624200
1703.275000
1542.290000
1670.151500
1753.691400
1736.472600
1616.025000
1490.078600
1673.723900
1756.834700
1651.174300
1716.908800
1607.270700
1621.943200
1637.646300
1643.529700
1595.344000
1498.449400
1848.196600
1684.751700
1589.351600
1569.672300
1515.837700
1714.835800
1581.024100
1757.968100
1625.061400
1829.480200
1692.836300
1723.963800
1638.783000
1645.925900
1821.740400
1645.898200
1785.531900
1425.895900
1641.026100
1696.852500
1585.623300
1873.801700
1660.346300
1664.371900
1712.488700
1906.760800
1949.424000
1582.066500
1634.308400
1547.599100
1605.456200
1697.922500
1775.708400
1770.493100
1744.724900
1710.728900
1583.478600
1630.396500
1542.471700
1678.223500
1574.173200
1633.474700
1794.622200
1766.559200
1561.751700
1598.412900
1547.931800
1667.386200
1546.993100
1596.387000
1621.065700
1478.866700
1574.832100
1589.755700
1683.127700
1622.419400
1455.102100
1772.822600
1583.630900
1576.312400
1536.684000
1626.563100
1782.558900
1602.776400
1572.905000
1708.527700
1654.051000
1677.974600
1715.013200
1739.140000
1597.406800
1537.812900
1698.290700
1708.510300
1653.421800
1803.557000
1722.265400
1525.386800
1519.431400
1565.665000
1550.816000
1632.290200
1615.802500
1785.649800
1528.183900
1602.490600
1713.248500
1730.760400
1723.393000
1739.835200
1655.335100
1556.366100
1537.515400
1723.923600
1635.798300
1549.252800
1717.599400
1627.596900
1634.896500
1686.604100
1652.090600
1750.754000
1690.042700
1557.770900
1704.845400
1698.696400
1742.402600
1609.020000
1650.432000
1567.457500
1684.057900
1616.747800
1625.562100
1582.298900
1749.260000
1655.158500
1599.756900
1619.205100
1528.504400
1663.285500
1854.439700
1685.932200
1544.688800
1712.425200
1702.291900
1594.649000
1641.886000
1615.298800
1578.385700
1616.431300
1681.207400
1594.898000
1564.613400
1643.482700
1693.149400
1684.475000
1639.970000
1511.934700
1801.164500
1569.497600
1743.231100
1600.493300
1602.365800
1553.278200
1722.433500
1696.770100
1616.995100
1591.636700
1577.999800
1559.074400
1597.393400
1628.970700
1637.671800
1652.044100
1644.695100
1580.802000
1601.386700
1589.005600
1630.097700
1585.751800
1629.516300
1633.414200
1561.378100
1508.526600
1538.087300
1552.679700
1553.788800
1556.947100
1533.194700
1550.070500
1715.504500
1603.930700
1554.977900
1689.064900
1601.530300
1646.397300
1584.646400
1671.478300
1549.374300
1626.921900
1545.257600
1581.853000
1698.172900
1564.198100
1590.204500
1652.102800
1523.188200
1531.812800
1603.415300
1641.507400
1553.280600
1689.085400
1546.229700
1562.794000
1395.909500
1651.132200
1562.558100
1731.157600
1510.932500
1550.632200
1447.209300
1517.691900
1472.722200
1501.089100
1510.594400
1615.004400
1613.934300
1681.118100
1432.849100
1579.447200
1474.967500
1588.841500
1543.064800
1434.809200
