2479.129900
2333.435100
2338.142900
2393.532700
2394.793000
2477.889900
2552.858200
2493.300800
2299.177000
2262.790200
2291.472300
2516.473500
2876.761700
2957.243900
2897.457600
2829.026000
2801.973500
2871.574800
2796.192500
2612.119900
2522.596000
2596.648700
2903.135300
2645.973200
2523.016300
2611.985200
2752.159800
2665.727000
2502.646100
2730.774000
2608.792700
2637.540400
2519.631200
2655.016600
2492.713100
2514.973000
2499.511100
2555.448300
2527.716700
2439.924000
2401.650000
2428.505200
2402.636900
2436.975600
2424.467200
2537.053800
2537.454800
2634.589300
2498.280100
2652.994300
2581.009400
2433.889500
2434.130700
2582.601300
2543.972600
2443.453600
2567.679300
2437.140400
2730.524100
2668.678700
2484.608500
2446.149400
2624.065700
2562.898000
2507.390400
2623.432300
2662.035200
2583.346900
2708.719000
2522.433200
2622.796100
2715.453200
2518.608500
2670.066400
2705.952500
2562.405800
2619.376100
2565.494100
2621.358200
2391.683600
2344.687300
2540.736700
2494.991000
2600.178100
2556.613300
2530.272000
2582.839000
2523.074600
2554.731800
2626.255600
2529.370300
2529.467400
2571.089900
2451.702700
2623.035600
2672.640400
2501.864400
2444.310500
2573.097000
2426.167300
2543.362700
2543.886000
2835.419000
2591.327200
2415.820900
2612.953100
2527.382700
2421.030800
2467.566500
2691.459100
2605.703000
2613.295700
2448.502700
2616.698700
2670.173600
2640.952600
2444.381800
2616.933500
2378.050400
2515.012700
2510.622200
2553.932900
2531.848000
2522.962700
2599.030100
2589.051800
2287.738000
2494.287600
2505.973600
2404.780300
2595.595400
2566.642000
2558.209800
2446.095500
2195.722000
2428.546400
2510.966200
2276.496500
2404.436300
2468.660500
2512.853500
2641.394900
2420.255900
2569.675200
2578.363300
2426.544500
2401.791300
2382.234900
2443.909100
2340.893800
2434.927000
2658.126500
2499.505700
2600.917700
2466.759600
2574.673800
2553.890600
2589.622900
2538.104300
2495.524200
2457.507900
2635.131300
3003.505700
2645.699400
2699.754400
2715.744000
2652.382000
2635.834300
2559.995300
2708.842300
2429.297000
2504.625200
2645.416000
2566.785300
2535.777300
2526.492800
2303.926600
2370.266800
2657.378800
2544.205900
2548.546100
2470.859200
2560.636400
2525.822700
2629.626200
2464.563000
2413.727600
2580.555000
2396.732200
2591.237300
2280.084700
2436.047900
2555.632600
2457.650700
2358.665200
2751.491900
2744.104600
2954.281300
2548.343000
2837.874800
2529.091200
2592.059800
2368.345100
2509.745700
2508.635300
2418.204000
2696.122400
2958.218700
2898.626200
2798.852000
2867.770900
2719.358700
2582.033500
2513.448600
2635.467000
2429.524200
2437.360800
2605.001800
2654.635800
2510.145900
2594.642400
3000.442700
2549.587300
2506.157500
2687.143500
2871.898100
2731.715500
2599.886500
2647.585700
3094.903500
3234.472800
2712.086800
2504.233800
2765.844500
2734.007600
2498.990300
2761.596500
2755.547900
2614.064300
2519.075800
2883.097100
2679.818300
2494.453500
2516.791000
2610.604000
2428.251500
2608.076100
2503.281200
2735.465400
2618.374700
2411.990700
2585.892500
2617.724400
2556.585800
2559.482400
2446.772000
2547.142000
2633.576100
2470.422700
2567.416400
2388.274700
2588.767600
2633.374400
2299.981000
2505.918000
2638.717100
2391.037900
2591.993800
2538.546400
2433.889200
2492.360700
2478.780700
2595.477100
2591.333800
2593.344000
2521.241000
2475.768500
2534.816400
2399.894800
2412.421500
2486.955000
2639.755900
2465.122000
2522.528700
2437.997300
2527.991600
2655.245900
2611.777800
2423.265700
2486.073600
2378.726800
2485.639800
2388.238600
2434.404900
2509.594900
2640.335900
2382.731800
2508.825100
2584.410100
2446.476000
2423.198400
2486.697400
2319.975300
2272.053200
2419.940300
2275.470000
2357.311900
2345.859800
2374.225300
2337.464900
2398.721400
2266.869100
2352.238500
2398.980200
2346.843000
2479.619700
2863.990900
2701.201500
2401.855700
2447.050600
2531.032500
2348.561500
2575.863900
2522.866400
2668.220300
2656.443600
2555.368300
2443.723300
2791.219500
2554.214800
2460.756300
2379.728900
2347.186700
2420.639500
2443.606500
2539.834300
2609.161400
2680.902500
2489.256100
2552.776700
2543.196600
2517.792400
2326.570800
2306.066400
2561.641300
2576.551400
2619.541100
2592.175400
2546.928800
2446.397500
2410.101200
2379.694300
2373.300100
2564.164100
2558.642400
2443.191600
2496.116800
2515.415200
2542.646500
2429.871200
2391.840700
2450.217700
2325.464200
2550.982700
2444.015700
2545.563000
2553.478900
2442.473200
2572.396800
2430.559100
2475.291900
2399.422800
2624.389400
2439.368800
2413.351600
2573.670100
2384.428000
2419.245500
2411.563500
2488.450000
2393.525000
2470.691100
2364.842800
2381.742700
2641.295300
2515.626000
2436.321400
2434.200000
2357.164500
2487.482600
2626.939700
2351.400700
2439.299200
2371.512400
2348.163800
2417.863200
2523.875500
2530.497700
2372.981100
2591.327800
2582.899000
2868.025100
2459.807700
2424.607700
2635.730300
2521.291700
2535.648800
2599.684600
2482.393700
2234.589400
2434.126000
2438.040300
2349.315400
2339.007300
2436.886400
2375.965300
2338.332400
2624.181100
2441.974600
2594.897100
2283.519800
2495.906500
2397.056600
2504.394600
2561.808300
2409.880700
2339.427900
2344.671100
2380.566000
2425.054000
2425.040700
2540.639000
2441.949600
2616.819200
2610.807600
2608.575900
2455.543000
2410.281700
2442.305000
2466.659100
2499.114900
2473.200800
2599.173500
2489.743600
2346.936500
2547.800700
2218.207300
2199.877200
2453.244200
2558.293900
2556.314700
2488.002800
2378.359400
2560.550800
2487.187400
2460.379900
2408.284200
2548.607700
2571.398300
2480.276900
2305.148600
2435.740800
2464.589100
2484.365100
2427.803700
2438.964400
2426.525800
2521.800200
2282.947500
2523.248100
2448.632300
2459.514800
2658.304300
2288.345900
2340.983600
2234.499300
2460.070400
2473.557800
2605.409900
2487.384000
2302.029100
2450.934800
2284.827700
2480.720800
2454.035800
2455.856800
2327.376000
2308.514200
2322.278400
2382.413100
2280.669000
2355.727300
2299.471900
2200.230200
2246.913900
2351.576900
2394.841000
2312.696500
2559.096000
2588.095100
2334.500000
2937.199500
2472.705900
2486.483100
2880.352200
2736.254200
2655.383900
2730.964500
2956.214900
2987.659600
2830.326200
2789.452700
2726.283000
2890.237400
2971.048400
2970.040200
2885.500000
3106.580200
3268.701100
3036.743000
2826.426400
3053.414900
2759.495400
2911.136900
3064.372200
3047.365600
3107.783600
3261.360400
2962.375300
3329.341600
3150.486700
3412.585600
3253.872400
2965.135600
3179.696500
3022.749000
3107.251100
2931.690000
3108.267000
2864.714300
3249.167500
3159.312300
3012.346700
3037.649800
3141.402400
3156.009200
3284.299800
2940.698900
3040.897500
3159.113000
3051.948900
2845.312800
3047.876900
2641.651400
2360.752600
2638.356800
2620.366000
2657.462400
2249.569900
2354.524700
2261.232100
2374.191600
2592.485700
2411.359700
2305.610700
2339.604100
2589.934800
2367.579900
2523.567800
2493.730700
2389.686700
2301.772800
2544.668700
2392.747300
2465.371700
2505.436900
2326.066600
2317.642100
2352.529500
2428.810800
2278.226800
2287.629000
2339.558900
2422.775500
2562.245100
2400.350100
2512.845100
2417.672100
2329.957400
2241.313600
2375.231300
2352.787100
2424.085800
2544.558300
2469.580200
2320.205800
2422.119800
2577.938000
2349.113300
2445.280200
2327.131000
2227.346400
2530.093800
2537.330200
2416.214100
2461.644700
2342.324500
2299.059100
2504.596000
2450.034400
2252.390700
2232.403500
2480.734100
2390.804400
2179.841900
2182.490800
2396.758300
2205.073500
2309.154600
2225.959300
2393.793200
2426.751700
2364.632000
2391.707700
2083.765100
2355.381800
2207.627800
2290.813500
2408.169300
2399.370200
2172.960800
2242.501400
2381.516300
2294.541100
2529.969200
2294.564100
2488.462400
2459.280600
2374.534000
2204.539800
2437.439500
2560.420200
2386.723500
2350.873500
2351.282800
2426.359800
2430.925900
2292.970800
2339.800800
2354.318700
2256.009900
2449.081400
2218.155700
2463.950200
2390.920000
2251.912200
2488.512700
2339.850200
2289.785200
2346.200500
2453.902200
2380.936100
2406.980700
2305.097500
2314.926000
2303.292900
2461.386000
2380.375400
2313.257400
2264.440300
2501.941200
2395.221800
2538.425900
2233.888000
2369.659500
2392.042500
2291.068400
2413.535900
2484.781800
2519.206800
2486.487800
2190.734300
2419.813400
2381.379500
2465.764100
2472.917300
2350.514900
2358.228200
2258.712700
2273.744900
2289.117800
2258.081000
2239.346700
2253.093800
2453.007500
2256.326600
2468.152000
2475.093200
2206.116700
2326.537600
2311.262400
2195.032200
2351.700500
2361.069600
2323.022100
2321.135400
2353.904200
2349.079800
2793.468800
2531.551400
2654.440200
2595.707800
2620.396200
2310.840000
2360.373900
2481.580000
2508.878800
2629.478400
2250.820300
2251.858800
2578.169700
2424.344200
2603.711400
2618.131900
2642.334600
2725.176500
2421.484500
2488.653900
2482.205500
2385.794300
2545.004100
2589.011800
2519.443500
2555.284100
2928.427100
2354.410600
2374.254000
2375.892400
2084.802400
2212.776700
2432.616200
2427.465700
2456.733400
2142.897400
2369.505700
2277.716900
2492.392400
2472.067400
2394.026900
2338.860500
2227.310500
2316.716100
2162.208700
2225.276100
2229.288200
2293.778600
2240.125000
2262.664800
2302.135700
2306.330200
2239.200300
2474.584800
2279.051600
2487.015400
2415.110300
2325.652600
2504.542500
2377.251400
2205.915100
2266.669400
2370.063300
2374.781500
2259.818900
2432.603900
2439.249500
2312.588800
2322.679600
2412.799900
2299.431700
2289.631200
2511.916000
2274.901700
2523.490600
2314.046000
2466.970200
2620.110900
2333.461100
2332.821900
2353.712400
2111.437300
2236.639100
2178.151100
2455.562700
2260.431600
2327.634500
2264.163700
2197.514800
2168.060100
2149.645400
2549.375400
2517.856000
2390.718300
2381.472500
2271.814200
2232.121800
2045.477400
2110.621100
2253.097800
2481.859300
2463.184400
2444.827700
2161.596700
2039.104500
2125.873600
1966.532900
2281.715900
2310.063300
2401.833300
2336.244200
2440.400400
2430.114200
2319.569000
2314.443600
2258.912200
2324.866000
2140.040100
2454.074600
2239.979200
2351.998800
2396.273400
2328.593500
2329.242500
2266.709100
2167.180400
2387.760200
2459.744700
2367.363600
2240.774600
2139.655300
2116.696500
2194.060200
2630.636600
2279.032800
2446.419400
2533.830100
2100.781700
2253.512200
2332.942200
2242.504800
2428.952700
2183.367400
2349.695400
2307.627300
2284.475500
2482.158200
3565.028800
3636.611900
3476.099600
3110.675900
3884.333900
4300.287700
3107.926200
2484.885600
2725.555900
2446.381500
2503.187800
2611.951500
2721.273300
2598.902100
2615.907800
2393.522400
2583.402300
2276.863400
2391.435300
2503.738100
2508.394500
2312.313200
2456.521100
2515.320600
2519.260800
2505.540800
2575.449200
2223.486000
2311.224300
2352.765400
2483.147600
2472.725400
2459.151100
2548.013000
2358.479300
2507.479400
2338.181100
2558.533100
2512.801000
2425.754600
2595.961200
2340.741700
2464.156300
2316.244800
2344.812500
