236.364200
223.809200
228.757100
228.601500
241.955200
234.083900
239.685100
241.345500
243.224100
217.189300
222.060000
246.471700
245.892200
220.039000
215.563900
229.565200
221.021900
218.489200
232.693400
233.150800
230.112900
237.169100
236.418500
235.054200
241.313600
241.959300
240.738600
226.627500
227.855200
225.997200
225.160500
228.428800
230.625100
223.917800
242.795900
245.432500
242.538200
231.458300
223.113300
248.353000
218.600600
222.647000
244.007100
226.730200
225.072000
230.612300
218.744100
223.728800
256.159600
232.066800
252.843900
256.377000
246.350700
227.669800
232.251900
229.511300
244.392100
254.981000
251.120100
239.225900
232.808900
230.995500
233.285900
229.440300
239.419200
237.192400
237.116700
237.564800
238.805600
231.542500
226.549100
224.926400
234.351900
222.375900
219.803800
198.852600
218.955500
227.379400
226.653400
238.767100
244.989600
235.746600
253.386100
259.897200
244.396600
208.822300
227.777400
223.669800
233.088600
231.409700
246.420400
240.952400
229.123500
227.463500
220.092600
221.735400
229.898400
240.362500
242.462000
234.989100
246.593100
245.327200
247.414400
243.242000
228.753500
240.863600
237.515500
221.067700
251.648700
253.944300
229.360800
242.323100
232.206500
239.830100
235.158500
223.297800
232.890600
243.675400
246.092600
244.460600
234.012100
243.997600
237.068200
248.821700
219.386300
236.674400
236.006900
249.053900
233.199200
270.006900
239.243600
255.682500
250.915300
244.742500
235.873100
258.071100
230.873000
265.804800
278.141200
252.972100
238.052300
232.928400
235.706100
242.754500
239.552000
227.747000
233.787700
231.125700
237.834400
238.874700
246.794100
252.537500
238.988600
239.337400
252.254700
257.154300
249.970000
243.208500
239.450100
249.451600
246.098100
245.557200
235.349800
233.475900
281.291200
252.779500
248.698000
232.925400
222.298100
258.410300
244.292500
245.547000
261.846400
238.318500
238.691100
230.358000
242.271000
252.800900
218.842100
234.199000
232.920600
212.170700
240.847300
241.668100
226.031300
236.941100
243.535000
227.241400
217.749700
213.286700
234.929400
237.576500
245.372900
222.402400
215.638400
243.985500
225.719600
237.113600
227.099200
226.235200
254.921000
237.895900
270.865600
281.615400
232.305700
260.064700
247.174500
224.783600
216.041100
249.206300
228.795500
219.821000
232.915700
226.373500
250.760500
239.059500
222.511200
242.290900
239.107000
249.482700
246.804000
244.967000
244.099400
236.168200
245.701500
216.984900
223.142000
243.631600
250.022500
313.445800
277.083900
280.274800
262.412100
348.523100
270.462600
222.494300
243.682300
242.061000
233.374000
228.653400
242.100000
223.343600
231.365900
244.602600
238.039300
226.848400
230.823500
237.232600
269.230000
236.514800
232.884300
241.820500
218.143300
227.095400
218.659100
260.686700
219.807300
224.566000
204.807600
207.639900
223.781700
227.911000
237.815100
220.040400
226.190000
235.985000
227.442300
212.548300
234.368700
249.506800
218.245800
211.213000
241.684900
208.038800
223.163300
231.253400
215.832400
212.917300
238.241800
227.905000
219.879300
233.816400
190.480700
235.325500
235.982500
233.483000
220.385900
225.492600
227.758600
205.566000
228.078100
211.098100
223.252700
228.140500
237.097900
237.454600
243.397300
263.448900
233.825400
202.394900
224.736800
233.319000
224.838300
227.665800
235.343500
240.981600
234.671900
216.973400
230.451500
217.485400
237.153100
224.612500
258.875300
227.566000
245.799400
198.698100
232.129600
225.778100
228.154600
249.601000
211.975100
214.666700
219.301000
225.760000
219.499500
259.482100
235.939400
206.532300
216.399400
211.433800
203.527200
207.454900
232.234800
195.726100
213.773700
198.971700
225.637500
251.467000
214.090100
222.899700
221.235700
219.431600
213.853800
219.237000
216.544800
224.674200
249.360500
223.451900
208.544100
228.086900
219.853800
229.174500
228.639900
218.119500
261.478200
239.020000
259.139400
216.680300
222.065900
224.219300
236.367400
217.125600
235.557900
222.418500
255.870500
244.135600
245.454100
231.822200
227.475000
229.335900
209.957600
236.114600
235.899600
229.971800
219.300500
205.675900
230.477500
231.642900
233.474300
236.237400
223.255900
225.533700
234.611700
246.537700
216.502300
214.951400
249.133400
252.006300
286.976300
225.644100
206.693200
236.979500
240.979100
250.049200
215.743500
264.841400
241.316800
227.358400
271.306900
227.420600
253.022200
222.871400
233.291000
221.684800
249.160000
249.914000
214.784600
258.836300
226.912100
227.704000
242.523200
240.885600
228.043200
218.412100
234.829000
210.721900
218.160000
236.079600
228.250000
228.489600
247.031300
245.171900
213.089500
230.121000
211.766800
247.993300
210.096800
224.792900
225.410200
248.994000
224.162700
233.048800
232.506600
241.636900
228.981500
234.308300
262.332400
223.111300
222.007100
224.728100
251.208300
250.996500
213.714900
256.596500
232.069000
236.536600
220.631100
241.196300
236.018800
235.194900
213.730200
225.335000
222.708700
237.684500
240.320100
240.846100
223.966600
212.717600
244.169900
222.301100
230.817100
259.584700
245.993000
216.506300
212.661500
222.704500
224.823400
233.169800
246.658000
244.819600
220.694700
221.196900
224.463300
235.880500
229.442200
248.563100
234.162600
215.284600
224.427900
244.736800
211.452600
211.134500
226.236100
239.539000
245.030100
238.290700
253.480300
244.223400
259.712400
234.674100
271.286100
263.692500
261.540000
238.625500
249.899400
234.295800
243.963300
221.003100
236.115000
234.019100
268.964700
245.935200
254.371700
244.015200
236.439300
251.849300
266.624300
249.954600
223.920200
264.664900
266.060400
251.983000
251.905200
263.097400
240.460200
228.284400
255.933000
246.010500
241.271900
241.524000
259.485400
255.873200
248.593900
226.544200
246.670200
220.762000
256.681100
229.271100
226.446200
222.367100
236.510100
238.796500
219.710500
228.071000
218.481900
218.395000
206.781400
236.572000
218.423900
237.528500
225.437000
228.799000
198.636000
225.250000
229.939800
228.431900
228.941100
265.826200
208.811500
236.446000
233.617000
253.727600
234.606000
259.818100
235.137700
223.531000
238.099000
243.267900
227.526800
231.552400
261.880900
247.473300
230.513800
227.417300
228.292500
236.388000
226.337700
242.435100
225.436400
230.979000
223.438000
233.797600
219.834900
225.593100
244.787500
237.292600
218.684500
246.475400
228.594800
226.524500
195.482400
247.397700
236.898300
256.967200
241.697500
227.338500
204.939800
212.106800
207.112800
217.406100
222.779100
235.549100
237.862200
250.199200
217.444400
236.946300
211.436500
240.219200
234.793000
223.822800
