1222.426500
1145.530800
1148.118900
1168.046700
1165.557000
1217.620800
1212.389000
1218.854000
1148.156900
1113.726900
1116.495600
1156.547200
1247.999400
1166.750200
1223.172300
1229.278900
1135.560900
1222.334200
1168.614900
1228.030800
1196.695800
1194.018600
1290.996900
1184.734600
1225.696700
1247.365000
1228.479600
1226.417000
1152.658000
1231.181800
1243.132600
1257.895500
1193.259000
1185.168700
1153.269700
1212.694000
1225.790700
1223.858400
1224.607400
1196.613900
1168.358700
1176.912100
1188.188400
1201.164000
1168.785900
1229.843000
1246.982600
1266.170400
1228.569700
1237.081400
1213.455900
1193.820000
1182.984900
1200.151100
1206.420900
1167.098600
1208.395900
1133.904800
1297.013500
1226.422400
1184.847400
1167.808800
1190.537800
1187.527800
1173.096000
1230.917200
1239.860100
1186.283000
1254.723900
1158.547900
1201.089800
1263.897300
1196.346500
1276.645000
1278.922800
1244.699500
1244.389600
1219.772700
1234.043100
1112.987700
1099.886000
1186.849000
1194.078800
1247.834200
1221.524800
1200.475600
1240.428300
1198.664700
1206.207700
1238.478100
1207.413400
1208.179200
1193.494200
1168.495700
1228.766300
1260.592900
1144.865600
1167.603600
1212.454000
1151.849700
1215.718600
1212.525300
1271.661600
1224.297100
1167.282600
1260.671300
1262.301700
1185.521100
1246.611300
1353.233900
1276.101800
1274.624400
1210.565400
1278.778900
1292.874700
1294.973100
1272.261400
1309.740200
1174.774600
1229.773600
1217.132700
1514.089100
1321.800500
1527.048400
1381.873600
1288.792500
1145.845500
1288.612400
1243.641800
1174.078500
1294.318300
1308.301000
1260.795700
1206.237700
1083.232200
1218.116300
1220.309300
1118.870300
1191.254800
1232.265600
1226.032000
1302.923200
1193.433700
1255.562100
1256.254200
1200.845000
1203.552600
1226.200400
1266.868800
1151.540800
1378.565500
1381.764600
1280.520000
1620.096700
3409.836300
1369.072200
1328.238800
1313.008100
1313.400200
1736.655500
1291.543500
1321.923300
1348.057400
1330.534600
1294.024900
1294.735400
1296.949600
1234.760800
1260.017400
1332.638200
1221.688900
1266.636400
1389.094800
1335.889200
1311.147000
1381.434400
1528.928300
1237.044300
1334.452000
1300.542900
1332.121100
1262.506200
1408.789000
1414.711400
1293.064700
1233.145600
1347.209400
1301.139000
1234.743200
1294.563100
1181.808800
1234.759800
1291.335600
1360.732900
1222.888700
1349.343300
1379.472100
1386.388400
1253.504800
1291.195300
1257.551700
1334.323800
1153.815200
1212.089400
1213.536900
1168.129900
1257.211100
1345.614500
1365.855100
1306.571200
1313.538400
1267.570700
1263.817800
1233.668100
1326.922000
1217.804200
1209.603400
1245.027100
1267.632900
1167.108700
1206.360200
1262.341800
1200.241900
1203.786200
1272.512100
1252.247800
1200.088100
1262.603700
1273.664200
1272.822500
1290.518500
1259.317300
1203.154600
1266.604400
1304.373500
1156.459900
1320.318200
1332.877200
1219.337900
1197.266600
1302.173700
1230.062300
1170.619900
1198.729600
1264.111700
1193.929900
1296.322600
1226.105200
1407.564900
1313.487500
1261.611300
1350.349900
1340.714200
1292.216200
1282.736400
1303.223500
1335.597300
1425.428400
1301.283100
1261.830000
1185.623000
1254.897400
1285.040600
1152.201600
1231.000400
1305.782200
1203.110600
1283.446300
1230.837700
1178.542200
1237.773600
1218.302000
1277.210500
1270.165100
1286.912100
1216.017300
1207.818600
1246.845300
1159.702400
1199.425600
1202.538400
1282.130600
1228.997800
1246.657300
1204.545800
1256.061100
1321.919200
1301.616600
1190.442900
1231.661100
1192.507200
1263.467500
1148.909100
1176.401400
1224.047100
1289.550900
1177.502500
1197.959900
1268.866900
1245.857600
1205.693700
1246.424900
1159.498500
1118.427500
1199.673600
1128.142100
1165.599900
1160.214200
1174.854800
1166.794300
1161.517700
1112.905100
1126.869100
1148.396500
1161.146600
1215.769100
1353.824800
1302.909400
1155.150200
1160.507600
1240.456900
1169.203900
1208.035300
1179.510600
1281.473400
1281.388400
1211.068500
1168.997100
1223.649100
1170.576500
1189.643700
1114.521300
1126.450600
1155.498300
1143.819700
1209.430300
1238.828200
1278.760500
1157.397700
1224.611300
1194.229800
1216.118900
1115.849500
1100.364700
1210.940600
1235.312100
1229.877400
1240.520300
1216.791100
1191.115100
1117.188100
1141.693300
1156.297500
1210.687400
1229.184700
1134.536900
1199.742900
1255.811000
1214.468100
1173.476600
1156.964800
1194.473900
1123.102700
1245.559300
1225.594600
1240.259300
1255.037500
1190.707400
1247.981400
1185.978700
1209.331500
1214.489800
1317.326200
1169.259400
1163.854500
1263.432600
1196.311700
1232.274600
1182.149600
1234.549000
1172.580000
1205.296900
1147.937500
1170.014200
1309.880700
1236.840900
1255.147000
1255.897900
1164.697900
1213.946000
1316.597900
1280.598900
1310.782200
1161.974600
1148.189200
1194.396100
1253.802900
1247.935900
1170.917900
1205.851300
1153.039200
1260.949500
1214.674300
1186.194800
1303.781300
1242.630600
1273.098000
1290.169200
1219.133100
1103.254100
1170.917500
1151.114700
1151.620000
1128.908700
1194.024600
1142.637100
1130.021800
1296.264600
1174.492100
1258.493300
1112.398900
1232.827900
1143.807400
1192.280700
1226.981200
1162.971700
1144.879800
1132.183800
1131.281300
1187.249600
1159.740200
1211.512500
1210.565000
1259.755300
1279.533700
1226.094800
1203.254900
1150.792900
1181.857500
1204.619100
1210.915500
1218.291700
1302.509000
1224.897900
1157.351400
1239.034200
1080.581900
1096.179300
1193.803000
1264.859600
1277.095000
1216.031600
1157.423600
1182.663800
1196.339800
1179.580400
1155.656000
1232.483100
1440.069000
1273.161500
1124.070500
1175.860000
1234.277800
1223.853800
1179.191400
1193.941100
1186.156500
1229.514600
1089.869100
1238.556700
1210.944100
1203.033600
1274.447600
1098.763100
1114.928600
1062.564800
1170.319200
1185.485600
1238.810600
1197.271400
1086.230100
1199.005700
1119.272500
1177.317500
1205.500400
1196.582400
1139.704200
1145.919800
1113.577700
1161.880600
1097.200800
1144.277400
1106.707800
1076.539700
1107.957800
1139.439700
1155.713300
1151.312600
1237.061600
1277.042400
1138.935400
1276.478100
1124.297200
1120.637200
1193.159200
1202.200800
1137.440900
1185.307500
1284.557200
1214.279000
1192.928900
1151.871700
1133.919200
1223.749700
1176.729600
1197.397700
1141.373900
1246.726300
1291.525500
1194.024900
1128.201100
1197.829400
1109.672200
1172.880700
1241.750600
1176.585300
1138.154500
1245.135400
1092.167400
1234.762400
1185.981800
1242.004400
1199.515900
1097.474300
1204.578400
1165.930800
1172.540200
1118.250200
1146.371900
1109.188500
1199.388700
1192.208400
1183.747500
1149.261500
1209.899700
1192.857400
1241.780700
1150.429600
1149.943600
1173.281000
1172.287100
1189.618200
1192.293200
1103.343200
1095.235900
1261.346600
1233.877600
1268.750300
1068.006400
1137.514200
1121.289900
1157.763600
1252.747000
1165.886500
1140.363600
1181.879600
1263.513700
1149.171900
1215.445200
1192.201900
1192.968600
1132.978000
1235.593500
1154.347700
1188.760400
1223.228300
1138.096400
1128.996800
1143.135500
1195.217800
1197.292300
1117.141600
1161.991800
1189.361200
1247.481600
1178.419300
1228.161800
1176.438200
1130.591300
1137.856400
1182.434800
1200.547800
1250.561500
1279.988100
1225.828700
1141.987500
1205.875500
1266.521500
1165.305700
1210.110600
1171.234600
1152.502700
1233.820400
1239.289800
1186.875200
1196.059800
1163.744100
1159.754600
1224.568200
1234.418200
1117.567600
1117.028500
1226.893900
1188.006000
1106.577900
1097.969200
1199.899200
1102.308200
1141.989500
1126.467700
1171.283500
1182.509400
1162.816300
1175.118000
1053.447600
1158.500800
1109.033800
1163.768100
1196.394100
1198.625100
1103.503200
1107.752100
1215.866300
1154.671100
1202.514900
1144.198300
1201.127400
1237.991500
1178.786300
1122.535300
1219.523300
1217.161200
1189.665000
1156.430500
1145.036200
1185.748400
1192.090200
1140.968100
1171.945600
1143.647800
1105.606300
1188.755600
1092.360700
1193.926800
1127.558300
1112.936100
1225.994200
1141.845800
1155.017000
1150.894300
1198.132100
1187.548800
1218.014700
1141.925400
1136.604700
1145.400900
1205.781600
1165.981900
1162.706000
1115.995700
1213.813000
1170.055500
1207.721700
1105.033200
1158.787400
1159.519300
1131.231200
1194.344200
1233.107200
1228.201800
1221.520000
1090.347100
1181.144000
1181.249700
1205.245200
1198.113800
1158.689500
1163.640100
1104.057800
1114.539400
1110.080300
1130.809600
1092.371200
1124.148900
1231.192400
1100.751500
1211.583600
1243.868000
1090.066900
1164.292500
1142.336900
1092.209100
1179.703200
1153.625100
1171.471600
1161.936900
1173.310900
1174.964000
1166.671300
1143.406200
1229.414900
1125.891400
1188.913600
1088.357500
1169.516400
1220.024800
1234.488800
1297.385900
1109.327800
1138.357600
1243.541200
1168.064200
1209.597900
1195.488900
1224.085700
1289.012400
1138.573500
1172.541500
1163.559500
1031.724300
1195.340100
1210.363600
1126.467800
1150.068200
1289.041000
1136.038400
1115.524700
1142.077500
1010.267900
1086.648700
1176.399400
1149.793300
1188.879500
1042.406300
1161.705400
1116.661800
1176.303400
1184.282100
1138.815500
1138.767300
1092.494000
1141.789600
1073.790700
1093.713100
1069.483000
1147.536000
1144.941300
1093.050600
1107.970100
1117.772000
1100.082000
1165.758400
1175.831300
1190.448200
1141.454500
1145.663900
1213.957100
1171.820600
1066.959000
1079.129900
1148.054400
1131.915900
1095.528500
1139.614700
1180.067100
1081.454900
1107.850800
1145.092200
1105.175300
1089.976100
1206.734200
1096.358400
1164.979600
1137.355200
1219.941800
1193.492800
1134.766700
1123.154200
1159.494800
1051.126800
1099.342900
1068.860500
1336.125500
1253.985000
1294.219100
1229.920200
1099.499400
1095.171500
1083.863700
1284.373100
1234.040200
1187.045000
1213.996900
1109.530800
1091.752900
996.899900
1059.310400
1112.459200
1209.295200
1249.434500
1208.570200
1077.096700
988.067600
1039.950100
967.256600
1054.155700
1128.495100
1172.488800
1179.499300
1187.613500
1184.806100
1119.601000
1135.860300
1116.464600
1151.516900
1047.590000
1224.637800
1102.885200
1163.605200
1177.565700
1146.018700
1158.829900
1118.609700
1051.685600
1176.502600
1192.826600
1140.296600
1094.304300
1039.640600
1017.649600
1065.834800
1270.257400
1135.614800
1198.208100
1234.878300
1014.188300
1105.435000
1141.713200
1106.130900
1190.539600
1190.132400
1254.669500
1287.674000
1262.798200
1191.147600
1197.933000
1388.488000
1362.521700
1102.073200
1179.176400
1246.870000
1135.541200
1100.344600
1216.096000
1100.771900
1115.220300
1166.723500
1225.927600
1215.854500
1233.794900
1215.777500
1311.163100
1192.888600
1247.995500
1346.402000
1269.394800
1151.049900
1261.806200
1262.939000
1238.189300
1344.442200
1364.133500
1262.887200
1181.705000
1168.099400
1270.282200
1299.951600
1291.505000
1392.691300
1318.037200
1394.717600
1228.729800
1314.090000
1277.397900
1204.499100
1288.067800
1163.081300
1204.391100
1161.461100
1156.395400
