244.034300
246.611900
253.339100
230.492800
237.660300
240.095100
243.004000
226.676200
219.238800
224.528200
223.591800
240.265700
250.366600
229.180100
207.487600
241.291600
223.712500
236.155200
219.975200
215.853200
231.190500
213.153000
235.412700
216.921400
204.634900
253.573900
238.676100
237.695400
239.615300
216.239100
213.004100
221.791500
215.626200
223.455100
224.185500
236.263700
211.109000
261.795400
247.276800
240.594700
228.003800
221.659600
216.164300
221.183000
219.129400
219.230100
206.599600
223.821200
220.441900
222.280600
226.418700
219.297200
228.600700
223.330500
222.540600
223.514600
219.493000
213.374500
223.578500
229.709400
228.978600
201.457000
213.383100
193.150100
209.345800
217.097800
216.855600
209.802500
227.060700
216.617700
198.137000
233.287500
227.085300
215.383300
237.748200
217.373500
226.867100
234.044900
212.157300
213.079300
207.235300
209.408400
236.977200
214.448300
212.220400
231.808900
211.312300
226.990000
239.010500
210.169800
211.317300
227.689100
241.285500
227.841200
229.796000
237.448500
227.154100
226.834600
215.557700
215.699400
222.735200
238.164700
221.765300
218.711500
225.715300
221.814500
230.481100
231.660600
216.629100
232.674800
221.731300
212.145400
221.823000
227.770200
228.304000
236.472800
225.323700
224.114500
220.941500
217.801500
238.186200
218.484200
231.216600
232.344400
236.078000
236.554100
238.570100
233.151000
211.019400
238.191700
244.225400
239.449800
238.351300
268.787000
216.259500
216.685300
208.493500
201.200700
210.441000
229.120800
227.090400
224.169800
236.338300
218.743900
239.757300
209.881000
220.973500
247.286300
250.870800
238.490100
226.492900
220.575300
228.154900
231.683300
231.793400
230.851900
226.740400
279.089800
224.447500
237.644300
244.772900
218.237000
227.753100
233.904500
229.082200
223.658400
245.769800
232.960100
243.231400
244.660200
225.843500
255.165800
235.625000
248.971200
219.826200
229.168100
228.563200
217.929000
239.169700
231.243500
249.915000
226.707000
233.975400
243.342900
237.710100
225.513900
260.590100
239.449500
235.031400
229.684800
219.074700
262.063300
232.559600
239.682900
240.982600
228.769800
259.089900
235.422600
238.968200
232.417900
228.970200
254.960500
240.050500
218.329900
242.063300
236.589100
221.786100
260.321300
247.129300
240.719400
236.949200
240.871800
243.938500
242.753400
244.821900
223.352500
246.813300
243.106300
228.826000
245.211300
243.586400
252.296400
225.934600
260.188300
238.690900
241.953600
245.237500
249.268500
228.457500
246.002500
249.845200
254.814000
259.859300
249.141100
248.395700
245.418500
254.635200
249.229900
248.119600
247.053600
248.900900
251.650800
251.719400
248.409300
255.317800
230.648300
232.210200
246.123700
248.633100
243.953900
258.290000
234.182600
243.303600
242.165800
238.019000
228.102000
248.794100
253.186900
239.100100
217.567700
251.321500
233.161400
250.998800
225.463300
227.409500
232.292300
238.171400
247.556400
229.188900
242.533100
239.739900
234.068700
246.848900
229.432100
265.347000
235.055900
224.612600
238.728300
215.661800
246.143500
236.990200
238.195100
245.806500
249.258800
256.645100
246.312000
242.848100
243.414300
253.198100
245.987300
249.024700
232.229600
218.679000
230.386400
236.931800
219.059800
213.623500
220.132400
223.300400
222.595900
240.189300
239.703200
238.003900
232.942300
211.088300
229.443000
238.740900
230.240900
245.506000
228.192800
222.926400
213.707000
238.721300
222.296900
248.255400
208.183500
228.342800
232.192900
219.260300
219.761000
212.307500
211.575500
222.260200
221.979200
204.049900
234.186000
242.443000
235.864500
242.705700
225.576700
214.390600
218.641500
241.162900
228.333300
236.597400
216.399400
238.743100
228.270300
225.297000
231.418300
247.707800
244.851900
226.052700
237.790000
245.948000
227.261900
227.873300
247.012900
243.490400
226.225000
230.037300
240.368800
249.858700
232.052200
237.304100
247.718100
227.900900
221.861400
236.694200
244.610200
243.483800
210.171800
228.850500
214.876600
235.942100
225.598000
259.143800
245.258600
238.104800
235.604400
245.456200
239.542600
265.977500
243.599300
238.071400
235.445700
229.204000
241.034000
231.690300
243.697500
251.233500
214.392600
238.036800
245.573900
241.161400
241.182100
234.117300
216.489100
227.976300
234.996300
219.536000
254.064700
254.843200
225.767100
229.165400
224.759900
258.227700
233.266100
219.649600
229.234100
241.973300
232.067300
249.828400
239.549700
240.631600
246.458700
244.392000
234.649300
207.982000
219.577400
239.079900
225.511800
243.608700
228.543200
234.582700
223.263600
232.317900
231.361900
225.797300
239.762600
223.295000
234.685300
223.806400
221.216700
221.569900
234.161100
228.457000
236.535500
225.537000
229.042400
233.178700
241.816900
222.847700
230.408400
240.424800
248.606400
233.354200
252.111900
241.622200
230.081300
222.260800
220.389500
225.845000
255.212300
214.713900
231.954100
233.314600
221.606800
250.271200
216.629400
228.105400
221.266000
224.168300
234.529300
249.415100
243.056400
217.471700
228.989000
235.304800
220.891900
242.456600
219.910100
212.290700
213.085500
207.677000
208.323000
209.058000
226.901700
238.982400
211.921200
219.048800
215.987500
225.039200
216.088300
248.611500
214.554200
221.578800
226.683200
234.517600
226.864900
227.980600
234.570900
210.831300
229.327700
232.514500
210.216900
226.469900
298.427100
249.286300
228.380600
226.960500
251.735900
232.026900
244.217500
250.129100
236.877600
244.413200
231.404400
217.265500
246.558800
247.883500
248.693600
261.189800
245.448800
227.130600
251.454300
224.548900
244.115500
231.942300
219.958300
235.742100
220.914900
238.065100
258.345500
227.627000
222.127300
237.699000
219.690400
248.121500
237.729400
229.963900
236.175500
242.934100
232.871200
231.012800
250.091600
249.004600
252.137900
262.174600
265.216400
239.885400
270.311000
260.337400
265.390000
240.838700
236.650300
223.797000
253.955900
259.546700
264.227800
260.281100
261.064500
231.750100
255.439500
236.662500
265.612300
244.499300
256.895500
254.277100
263.272500
251.297400
251.996800
264.886300
262.223700
250.848400
245.501300
247.099900
267.072400
235.693600
225.717600
243.688800
253.717900
261.023200
248.426400
240.197400
237.372400
236.693100
239.050000
264.140200
236.087300
240.749700
231.582200
231.408300
250.107700
214.759500
244.358500
255.121800
256.048100
265.519300
228.032600
224.127900
237.588600
227.611600
226.058300
251.333200
228.933100
221.228500
221.243900
221.190000
224.830200
214.922200
212.960700
228.812400
227.148100
256.365700
228.912000
259.352300
236.860400
236.951500
247.077100
248.257800
234.097600
229.528900
218.625100
252.714400
227.322500
244.309000
229.393700
257.876400
233.271600
251.190300
243.864100
236.687300
240.200000
232.572000
205.073600
243.554000
236.581200
249.899500
242.594600
262.862500
273.364200
256.336900
242.730500
241.040100
246.950000
256.118700
256.816400
237.945600
237.028700
262.733900
245.043600
246.545100
255.013900
258.595600
240.048100
246.782700
246.503800
243.949500
242.258500
225.770100
223.801100
244.789100
240.075100
244.356500
249.900700
250.269700
267.745500
232.556700
240.133600
223.392800
230.117400
221.639500
226.377000
237.697500
199.707500
216.108500
234.781400
241.611800
232.419000
219.812500
241.354900
242.404900
229.550100
236.152200
242.938800
243.553800
256.785300
228.013100
241.693400
233.529400
244.133900
216.064000
242.628300
250.038200
248.678800
256.869900
224.164900
240.757300
229.805300
271.186100
233.324900
251.690100
242.881100
242.831600
244.128400
244.493300
246.499500
243.871800
274.174300
235.570700
253.861600
259.127500
228.616300
252.601900
225.788300
248.452900
259.590300
236.867300
269.828000
232.505600
243.552200
240.376200
238.320700
230.070900
252.967000
253.365400
238.300400
246.608800
239.785200
245.919000
275.800000
256.135200
256.022800
271.327000
236.399800
246.911700
259.378600
264.337900
274.458800
257.504200
261.703900
234.871000
247.938000
251.950000
247.884000
254.851900
265.966800
239.755000
242.843200
247.306100
233.148000
262.819400
238.271300
242.703100
268.893500
253.115500
240.938800
252.751200
239.660800
247.110800
249.422700
249.198900
233.269200
253.129800
250.656900
237.101300
240.731900
249.809100
254.899500
265.508100
264.851600
257.770200
263.434300
260.676600
249.271700
257.310400
258.742700
250.093500
244.776600
247.680300
263.846400
251.000900
225.405500
235.625300
250.790700
224.629600
242.624700
246.363600
237.875600
235.233100
247.857600
244.375000
224.367600
248.946200
261.357800
227.827100
249.008200
249.808300
257.589700
234.492800
246.495000
264.914500
272.427300
253.726900
255.790300
239.826900
238.672900
248.486300
244.215300
262.342200
235.240300
260.797900
250.324700
237.798100
262.054300
252.307100
220.982300
258.336500
258.952200
231.372600
233.823000
230.690200
252.391600
228.530000
226.443400
240.446400
246.989600
251.752500
239.089800
241.052500
243.169200
225.771000
241.176600
255.647400
233.139200
257.471700
261.996200
239.663800
284.496400
238.122300
259.272000
240.846600
230.413000
255.053300
228.351400
256.933300
251.265500
247.441400
244.076100
242.893600
239.047200
233.003300
260.442500
263.864000
256.159200
252.953300
234.938200
267.684700
265.460900
264.086700
249.927600
232.634300
253.711400
245.298700
259.987200
247.607600
248.297400
249.044400
224.618600
215.204300
257.217400
220.756200
268.491800
256.746100
259.185500
233.312500
257.662900
242.361000
273.928500
249.115800
257.324500
256.712700
259.484100
251.516900
251.761800
248.077600
251.483400
261.676500
250.029800
250.623900
258.239700
243.344400
257.140900
225.681600
264.533800
267.380000
263.537100
266.833300
251.276600
239.626800
235.572300
242.030700
248.279500
246.139700
241.496900
247.331200
237.570700
222.846700
235.059200
249.241000
251.258800
240.184300
244.408800
235.349300
237.927400
236.735300
238.776800
264.969000
251.680700
