237.083500
211.478500
212.430300
216.937600
222.223800
235.671100
237.069300
231.710300
214.360500
209.666100
228.004600
222.018800
234.635100
225.183900
236.596300
237.560000
216.223100
231.382200
222.590800
233.743600
223.250500
223.264400
236.999300
229.064500
236.275900
239.679000
230.410300
226.790100
219.261700
233.234900
238.397100
238.890600
225.046300
223.021100
222.391100
235.142600
247.141700
234.561800
231.688400
228.592100
229.409600
221.501300
222.529900
224.552700
224.676700
236.030900
232.072900
243.002100
235.011800
236.669400
238.608100
226.368100
230.415500
235.666900
234.476000
227.656200
240.762200
224.001600
249.269100
235.939300
229.525700
224.370300
234.509000
229.238100
227.753200
235.364900
237.798100
227.329700
244.837300
227.181000
231.354100
248.663900
224.052600
244.156000
246.882400
235.561000
239.427200
239.570500
251.770300
224.200200
214.107100
230.112000
232.875400
243.347500
238.021000
236.855000
239.760700
239.013300
243.430600
245.115900
228.596500
235.981800
243.428200
228.552200
243.181000
244.297600
227.925200
229.602100
239.767400
224.747800
239.822300
236.304200
263.253500
242.760200
235.833200
246.799900
240.390900
229.035500
235.767500
271.853200
246.958400
246.665500
233.006900
253.273700
253.930500
250.778000
235.626400
257.667100
252.797900
241.981600
243.972400
271.285200
246.288000
241.486900
249.823800
247.683200
220.987000
250.583000
240.189800
233.740400
250.321100
245.695300
239.056300
238.027800
206.298500
227.641300
247.823900
215.832100
229.694400
233.475300
233.508500
253.733200
231.253100
244.811900
243.054600
228.235900
233.147500
232.181100
239.246200
222.302500
231.163200
258.498500
244.115000
248.896600
233.625400
251.937300
252.185300
245.700600
245.357900
288.112000
248.755400
307.874600
259.718600
263.406000
244.995200
252.239500
248.712100
234.947400
242.566300
253.362300
234.688200
239.186900
265.632800
245.042500
240.193900
246.471300
233.615600
221.796600
249.718400
243.400800
238.851400
229.185800
247.922000
244.065700
248.117900
229.760900
250.907200
243.250400
231.449500
246.342700
232.114900
234.912000
247.567500
235.625100
219.010200
242.734500
240.359700
241.858700
237.890700
236.100000
233.363100
245.956300
209.766200
229.529000
223.996600
218.222600
232.420200
252.085400
240.346000
249.194400
257.326300
238.997600
246.600800
230.314400
238.131100
221.672800
226.569200
228.086500
237.894900
207.477300
217.855000
234.109000
228.499900
223.646500
240.596500
232.638300
226.774400
231.235100
239.472600
226.777200
223.414500
209.282700
237.921400
236.601000
258.979500
217.794500
237.675600
251.634500
232.672600
225.324400
248.877600
245.771300
224.612200
225.287700
242.538300
217.483500
241.990700
208.047000
255.620000
246.470100
217.380300
246.164200
245.926900
238.114800
212.139000
234.546500
223.962500
220.338700
220.012500
236.570000
222.156600
227.544000
233.250100
209.840500
224.193100
248.978100
217.112500
238.443100
237.947500
224.968900
232.945000
245.497700
221.508800
231.706700
241.502200
220.388200
217.634700
225.083800
239.331300
213.513500
226.225600
229.635400
206.694200
227.138800
204.202000
209.604700
222.095200
206.146600
215.553200
219.642800
201.059100
220.214600
209.498000
227.102800
218.451400
228.062700
216.591900
218.248200
237.986900
214.992300
195.478900
219.406900
206.300900
196.254300
202.469900
195.581600
199.109700
198.942400
198.363300
201.301200
202.293100
198.559500
207.485000
200.822400
195.222600
218.236300
219.626500
223.491000
201.560100
204.825000
226.859800
219.194600
213.857600
217.983300
227.406500
226.726800
209.357800
207.485300
215.915800
193.448600
219.377800
215.315000
209.746400
206.507500
208.346100
195.525600
225.468700
225.442500
207.822900
203.878600
221.827700
233.855300
199.709600
205.036100
211.738700
208.191200
212.548900
214.318700
197.509000
213.090300
216.135800
193.428000
209.018700
203.652200
195.100300
208.845000
224.120000
220.761800
220.496100
208.526900
214.494200
195.932600
194.630200
217.031800
228.364700
213.082700
216.814600
210.010100
221.954600
221.458300
206.990700
206.979600
219.091300
218.633700
207.216300
227.571500
210.571100
213.382000
224.205100
213.296000
195.284400
198.470700
214.279500
213.725100
235.282300
210.266800
221.148200
207.616200
209.223500
208.746100
231.164400
212.975400
217.615400
213.127600
207.656800
224.900300
230.961700
221.735500
204.644500
221.369100
218.372800
216.562700
215.322500
230.812700
233.864900
223.862600
210.971300
225.885500
223.935200
200.574500
221.036900
208.142900
208.249600
202.552300
216.331100
216.184000
204.468100
221.835700
225.218800
215.284200
204.531900
260.841400
225.505400
212.366000
226.783200
215.973000
198.070500
209.893800
204.380500
207.091100
213.433400
213.574800
217.308100
228.913600
216.125700
223.709500
222.228900
196.658100
223.785300
216.090300
215.523300
220.890700
229.050600
202.353400
210.313700
225.567100
190.903300
193.143000
190.577700
216.614600
226.918100
231.574000
224.916100
213.455000
216.793300
222.700200
207.784800
230.873700
220.784900
228.884600
200.864700
205.563200
223.124800
215.849600
197.427600
212.192100
190.328400
215.770100
184.077100
213.981500
193.910200
215.505400
204.978800
201.257900
199.860200
191.191200
224.850200
213.085100
243.049900
207.960200
200.072100
211.680500
203.198400
226.503300
213.161700
208.973500
206.009200
203.970700
204.689700
208.959000
197.697000
192.600900
198.946600
184.297800
199.641700
210.632600
210.700100
209.543000
224.090800
238.557500
208.813400
215.170000
220.450400
203.194300
206.169100
206.901000
206.165300
222.924000
221.844700
214.512100
199.128200
200.828300
212.010500
205.534800
188.101300
216.284900
190.227000
206.672900
215.283300
215.499700
208.478300
221.829100
193.614800
212.869200
217.343200
207.675500
193.032100
213.002000
199.342700
211.847200
208.780100
218.345000
238.257600
198.685700
242.415800
214.595900
213.629900
203.145100
214.493400
183.563300
217.234400
196.332900
213.105800
212.444500
217.415200
211.696600
214.437000
208.852800
216.847400
246.359700
216.998900
196.720200
194.530100
203.193400
204.186800
233.811500
231.341000
222.461900
193.734200
208.883400
196.887400
196.702200
205.342000
220.482500
210.750600
205.619000
210.821100
189.913600
224.722900
210.122500
194.206900
193.386600
212.202000
218.868800
217.014500
222.500200
215.155700
214.523400
215.509200
220.771900
205.742100
198.752100
211.074000
226.407000
223.492100
214.062800
230.132600
220.798400
204.766000
204.763400
222.538500
217.479400
221.150600
213.004200
225.988600
203.055600
222.455300
216.596700
207.312000
217.934600
209.104400
210.871600
194.552400
221.639400
204.076500
217.554600
225.305500
208.608300
226.334200
218.424200
188.336600
206.162900
219.474500
210.299900
226.122700
202.730600
220.924700
200.602200
209.753000
200.418000
229.320000
225.691800
218.111900
216.770100
188.667500
224.953800
196.066200
215.012800
206.454700
225.164600
193.633900
202.688700
210.345100
218.539600
237.790300
215.085500
231.587300
230.769800
213.474400
205.339100
235.711700
217.660600
219.370200
213.300700
235.264300
221.925500
218.647900
215.348300
232.037000
235.561600
225.739100
234.614900
201.901000
233.863800
219.435600
199.522200
235.391500
204.172300
212.413700
232.839300
216.569700
201.990100
222.484900
215.061500
218.668600
215.714700
226.914400
206.182800
212.395700
210.525400
232.402700
224.436000
224.502500
224.230100
224.766900
222.850400
217.821500
219.730900
232.880700
231.425800
232.275500
205.096500
219.032600
224.380200
204.740200
211.903400
209.754600
195.832400
214.452400
223.796500
226.879300
227.034900
234.375400
217.623500
235.000100
220.760600
237.783900
236.527600
218.189000
215.754500
216.082100
215.515500
215.512600
210.155000
208.938300
209.344800
213.560900
220.506200
231.598500
228.174500
237.604400
219.007000
227.734400
222.208000
224.936700
234.801100
233.566500
217.235900
207.178200
206.309100
240.693100
209.981900
215.486500
221.957600
222.045500
219.643300
210.162900
215.916000
223.728100
208.690900
223.985500
224.407000
216.387900
213.736100
237.910200
218.663100
210.496500
230.555700
200.072000
196.923700
199.710500
205.083800
209.225500
202.528300
232.261400
206.058500
215.841100
210.193700
197.325200
218.818600
217.286500
226.433700
210.214100
222.309000
207.631600
222.289000
216.558300
207.669100
228.229900
208.631300
207.066800
219.004600
215.411600
223.550700
205.681600
208.409700
219.260600
233.683100
212.272300
209.749400
207.301100
214.723100
202.914200
218.685800
220.614500
220.087100
201.876200
213.749200
199.120500
208.655400
230.563500
205.125700
202.142600
204.306800
215.995800
230.989800
216.042200
215.118300
227.156600
233.267500
210.693500
230.095800
232.909900
214.647600
222.774800
217.525000
216.187400
230.371800
210.812200
231.507900
233.553700
244.986500
235.729100
217.386800
211.097300
205.162000
219.970100
201.113500
232.067700
228.184300
233.192800
225.544900
225.932400
212.224300
198.140700
223.908400
221.121800
230.884000
228.499100
244.216800
223.081600
208.369300
226.129400
215.055600
253.436000
221.756600
237.398000
215.934100
226.940300
219.434300
218.542600
207.333200
239.488100
216.245500
253.506200
234.580200
224.295100
209.069400
222.356400
202.955700
202.330200
214.635000
223.644000
197.883300
230.008800
218.431100
232.982100
240.656300
237.926400
197.932800
218.136900
215.521400
221.204500
222.499600
228.200500
230.937500
217.095600
225.345100
216.574800
213.905900
229.960500
208.043200
219.709700
243.827500
218.474100
211.018000
222.195600
231.703300
223.611900
225.364500
217.524300
233.231700
208.964900
221.195600
198.390500
203.058900
222.912000
210.804800
236.799500
203.768100
225.347100
225.163200
219.187900
233.680900
203.209300
239.411600
206.923000
246.694400
238.528000
235.296200
240.763000
227.476500
238.958200
239.021400
219.925000
234.139500
237.513500
219.907400
217.752700
216.701800
