2347.783200
2381.251300
2372.006200
2339.647400
2363.238300
2403.458800
2382.419000
2490.236000
2486.778600
2206.775200
2257.271700
2440.749800
2492.567800
2359.928100
2300.053200
2293.743300
2228.762700
2273.619200
2372.068100
2382.337900
2293.267800
2318.817000
2462.668600
2372.059000
2359.064500
2400.441000
2418.494000
2264.295200
2361.362700
2224.973400
2242.481800
2212.975400
2253.679500
2273.557800
2439.738000
2503.863900
2498.175000
2356.158100
2324.992600
2613.545500
2271.104100
2299.452300
2475.447500
2364.559300
2376.379800
2561.586200
2497.097500
2452.978200
2557.717500
2374.385900
2459.431200
2269.320600
2458.380600
2248.163000
2338.399000
2344.497400
2524.452100
2378.202000
2391.505800
2352.950400
2296.785500
2360.132800
2320.488100
2338.327400
2417.298900
2372.317700
2381.598000
2432.388300
2415.168700
2347.775600
2297.530200
2295.931300
2450.448200
2294.942600
2309.053800
2188.411500
2351.696500
2397.032500
2371.678100
2425.685300
2440.512200
2377.153900
2500.435600
2288.617200
2302.658800
2044.729900
2233.045700
2331.409800
2268.693500
2275.764800
2439.628300
2383.727600
2279.384500
2343.234300
2237.986700
2290.037100
2363.515600
2419.553000
2406.732100
2322.520400
2503.707900
2502.068400
2479.978200
2469.489400
2459.130900
2388.113400
2353.245900
2242.045500
2489.726400
2587.548200
2385.718600
2313.495600
2343.213400
2297.862500
2370.448100
2213.302700
2323.800600
2320.712700
2311.273000
2427.486700
2332.474500
2416.241500
2309.324700
2385.238800
2198.571600
2433.458700
2409.965400
2440.836100
2372.297200
2569.315400
2331.662600
2454.384600
2486.363600
2411.545300
2334.896200
2393.839900
2228.000100
2452.178500
2468.462600
2265.461800
2273.596600
2278.759600
2334.078400
2446.174800
2427.325000
2224.071700
2338.754300
2291.861400
2390.171300
2246.337500
2540.499600
2369.570200
2294.848700
2275.265800
2383.309600
2329.881200
2293.225500
2428.637700
2311.386500
2380.507600
2428.791800
2380.691200
2362.926000
2241.988300
2243.193100
2406.467000
2168.170600
2177.610500
2026.350100
2361.887000
2207.406900
2277.139900
2522.207700
2409.964400
2372.788800
2298.948500
2407.173200
2512.829200
2254.057900
2489.475400
2331.519700
2200.485100
2393.546500
2434.168200
2224.077100
2334.382000
2361.626200
2220.698500
2186.954800
2163.298300
2362.542700
2401.571200
2475.990800
2241.262000
2209.131000
2554.363500
2314.234700
2298.259800
2274.817400
2281.798600
2499.796300
2329.080800
2430.453800
2143.547100
2191.308700
2542.345100
2430.614000
2265.530200
2271.636200
2357.654500
2267.759100
2211.451600
2288.368600
2269.948200
2469.456700
2240.371800
2199.682500
2406.802200
2309.046500
2409.525500
2373.626900
2317.060200
2335.440100
2382.994700
2469.988700
2142.673600
2228.016500
2257.779500
2454.959200
2214.380300
2296.161600
2275.834700
2158.641000
2123.408400
2132.230600
2053.064600
2245.963700
2327.482600
2183.236500
2158.397800
2309.645900
2163.888400
2213.676600
2342.111200
2289.671300
2081.916800
2076.056900
2215.191500
2245.629700
2162.271300
2119.813900
2391.456200
2098.513400
2238.064100
2187.617500
2462.343300
2191.794400
2180.151000
2060.602500
2032.240000
2199.558100
2124.399300
2260.471100
2132.905100
2245.563100
2227.814900
2189.614600
2023.172100
2142.743700
2301.830700
2109.592000
1977.612800
2276.773400
2031.103100
2155.680200
2155.300900
2168.503400
2085.694200
2393.117100
2348.388200
2230.810900
2342.763300
2025.585900
2403.157300
2360.183300
2300.078900
2166.383800
2172.088700
2269.125800
2125.012100
2214.043500
2126.093500
2168.529300
2268.655200
2356.431100
2388.765400
2405.021000
2552.046900
2287.509700
1980.055500
2244.687800
2350.945500
2243.606900
2326.155500
2308.129200
2283.193800
2214.618100
2070.204500
2143.666300
2096.164000
2231.863800
2192.801900
2453.578100
2156.477800
2450.934600
1774.027900
2109.433900
2209.296300
2277.012000
2266.674300
1955.240400
2087.650500
2102.846900
2195.770700
2126.537700
2537.196800
2302.160900
2033.592200
2121.714800
2203.883000
2231.874600
2158.982800
2253.691100
2078.441400
2109.145900
2116.352000
2250.121700
2493.512300
2145.539900
2183.275800
2296.751600
2300.256200
2200.790900
2260.655700
2236.153700
2233.445200
2456.857900
2236.334900
2121.376800
2220.988100
2241.025800
2345.147200
2331.524700
2232.447500
2617.307400
2402.343700
2484.985500
2121.860600
2244.767000
2247.815200
2363.165300
2146.222700
2255.979200
2073.147400
2409.610100
2335.421700
2322.784700
2205.767800
2368.940100
2261.592400
2239.407000
2293.193600
2342.929100
2491.547200
2344.615000
2113.429300
2283.289100
2223.736900
2300.875900
2314.843300
2285.751500
2349.240800
2375.843900
2375.092300
2177.793000
2096.145700
2569.288000
2350.566900
2303.243300
2252.823400
2178.571000
2406.678100
2308.634700
2501.732300
2380.918800
2520.558300
2374.385300
2380.962000
2309.926600
2397.178200
2529.212800
2362.521600
2683.551700
2232.911000
2489.660500
2523.338300
2277.507300
2675.979100
2399.247400
2364.645500
2456.676300
2506.247600
2344.398500
2359.180000
2376.632000
2166.489200
2318.066800
2445.022800
2481.754200
2485.161500
2444.738200
2397.575100
2328.852500
2402.457600
2258.828200
2477.072000
2247.180600
2406.465700
2585.127300
2491.668300
2270.729900
2302.826400
2296.694200
2377.224600
2224.054700
2324.288000
2354.009300
2165.884200
2327.792300
2350.189900
2422.904200
2394.908200
2158.719000
2551.791200
2390.212500
2366.985000
2237.895600
2480.999900
2663.281300
2330.437100
2351.228200
2597.680900
2498.223700
2462.402800
2480.563900
2561.668000
2346.553900
2376.733300
2533.325400
2587.890900
2608.804500
2751.257300
2584.133200
2337.000900
2222.961700
2304.268400
2284.079900
2435.437500
2349.018600
2622.714200
2161.730700
2275.291600
2469.592800
2530.342900
2575.086100
2574.250500
2421.594900
2318.441900
2290.948400
2613.335200
2453.148100
2241.570500
2569.691000
2443.246900
2402.753800
2433.127800
2329.460000
2664.799700
2471.661800
2330.337500
2602.677300
2495.689500
2615.344700
2433.378100
2492.623000
2390.557600
2544.483100
2461.967300
2519.067700
2451.147100
2717.413100
2554.379200
2518.665700
2439.906400
2337.761900
2461.305600
2733.631700
2592.400000
2227.839600
2565.991800
2663.230700
2405.152500
2341.235700
2320.509700
2281.335800
2363.232800
2459.418400
2316.689600
2343.254600
2457.808400
2418.539600
2433.745500
2474.172200
2279.975100
2541.916800
2265.699200
2511.646000
2290.001100
2365.309700
2348.769200
2443.165100
2462.032400
2324.845700
2313.841800
2362.694100
2384.334500
2402.415400
2384.730700
2381.136600
2424.258300
2382.551200
2358.423900
2398.878400
2439.645000
2460.632500
2339.120100
2411.650800
2352.089100
2275.185200
2182.854900
2292.210200
2387.078700
2251.036100
2250.217000
2287.089700
2307.152600
2563.270100
2437.011700
2361.512900
2470.227600
2139.421200
2234.335500
2233.433000
2382.233300
2323.950100
2526.238200
2327.079200
2538.328700
2337.443700
2312.056300
2373.603900
2428.844200
2307.840200
2275.906900
2352.306700
2429.298900
2382.562800
2345.285000
2334.502900
2277.746300
2202.495400
2379.450400
2420.906600
2386.053900
2147.264800
2315.331600
2176.129500
2338.342900
2351.814800
2298.946900
2237.086400
2343.774600
2201.655400
2246.441200
2342.183500
2387.901700
2324.221800
2285.713000
2300.790900
2189.212200
