671.936300
616.206200
614.488700
618.020700
604.230700
635.869700
626.143600
640.581100
610.759900
586.840100
596.940500
611.849000
680.288600
630.293300
658.930800
663.291500
592.794400
633.301300
624.943600
667.675300
635.605000
646.564000
672.550400
627.534200
661.535800
664.950400
650.232400
650.749900
619.375300
666.133900
678.518300
677.876300
643.597300
628.790100
621.440800
646.860800
643.319500
648.796500
642.527400
621.677900
618.777000
627.788300
613.593600
634.726200
618.431600
697.119800
674.280400
702.118100
660.732200
675.651000
659.622900
645.545600
638.966100
656.770500
726.072400
644.667800
659.048800
615.492800
687.417500
665.541900
643.094500
634.965800
658.260300
633.567900
637.684400
678.976900
690.943600
635.573000
689.984800
628.112900
648.183400
675.627800
648.888500
685.767900
694.062100
668.326400
665.566300
664.248800
670.370900
608.023100
604.939600
643.241900
639.869300
674.664600
658.355100
662.990300
666.705700
652.531000
665.773100
693.936800
667.143700
653.210500
660.046100
632.562200
668.458600
687.042200
632.270000
631.457800
676.356200
626.985900
647.180900
643.858100
686.238600
664.374100
621.198500
669.627100
653.997400
630.377200
637.674500
703.160500
666.490600
672.433100
641.411800
686.378800
722.649900
689.885400
638.411900
683.740300
604.146600
651.784200
657.795600
658.273900
670.679200
673.354100
671.076500
677.766900
594.786900
649.462600
653.439200
620.048000
670.614100
668.650400
656.240700
627.071500
563.629600
631.822900
645.337300
578.253000
609.005900
629.764400
631.230600
688.978300
629.921200
659.771000
665.128900
613.653600
604.357200
603.676200
628.357100
598.521000
620.690800
674.198400
665.231300
662.892200
636.313500
676.054600
671.832800
659.458100
664.465800
645.795900
631.674700
676.459000
665.724700
635.303800
658.453300
655.209400
650.234800
632.113300
629.944500
673.912100
616.230900
644.907400
672.530800
662.632700
654.336600
648.322400
586.244400
615.012200
665.914700
652.321900
662.338800
635.025700
662.730600
651.394500
664.961300
629.724100
625.976700
656.259300
621.926500
674.195100
579.995600
631.295500
677.129700
626.265400
616.568400
678.112200
661.797000
666.349900
622.314600
637.260000
616.178000
659.612100
584.301200
620.432900
610.095400
600.417700
642.377100
681.453800
694.846000
679.407200
685.372900
646.458200
646.344600
627.171500
670.530400
610.874200
616.833500
638.989300
661.177700
596.552000
619.005700
667.746900
619.545600
630.061000
641.815900
635.397700
601.817800
652.274800
654.961100
648.596400
649.080400
637.165100
604.811700
639.485400
670.896300
584.287500
663.970800
671.771400
609.842700
602.099700
676.560800
643.616800
617.295700
624.097800
664.600000
608.728600
656.364500
626.710800
697.600500
666.540900
614.497000
659.477900
672.603100
654.872900
653.499200
612.791500
636.352700
669.201400
630.167300
648.617700
609.673000
661.591800
677.110900
606.154000
652.509500
690.028600
614.295700
674.038700
654.678500
621.898500
635.877600
633.234800
671.131500
653.890300
657.009900
642.210700
631.899900
643.558300
608.966700
620.693700
627.145800
666.047400
643.298400
654.374000
649.005500
666.909200
683.423300
682.090000
614.127600
636.585200
624.492000
641.481600
612.788500
616.684200
644.393500
672.047600
617.836300
631.764500
655.518900
618.529700
667.288800
648.834000
593.988000
574.897400
621.782300
584.738200
616.576500
612.457900
623.617600
609.283400
606.185100
582.418900
580.914100
608.240100
602.683700
638.718900
707.632600
681.414800
623.772700
633.563000
659.352500
619.367500
638.072100
618.254000
671.256300
665.552900
639.052600
619.248600
648.593500
633.728100
633.869100
599.089200
611.736000
614.554600
638.063900
654.770000
675.238100
706.294400
625.928900
653.816100
644.615400
678.840200
586.305300
596.625900
650.132600
661.678700
663.852400
670.529700
673.756800
642.974600
606.244000
618.636700
606.314300
644.124000
658.385800
618.425800
625.021500
647.289900
648.640400
620.783400
617.005800
634.006900
591.714600
642.782500
626.652800
660.506200
651.587400
637.329300
650.461300
624.709000
647.316000
643.797300
673.234200
620.465600
614.850600
655.513300
613.081400
642.602300
632.202400
631.184400
620.636500
622.266400
603.305600
608.330500
678.351200
643.563300
631.829000
628.278400
603.843600
640.812900
680.022600
626.438100
644.859000
618.629500
599.334800
626.213500
641.550000
639.717100
614.692800
653.113000
600.901300
654.881300
606.204100
609.336500
668.107200
639.898000
642.731400
668.127300
625.213700
576.491100
611.680200
607.351000
604.645700
585.224700
618.133200
603.700400
616.301600
671.002000
621.086500
670.337000
578.647900
660.853000
606.582500
623.412800
646.567200
616.950300
590.790000
599.964900
619.124600
631.648800
626.790200
657.335100
626.103400
686.168800
667.561400
660.882300
623.740400
623.189400
623.283900
622.075200
655.728500
650.421600
664.774200
642.468800
606.939100
641.141600
572.871000
582.086700
626.344000
658.136300
661.242500
647.791100
616.540300
626.578000
653.334700
630.777400
625.745900
635.841400
646.140200
627.205500
608.037100
629.131300
633.618100
650.781000
626.890500
620.057600
629.322900
640.482800
578.405500
642.309400
627.578000
624.917300
674.592900
563.210200
588.981600
549.440300
618.387900
617.607700
655.835400
615.699700
588.729300
631.807600
581.028800
631.907500
625.822100
630.045400
599.035900
604.460200
584.541600
626.383700
581.459400
603.160200
580.650300
579.563800
606.824700
609.158100
628.722900
610.736100
674.580100
679.779600
619.200200
669.208300
601.826200
594.617200
626.339000
634.176700
609.656700
630.417300
693.510200
647.895300
628.758900
615.255200
620.831600
640.126900
626.262700
636.634600
634.421300
684.266700
691.002300
655.081700
592.743400
635.998100
574.081200
609.466900
660.648100
622.072900
602.480900
670.653600
596.303200
642.501700
625.557400
655.533400
623.978500
595.628600
660.782600
625.365700
629.199800
603.330500
620.553800
586.363700
627.411800
624.612100
620.128800
623.029900
639.479700
648.498300
649.816800
599.991000
614.767100
627.873300
617.773200
579.798900
630.627600
585.635700
580.991500
666.063800
670.482600
689.507200
564.733800
598.741700
581.943800
615.254500
662.101400
590.387000
577.318200
576.253700
651.833100
598.821700
638.977400
636.375400
601.001600
587.275500
639.512600
619.090100
642.220900
671.629400
623.069800
582.740800
597.297300
626.993900
579.637600
599.072400
610.484300
631.827800
640.610900
606.090500
620.607600
609.176100
589.929800
566.926400
605.436400
597.271500
620.730300
641.823600
645.706400
586.139700
599.723400
645.825600
599.953600
630.675600
602.267700
576.586400
640.033100
658.625100
648.055900
631.378600
608.949600
608.092600
631.343900
623.908000
592.420200
586.311800
654.533100
619.117100
582.680300
576.368000
609.789300
575.148300
613.363700
595.729300
620.988000
634.632900
612.884000
617.104600
547.563600
611.155500
594.125000
610.189100
641.845100
633.056300
591.270900
577.881200
620.393900
597.997500
637.808000
607.996700
654.961400
655.085300
633.252700
582.842200
654.406800
643.781500
620.241200
611.635100
623.415000
635.606800
640.019700
605.306900
623.050300
609.697300
598.334900
635.006800
588.794400
627.506700
596.623800
579.038000
657.149900
608.313900
598.048400
601.327700
637.249400
625.590600
630.171200
593.417600
591.760700
600.239000
639.493000
603.398100
598.190900
597.124800
635.250900
610.959800
626.871400
566.509400
601.096800
616.056100
593.872700
623.026500
638.285100
627.068600
651.219500
561.970700
617.438500
620.841000
592.839400
591.243100
598.851600
609.485800
581.783900
595.048500
571.611000
574.827600
576.148900
591.513700
612.192400
574.376800
613.661900
642.424400
575.646000
605.020400
606.407800
577.657700
617.778000
632.015500
610.538800
589.819000
595.715300
601.271400
600.733500
585.832200
636.352400
584.018900
615.984000
567.506100
607.947700
643.070700
644.658500
681.420200
588.487900
588.508000
674.670300
615.642200
633.261100
621.841900
636.357300
665.691000
593.085400
602.897700
617.026100
563.875500
624.493500
642.137200
598.574500
606.038100
678.118700
593.480000
595.573100
600.069400
552.371200
573.872900
624.315000
613.804200
636.824700
559.161900
616.459200
578.430000
641.108700
638.659600
609.498900
608.378700
586.941700
594.797400
560.703400
583.050500
578.358400
595.649300
587.318000
568.057300
588.288400
599.540400
586.280700
616.367700
571.128500
625.340900
597.903600
565.930900
637.193600
611.837600
575.426600
567.191700
618.754000
598.772500
572.403900
595.211300
624.729500
593.570400
588.667400
613.297100
589.267400
585.548100
650.532100
585.163600
633.312800
595.556000
636.294700
629.737800
603.804800
598.630900
609.520700
555.136100
583.491700
568.571700
616.638400
568.962200
579.717700
583.017400
559.033900
580.753000
579.044300
665.571800
664.619300
622.908500
619.800800
596.395600
580.836600
535.042700
544.563200
569.520600
635.655300
627.915600
617.701300
573.977300
538.495100
575.014400
545.437000
567.559600
588.172000
627.754900
624.325700
615.868700
599.666600
581.520500
584.314000
587.219100
618.973700
576.931700
636.199100
586.950400
604.856200
592.114600
596.479100
595.823500
596.502500
568.645900
635.225300
625.682300
596.806000
581.655800
561.399800
548.906800
564.046100
642.548600
581.531300
610.351100
677.468300
544.747600
589.503700
597.330200
581.784900
601.986900
568.186700
615.832600
596.228000
577.609600
583.667500
603.781800
636.296900
600.671700
566.065300
599.822100
616.224600
575.315300
556.093300
617.050900
565.970100
579.136100
601.128300
599.746800
588.476700
592.099100
567.746900
639.385000
574.007100
596.241300
621.911500
617.682800
584.743800
614.203300
648.179000
634.757600
625.345700
641.916500
558.750900
591.982900
576.426500
632.089200
606.305300
623.676800
627.087100
595.878900
638.340800
601.509600
647.618600
619.754500
624.868500
646.068400
594.928200
613.787900
563.992800
585.502800
