830.584200
818.881000
817.524600
798.169200
794.396600
825.145100
848.332500
888.865100
853.685500
795.441800
797.633800
839.891600
825.188200
787.824300
741.298400
788.567100
754.509900
808.620400
811.305900
816.706700
802.561000
806.662100
853.139400
831.547400
955.415800
856.638800
899.960300
780.220500
818.041100
718.901000
737.576400
744.472700
818.321800
768.468500
849.791200
840.599300
811.142500
791.471900
783.632700
888.726100
817.955000
784.500200
859.407200
770.550400
779.617700
839.696600
794.204000
885.879200
908.566500
805.699800
844.642400
778.393500
880.919800
761.570100
814.877600
848.800100
892.678200
859.716600
853.634900
850.562100
823.653500
821.010800
822.206600
818.672300
881.611000
829.650600
816.244500
857.838600
849.533500
803.511900
775.385300
777.575200
824.768600
801.126700
805.607900
748.850200
807.783400
832.730300
816.370700
845.051900
833.643800
791.860800
849.054200
792.911900
794.747300
815.186000
892.460200
793.710300
846.575500
807.962500
852.300100
821.221200
809.673600
806.036500
786.428400
837.208600
838.024400
844.400100
851.108500
809.570900
856.187300
853.536500
856.099600
838.743700
805.526000
854.282700
817.652700
755.193600
865.214400
863.410300
809.493900
840.594800
787.603200
797.826100
796.689200
748.067900
784.063200
818.461000
826.304200
820.647800
809.625800
815.800800
798.205200
828.173300
736.176400
796.058700
782.175200
840.933800
786.179100
880.530000
771.069200
845.001600
827.618600
841.023700
764.558500
768.139400
729.658700
831.085300
852.842600
779.686700
744.766800
761.056000
773.640800
820.528400
818.533000
749.346100
798.889500
771.508200
825.075600
785.017900
853.188300
800.672000
763.909400
761.454400
787.301500
800.329900
750.757000
806.616200
772.130900
792.939100
808.682100
799.491800
783.131400
753.810700
761.939200
822.931500
759.636500
730.448700
686.345800
802.953500
729.609600
748.907800
847.168000
795.708500
784.305900
741.333400
779.897500
819.848200
745.985400
795.384400
771.944500
711.196000
794.423500
793.483400
735.842200
751.743700
781.647000
736.050300
685.258900
679.810100
782.014400
790.144100
841.109400
723.858600
740.843400
799.205500
757.163900
769.843900
739.790500
817.014300
838.529000
795.133800
815.965400
796.523200
952.058400
1102.437900
961.778300
744.020400
685.153100
756.772000
721.953400
690.671500
804.273800
730.007300
815.466000
785.346400
788.739300
837.952900
786.090200
788.628200
779.600300
793.576000
766.785100
760.758900
811.753800
682.731400
728.780400
747.633500
794.065800
719.635000
776.897800
788.244500
718.772700
723.026600
718.701100
677.730700
787.128800
797.321600
768.761400
747.443400
782.422600
728.598800
777.559600
812.099800
796.933500
729.470100
734.577100
721.699500
764.309400
738.009300
722.498900
793.697700
708.296700
738.887400
735.343200
833.670900
726.471700
712.713500
670.963500
657.259900
697.611600
663.272000
728.895800
665.979800
716.185500
716.323800
691.223800
647.796100
704.447600
758.570200
703.915200
653.257300
757.463100
681.207300
727.816200
730.829700
691.949900
684.018800
742.880700
727.225200
709.161900
761.818200
666.977300
809.035600
766.757600
773.542600
680.409300
718.410400
710.904100
691.397300
726.001500
688.309000
702.035000
712.065300
765.232700
790.001700
757.714300
827.757900
715.422100
625.911500
716.426700
774.728000
790.911500
762.974600
751.847500
737.251900
697.180700
665.257500
710.232600
699.678800
740.709000
704.355700
804.916600
689.222800
797.686900
547.746700
699.015700
732.089400
753.763400
769.607600
664.428500
692.739700
731.991000
767.698700
796.222600
874.761200
785.273300
673.140500
726.121800
766.763300
797.802300
906.653900
760.877500
667.180900
711.434200
690.658600
747.782200
837.204900
690.426000
722.955600
762.748400
758.474300
721.415900
759.563100
725.293800
763.230100
831.513600
729.995000
673.617300
752.415100
706.401800
709.496000
720.640900
709.842900
834.199700
773.828300
795.867700
777.499200
753.566100
827.142200
823.110700
732.070500
765.462300
705.135100
797.926700
738.968300
762.106800
717.504800
683.931400
751.253200
678.828900
793.941100
766.869400
811.999300
774.633400
690.925500
806.826900
775.982200
777.588700
810.882700
755.224400
767.530400
746.329500
778.097100
690.238900
707.045300
849.447300
826.172700
794.810100
734.007500
734.394900
802.731000
808.125300
828.781200
769.157900
884.789500
824.681100
803.478800
764.066800
803.055600
839.294100
787.528500
870.644500
715.691800
788.444800
801.908500
752.388200
872.679000
789.960000
760.801200
801.136400
782.759500
777.836000
753.193000
796.965700
753.238200
774.965000
809.077000
832.955100
844.760500
820.672200
809.831800
754.212000
806.987500
793.487200
814.953700
749.185500
779.042900
847.582000
837.022800
749.292200
802.057200
792.504900
869.169700
787.409900
781.224700
835.922500
755.520400
799.649700
787.213600
867.979500
830.759400
742.325100
889.909800
802.467500
816.835500
784.483400
848.859600
888.384900
816.294000
793.254900
863.672400
843.128500
826.215800
834.433700
857.206800
774.907900
772.033800
823.098100
856.520500
877.174700
908.806000
859.780300
768.016000
733.656300
761.249600
738.421000
797.124200
785.109000
862.006100
728.329700
754.132000
829.372600
840.044100
862.847500
863.307200
831.528700
732.545300
786.909500
852.962500
789.004400
750.654600
869.436000
838.611200
840.392500
842.731700
822.168700
864.491600
850.104700
764.411200
873.338000
840.932800
866.727900
806.008900
843.653000
780.225800
844.474300
818.425400
831.634500
806.672400
920.847900
832.765100
832.792200
821.259300
796.849800
864.295300
939.646600
1006.857100
820.372000
955.445200
877.694600
890.029200
846.498500
866.804900
836.462900
1042.753000
883.924300
834.708800
826.015100
925.128100
1667.753100
1156.620400
1069.197100
932.123000
1014.442600
841.690000
948.916000
841.542000
837.694800
824.811400
945.573700
907.166300
809.739300
806.290500
784.462700
782.089800
799.400300
830.030500
848.148600
847.134900
817.612600
822.979400
795.159300
819.981500
830.831600
864.482800
822.602500
861.575500
792.922200
801.296000
796.708900
834.658700
780.330500
773.557000
805.053700
811.508000
895.226700
812.975800
822.148400
841.429900
808.902400
817.958700
787.746400
853.062200
821.256200
871.216800
799.410500
884.415000
819.395100
804.029100
815.935700
826.900400
778.043600
783.986000
822.876000
846.074300
841.703000
886.423800
793.391500
791.523900
725.542500
837.799300
847.428800
822.075300
733.977700
802.389500
738.506600
846.676400
779.177000
796.152400
800.108800
815.752700
771.334600
826.513700
792.090900
843.161300
752.372700
792.425600
837.603700
774.618700
