1243.588600
1215.929100
1298.637600
1165.694800
1146.572800
1177.145500
1182.308600
1084.808300
1089.911600
1124.070100
1203.651300
1317.256700
1331.870400
1345.264700
1113.379700
1271.817100
1206.047400
1276.586700
1187.968800
1140.073400
1235.446200
1137.792100
1276.796700
1184.468400
1069.033900
1276.398900
1269.148100
1321.159200
1293.759000
1172.980800
1435.355000
1287.617500
1285.069600
1383.166900
1322.544600
1371.340500
1243.447300
1422.827100
1329.891600
1372.931500
1303.264200
1214.336600
1228.550700
1246.046800
1203.267100
1226.437400
1192.348500
1238.792300
1264.688300
1220.566400
1246.196500
1308.290300
1287.825400
1237.234400
1299.625600
1315.827500
1279.486800
1356.855500
1352.005200
1292.169500
1178.795800
1117.593400
1169.126700
1079.921600
1183.189100
1192.885200
1177.311900
1211.036600
1273.488800
1112.530700
1098.672600
1231.556600
1172.549900
1120.528900
1248.752800
1136.369900
1237.745900
1285.241500
1194.966400
1234.696800
1154.521200
1124.231300
1256.254700
1183.477900
1196.529500
1246.470500
1212.098200
1242.091900
1360.289600
1219.467600
1186.476100
1272.644800
1333.765000
1185.298400
1193.517700
1291.026700
1314.100900
1199.798500
1173.980600
1153.690500
1232.046700
1358.066800
1307.223300
1308.906000
1325.325500
1270.444700
1292.970400
1295.082100
1262.385200
1299.685600
1240.183200
1224.525900
1271.498400
1221.132700
1228.329200
1297.175100
1198.570600
1179.211600
1212.180800
1160.562300
1267.408000
1169.736500
1197.877000
1221.364300
1275.245500
1283.942000
1273.928600
1215.846000
1171.435300
1239.682300
1306.796500
1271.252700
1266.012700
1294.740000
1185.727700
1234.663600
1207.843200
1159.997000
1188.410900
1272.076300
1253.523700
1276.871000
1339.493100
1245.745700
1330.551000
1146.224900
1197.196000
1328.418500
1378.096200
1287.539800
1216.830100
1185.679500
1225.678400
1230.999400
1265.225800
1355.121400
1367.189400
1412.649300
1278.964000
1292.089000
1266.287400
1196.006000
1303.279500
1265.328100
1226.193700
1184.921400
1279.235700
1271.190300
1288.470200
1290.766200
1226.479400
1347.485400
1234.689000
1510.627000
1239.277200
1265.313900
1227.707400
1163.304900
1292.414800
1240.957000
1379.247200
1244.986000
1277.595000
1325.860200
1320.444200
1255.610200
1399.128500
1317.942300
1306.927200
1231.611500
1197.628900
1337.761600
1241.350400
1270.176400
1282.165500
1216.477600
1367.124000
1243.497300
1300.831900
1235.168800
1230.116700
1370.227500
1263.245700
1196.860100
1388.937200
1281.488000
1241.385100
1311.482400
1297.629500
1290.463700
1284.362200
1211.488200
1260.098100
1308.533200
1412.415600
1198.176000
1456.788800
1377.117200
1296.853100
1423.515100
1389.579400
1355.353200
1283.909300
1488.186500
1365.092900
1339.154000
1356.789100
1346.902400
1222.159700
1283.476500
1302.065900
1342.048400
1504.033600
1327.749500
1293.425300
1289.704700
1367.928600
1516.930100
1439.568800
1367.477100
1432.513600
1902.624700
1771.583200
1623.818700
1485.686300
1464.308800
1534.162500
1333.862900
1474.739200
1407.181600
1501.066300
1545.642100
1428.396500
1377.340300
1558.977300
1511.837700
1721.060500
1705.617400
1454.583100
1201.984800
1404.574200
1258.811900
1661.250400
1326.587700
1309.547200
1326.969400
1433.430100
1371.956900
1334.878300
1261.275600
1333.247200
1543.485500
1649.018000
1537.525600
1486.940000
1402.317200
1302.514900
1421.111800
1398.723500
1352.827900
1638.038600
1402.866100
1573.721900
1433.967700
1418.774000
1478.464000
1308.045600
1459.807000
1682.416200
1636.349800
1655.771000
1422.549700
1307.577400
1380.254600
1480.520700
1331.799300
1459.190000
1454.506500
1567.473300
1667.165600
1661.095000
1421.493800
1472.016900
1366.427900
1312.738500
1365.795000
1383.447300
1353.101200
1530.860800
1580.827900
1257.443400
1354.491400
1416.479400
1356.550200
1439.058300
1303.003000
1362.852200
1457.519500
1299.968900
1428.466700
1317.048600
1392.161200
1462.140200
1596.035500
1359.860400
1539.249900
1475.104100
1414.401400
1456.329100
1316.301100
1381.141900
1363.845100
1668.455000
1660.433100
1370.147300
1126.401600
1310.718800
1307.137500
1283.450200
1392.144000
1580.405200
1439.369200
1544.806700
1516.042000
1513.499500
1513.477300
1292.002700
1287.173400
1335.970800
1290.419500
1342.112400
1345.404000
1298.693800
1318.083400
1174.144300
1344.878700
1311.591800
1165.952500
1268.931000
1317.471900
1256.666000
1257.720000
1294.788000
1117.793300
1265.946300
1148.752900
1265.191200
1320.040200
1305.779300
1237.497600
1229.937400
1219.728900
1185.633100
1173.323000
1269.522400
1332.721700
1385.132800
1246.941100
1210.064600
1212.845100
1540.176000
1368.796700
1379.153200
1513.687900
1426.861300
1448.949800
1429.000800
1486.857400
1394.095700
1239.590300
1454.502000
1512.952700
1478.170100
1219.044100
1202.089600
1200.715200
1304.172200
1416.180300
1235.537400
1356.937500
1301.958800
1374.780000
1400.773400
1158.805300
1182.518700
1352.624700
1342.756300
1392.468200
1390.394500
1282.757200
1421.776100
1441.929800
1416.245700
1351.656500
1605.233600
1252.173600
1383.303800
1359.510600
1396.900000
1400.888800
1442.714400
1576.158300
1436.447900
1360.005200
1394.520700
1218.868200
1545.306600
1565.955400
1318.131300
1308.053100
1601.524600
1469.562600
1254.373800
1360.287300
1447.835800
1433.621200
1403.725700
1425.897300
1478.491400
1714.799400
1707.319200
1319.868700
1238.151600
1376.744500
1307.540800
1427.148300
1215.104400
1364.175300
1493.429700
1465.854000
1286.197400
1357.587400
1412.121000
1381.730300
1537.858300
1455.550200
1518.186700
1473.649100
1280.980500
1412.529000
1359.917900
1341.520200
1543.767300
1446.773700
1235.237300
1398.665400
1404.960400
1592.525900
1524.778800
1374.821500
1301.765000
1315.344200
1316.287300
1381.144600
1332.028000
1385.953500
1558.334900
1596.438500
1724.195000
1582.148100
1473.691600
1374.027800
1375.645400
1438.927200
1429.615400
1438.517700
1453.240100
1399.541900
1409.290900
1353.822700
1373.588500
1436.628300
1458.571800
1336.888300
1451.001100
1541.154800
1494.433800
1490.242200
1329.951400
1604.777200
1539.173600
1401.184000
1421.297400
1332.788400
1388.741000
1615.850100
1449.364300
1557.632600
1423.286800
1445.931900
1348.337100
1446.283400
1467.291800
1417.901300
1335.606600
1351.031900
1354.808700
1317.907900
1322.906300
1424.199300
1383.582800
1337.818600
1277.736100
1358.286100
1389.577200
1464.565100
1400.873200
1477.469800
1409.344000
1357.046400
1495.158900
1564.749200
1488.292000
1403.498100
1331.440900
1414.341900
1458.108500
1571.012800
1388.946200
1359.848300
1481.257700
1387.260600
1508.108700
1623.349300
1456.391700
1436.335000
1463.973800
1436.571500
1430.448400
1483.476200
1528.805300
1503.666900
1641.879300
1716.057500
1457.101100
1584.340300
1645.285900
1704.213000
1618.390200
1474.179700
1339.015100
1413.077900
1592.496300
1532.053600
1414.757200
1454.935500
1461.267700
1545.834900
1594.094100
1486.941200
1672.211000
1482.750000
1346.890800
1412.408400
1370.249700
1458.414100
1607.912300
1470.996500
1515.556700
1525.696500
1355.315600
1542.271000
1335.660200
1682.551900
1460.394900
1513.660200
1256.255000
1287.743000
1335.641000
1273.080800
1413.370700
1329.502900
1335.586000
1278.625900
1426.050100
1463.840800
1435.933200
1379.693600
1547.087000
1512.947200
1306.649800
1377.088400
1663.209400
1387.794900
1437.078100
1492.122500
1535.989100
1395.677000
1414.346300
1313.747100
1161.817900
1375.009300
1144.231700
1282.903100
1197.114900
1253.112600
1169.898800
1281.660800
1180.694700
1169.402400
1213.181000
1283.944000
1299.871800
1219.532800
1291.062400
1312.881800
1319.715800
1351.559000
1217.808100
1252.914000
1333.128500
1291.752700
1336.767800
1314.690600
1314.195700
1233.376100
1362.747800
1519.546400
1190.377500
1249.051400
1327.907500
1397.694300
1366.268000
1277.069000
1246.850300
1302.025300
1381.910800
1329.034800
1226.841400
1322.849000
1186.333500
1345.121200
1241.918300
1294.266900
1243.372000
1253.113300
1235.800300
1261.517500
1222.987500
1207.752900
1270.450100
1395.181700
1426.289500
1287.800900
1279.178100
1326.934700
1246.103100
1210.785100
1127.623000
1177.079900
1309.340500
1424.350000
1162.551100
1297.654700
1205.882400
1217.557400
1253.736200
1215.282400
1319.723100
1119.482300
1178.127500
1095.351800
1193.163200
1151.792100
1256.990400
1154.723300
1142.536100
1144.997400
1124.877700
1239.586300
1150.890600
1206.193700
1263.045700
1165.184300
1175.014500
1145.689800
1085.244100
1232.498000
1145.400000
1260.630100
1287.952700
1192.212200
1278.617600
1145.811900
1250.062600
1288.737400
1257.498500
1130.138500
1121.487900
1126.499800
1172.860400
1153.589000
1126.107600
1100.494900
1159.998200
1225.675400
1322.814400
1172.510400
1150.354700
1057.823300
1198.813900
1214.830400
1285.805200
1111.209100
1116.400600
1222.607500
1141.078800
1136.077800
1194.047500
1132.838500
1178.298700
1223.420400
1398.967000
1249.990300
1361.071700
1339.811900
1259.784500
1278.196700
1567.525700
1333.193500
1497.607400
1487.817500
1450.028800
1492.090600
1588.329500
1364.180700
1291.752500
1231.802500
1292.346000
1349.687500
1315.690500
1387.597300
1622.146500
1669.589100
1488.549400
1428.823100
1417.257300
1516.427800
1275.080200
1339.786000
1388.146100
1266.263000
1310.984000
1335.870900
1319.582600
1329.050400
1396.902000
1523.805700
1523.704100
1347.704800
1346.017100
1565.494700
1339.506600
1374.889100
1538.957700
1570.282000
1525.669400
1334.123900
1359.653600
1492.514200
1494.080900
1417.996200
1481.489000
1461.397900
1299.128900
1579.614600
1544.774300
1288.613000
1415.905400
1413.263700
1351.312500
1302.810900
1359.764200
1332.635500
1390.451200
1727.235400
1358.927400
1578.375300
1506.478400
1442.230900
1580.174400
1351.270000
1539.869900
1360.604400
1167.903500
1412.612800
1359.132600
1429.705300
1651.557700
1537.816400
1596.834200
1403.283600
1275.528400
1379.908300
1370.397500
1509.160100
1429.704100
1486.925500
1389.598300
1739.664600
1618.304300
1757.964400
1628.464500
1449.880500
1549.528800
1848.475500
1538.016400
1537.954700
1341.272400
1329.292800
1557.221400
1560.804500
1376.237300
1718.431400
1725.814100
1341.173500
1579.987600
1460.898100
1457.770100
1376.436600
1411.158600
1324.109600
1446.666200
1379.764200
1675.271200
1555.502500
1601.220600
1411.420200
1393.252300
1568.658100
1514.579000
1787.598200
1474.522500
1419.093500
1301.253500
1362.316200
1298.321300
1329.848700
1624.674200
1598.714700
1681.045400
1556.016400
1473.622100
1346.466900
1349.756900
1499.091600
1341.532100
1422.342800
1553.201500
1581.675700
1473.477600
1432.743200
1422.256600
1533.806800
1309.227900
1359.193300
1396.625100
1520.948100
1778.198200
1426.832100
1318.449500
1392.758600
1485.417900
1433.160400
1406.208900
1372.530900
1473.978800
1394.012200
1863.915600
1337.198800
1352.098500
1220.167300
1288.621000
1317.688200
1347.347700
1345.833800
1342.369800
1253.779000
1403.007000
1355.673800
