650.016400
619.493200
628.390300
622.451800
628.450900
653.892500
657.090600
678.816200
685.128900
622.601700
620.149600
657.674700
650.386500
636.295400
605.920900
622.226500
622.076500
618.909600
627.765800
622.988200
628.171200
633.562200
648.927000
618.863700
635.486600
655.670300
639.819500
602.611500
605.608700
588.414000
594.991500
591.005700
611.749900
604.382300
651.481700
652.487200
638.784500
614.926300
612.626300
678.427600
617.846100
612.987700
638.668600
628.686800
630.492200
667.726700
634.879600
623.327600
671.474800
634.515000
670.364000
629.380200
670.396400
621.538800
636.783800
649.260900
683.719900
674.330600
671.141500
654.617000
624.063100
622.773800
606.435900
606.173000
634.494800
626.017500
634.124700
636.644500
645.368700
620.816000
617.691300
612.849900
634.025800
624.725400
615.444200
582.306800
633.067900
667.151200
644.018600
654.530300
668.778600
689.077700
704.535900
652.650100
635.875700
565.031500
642.651000
698.117900
689.701800
635.371100
659.913300
632.335600
615.982400
633.795900
633.853500
620.247500
626.710500
657.862100
657.697100
609.278300
662.400900
657.575500
705.769600
653.771100
635.737600
636.243200
620.798300
570.160500
655.632500
683.601700
625.181200
667.205300
646.904200
656.128000
643.142900
607.276100
630.959000
658.470500
661.225800
649.386100
628.366900
651.937700
632.612700
649.687000
598.954600
654.969200
633.834400
671.973800
620.210700
692.889300
595.650600
651.402700
632.612200
638.201800
622.578400
643.439500
615.802300
673.492200
668.516500
618.322500
620.220100
614.137800
615.364100
651.127500
636.394600
584.134900
607.769100
582.084400
611.776000
585.777200
669.351900
626.614700
595.891800
599.119600
644.241500
638.875300
620.710700
645.550800
619.920000
629.719400
662.102500
630.681300
620.346900
605.630500
603.916100
638.604000
597.145100
603.142400
580.366900
644.508800
600.223900
584.160000
673.185300
630.082400
614.113900
640.502400
638.294600
645.075000
559.616700
675.432000
617.010200
564.024300
659.809500
671.169900
596.037200
614.948300
635.458200
573.523200
552.010800
530.366900
586.916200
595.359100
620.998300
578.499100
587.210400
674.164800
636.716500
658.245800
660.872600
598.829900
649.146200
611.387500
631.600700
559.324900
561.502000
648.679100
632.824400
568.477200
562.117400
593.924200
558.278100
523.147700
557.963400
577.282300
640.572900
606.464000
581.961200
641.879100
603.835100
629.279600
603.154400
606.121200
602.293200
592.085200
633.979400
532.273400
548.893300
600.713000
627.768100
561.070500
606.755900
585.729700
586.793200
569.355900
582.242200
564.897000
619.581000
657.269700
605.768500
578.543800
627.001000
575.903900
576.347200
619.442800
603.570900
561.009700
534.261800
586.352700
591.429000
574.345400
566.630800
645.385100
582.462600
611.812700
574.629600
648.674700
585.322600
571.162400
556.172900
544.375100
581.672600
558.646500
606.279400
557.931400
591.607500
586.800500
563.911100
528.395200
572.153000
607.750800
545.919700
509.696800
605.364800
515.971000
578.062200
559.889800
546.337700
530.338500
634.209900
585.259400
575.242700
618.069500
549.889400
649.765800
643.579200
616.521000
592.704800
586.169500
574.005500
561.381600
595.458100
546.967600
561.869700
577.464300
619.413400
604.965800
600.009100
663.829400
582.933600
521.766000
581.768100
615.709800
629.160600
606.338300
603.760200
586.360100
562.663300
543.288500
576.891200
562.009000
582.821700
575.381500
653.640000
574.400400
646.380600
472.115900
613.230700
640.133200
634.251700
598.514200
535.242000
554.832700
578.733900
571.586800
567.128500
673.584000
623.311300
551.471300
561.987600
577.691000
571.164900
554.859900
585.827600
536.987800
560.467100
554.635500
603.803400
645.804000
559.443600
581.184100
587.230600
593.425700
572.907300
612.673300
584.612000
586.511800
668.230100
592.266500
565.232200
611.230100
590.617900
591.261000
581.273000
567.717900
670.572600
613.515100
629.952700
523.981000
577.386400
563.490100
580.084400
595.381500
602.423800
532.447700
638.589800
623.065500
620.965800
603.760700
587.565400
612.275700
584.468800
630.177500
644.223700
653.238500
626.208700
587.983400
654.578400
606.616500
613.398000
640.573100
616.979400
638.011200
653.620800
652.221600
582.917200
575.396700
681.971200
628.785700
598.052400
613.389300
585.086800
671.564500
634.872000
666.743400
637.605800
665.343500
648.484500
619.836500
590.606900
620.181200
657.357800
629.369200
695.204200
579.083900
637.485100
651.833400
610.652400
717.464400
639.329500
626.618000
649.626800
648.151100
624.071600
621.172900
654.050900
611.597200
636.565400
661.770500
670.107400
686.327900
676.944500
670.197000
615.867200
624.409900
587.946400
656.044500
615.301500
650.456400
713.835500
687.889500
604.153400
616.295500
608.420000
639.693400
611.377100
626.717400
639.216900
575.245000
614.635500
622.683600
663.219500
631.575500
571.498500
661.934600
629.292500
633.761300
608.151900
659.714300
702.799000
633.512300
604.050000
655.724900
663.464500
648.685900
654.542600
684.674800
649.731600
629.833400
666.774800
695.429900
692.490300
737.126300
691.295700
615.209900
599.794300
611.532200
637.184700
642.076400
619.590600
726.810400
591.672100
607.276900
687.172700
698.541500
733.321300
707.264300
662.387200
619.863600
620.922100
687.047800
640.764800
611.962600
700.468800
675.581200
633.783400
683.254700
653.152600
716.561100
660.699700
618.848800
674.273400
664.264300
696.103600
650.891500
676.447000
611.477600
645.475700
620.697800
638.505400
647.184000
726.409400
673.979700
678.926500
662.503700
623.448800
671.653300
750.611000
812.585200
862.120400
721.204700
705.572300
677.952200
767.428900
873.590300
734.127900
651.669900
655.206100
626.889500
630.883400
657.502200
650.014500
659.157600
647.679000
606.982600
692.881200
635.069100
697.677400
655.571800
641.414900
649.607300
689.269000
679.185100
636.855000
635.173900
655.944700
651.140900
653.839900
658.471900
663.544800
660.229800
621.926100
598.239900
648.331900
620.483900
637.403500
641.467400
649.857700
626.628800
606.717700
607.427500
613.278700
630.283700
609.907600
575.170600
605.264900
599.924800
675.646400
619.774300
602.264300
632.032200
582.437700
607.117600
589.764600
628.882800
623.588700
689.183500
609.970200
644.077700
622.367100
611.796600
633.519600
649.130800
617.263100
628.073600
644.453900
644.054700
639.460200
629.639300
635.924400
629.090200
588.211400
633.767900
665.625000
629.622100
554.761000
646.796200
659.594300
650.132100
635.456500
637.945500
621.012400
653.979700
610.890900
591.045300
618.134400
630.547000
651.637300
616.043600
589.955100
591.261000
