81.128600
74.757100
74.112100
82.698100
77.690700
78.057800
79.681100
81.351200
76.110700
73.097700
73.986900
78.692800
85.019100
79.247500
83.515100
81.999600
74.049600
79.229000
78.325700
80.526600
76.437700
80.324200
91.410500
79.484700
83.985200
81.052100
78.748000
79.947100
75.865900
80.882700
85.643000
83.635200
77.759700
76.557600
78.255200
81.218400
81.221700
80.543400
79.615100
77.506500
78.154800
77.527300
77.788600
76.786700
78.464100
81.306600
80.513600
86.190800
83.119300
82.873200
93.735700
77.742400
78.580900
84.533300
81.098000
77.556700
80.846600
79.112900
83.198800
83.432000
78.886000
75.670000
79.076800
82.968700
79.195100
82.927600
83.903300
82.373600
81.650500
75.456800
79.957300
82.645000
80.015200
82.120600
85.391200
78.713200
81.236000
79.901800
82.115300
75.089000
73.978600
78.623900
80.317000
83.168600
82.441600
80.459700
84.831000
82.714600
82.554600
82.233700
78.417700
78.366000
80.086100
75.486100
81.214900
84.961500
74.697700
77.434300
78.558900
77.799900
80.196200
76.978700
83.540000
80.483700
74.309400
81.474200
77.743200
74.338800
76.211800
83.075700
83.787400
88.025400
75.575400
83.440200
83.978600
83.186300
77.484800
82.713600
73.798900
77.871100
78.639700
90.168200
81.033100
79.722400
83.302000
85.719300
72.162000
78.907200
80.181000
75.220000
82.845900
80.567700
82.880000
77.518300
70.965000
76.658800
76.522900
69.671400
78.363100
76.388500
79.548600
86.824000
78.784600
82.408000
81.975400
75.249400
74.600300
75.631800
79.109200
71.827900
80.246100
87.299700
82.189900
83.413900
77.491900
83.995000
79.578200
82.016700
90.338700
80.318800
76.225900
86.600800
83.666800
78.978900
80.511600
82.343700
81.754200
79.458300
82.159200
84.446300
76.129600
86.258900
84.000100
82.538600
81.013000
77.577400
73.190900
75.104800
84.327500
79.539800
82.229200
78.391600
81.472200
82.295000
80.825800
77.868800
76.920100
83.226000
79.906700
83.266400
75.413600
76.903600
84.247300
106.007200
73.444000
85.714300
80.406400
80.694200
75.815400
77.254000
75.593600
83.286800
79.022600
77.851700
77.553900
75.760200
79.587200
85.201000
85.826700
91.190700
91.600700
84.233400
82.105800
75.885300
83.974700
79.277900
76.946100
80.012900
81.586500
76.862500
79.855400
81.891300
83.367900
83.749400
81.584400
85.688000
78.953600
83.538700
85.169400
86.103500
82.446400
81.060900
78.967100
86.137500
91.159900
80.710900
88.181200
88.255300
81.411100
76.220600
85.553700
82.759300
77.759800
78.650800
83.774700
77.679500
83.824100
80.240000
89.460000
84.672600
75.088800
85.830800
90.579200
84.505900
82.404100
78.554900
80.816400
83.745100
78.308800
83.687100
73.009400
81.591900
81.365800
74.606900
80.855000
83.177800
74.963600
85.138600
80.867100
78.201400
83.508600
81.679600
78.554700
81.474400
94.750000
81.851600
81.139300
81.606800
79.672200
80.937400
82.142400
87.037400
82.787000
86.617300
83.167400
87.236300
88.638500
86.080400
75.761200
84.484900
84.131100
102.296100
126.012800
97.114500
89.044500
85.520200
81.842300
82.216700
88.192100
84.897600
79.089300
83.011000
78.182900
71.785000
79.752600
75.511200
78.115500
78.229700
82.541900
78.241300
77.747100
75.595400
76.641400
85.016000
77.767700
81.923200
88.923200
109.174500
79.139800
76.357900
79.164700
79.179700
78.834600
78.835000
135.338100
113.412900
118.007400
101.379100
116.883100
97.771900
118.335700
116.865500
88.304000
89.599200
101.282700
92.168200
93.987500
90.741600
99.650700
97.524300
98.742400
99.390500
102.815800
98.525300
93.906800
97.557800
94.848000
91.201900
86.166500
88.919300
79.192800
80.644700
84.700000
93.787300
83.960800
81.314600
83.113700
83.610400
82.530400
79.965800
92.704700
83.388700
75.280200
84.739000
82.348400
85.165100
82.035400
80.010200
85.029400
79.586300
77.158200
79.694300
80.727200
82.544800
84.816800
84.523300
80.638000
79.219000
83.721700
84.228100
83.841500
88.382100
84.227700
80.746900
90.817600
80.104600
82.466900
82.684600
78.602800
83.321200
84.637900
80.011700
82.553500
77.035100
81.171000
81.991100
84.459600
80.101500
78.703600
84.396100
80.684800
89.306400
75.973200
78.903800
89.188500
83.604800
85.167400
94.566800
87.879000
82.064400
87.308500
86.332000
83.055700
80.125600
84.149600
81.207000
79.970300
86.338400
78.980400
85.821800
77.247900
88.636900
77.452700
85.742500
87.116600
81.879600
75.599000
77.946700
103.860100
82.265100
82.949400
85.044000
81.388600
88.575400
76.346900
81.948300
78.845800
72.675300
84.774000
80.940100
85.201200
82.816200
86.766100
82.814400
79.787900
83.484400
77.952500
73.578100
79.426500
78.196800
81.549300
79.588300
77.135800
77.599100
84.892800
79.526700
78.502000
81.349700
83.441400
82.483800
75.897500
82.184600
83.054100
80.867300
77.705000
78.849900
75.873900
85.859600
73.437900
87.906700
79.749500
79.533200
79.289800
74.320900
77.592800
72.679300
82.313100
89.207400
87.228600
79.099400
71.241500
78.449600
77.927200
84.868600
83.697100
84.199300
82.736000
108.187000
147.532300
119.896000
91.503900
91.186500
89.327100
94.111100
102.319400
103.674500
95.726900
95.823600
103.250900
102.788900
100.081100
235.955600
208.895000
118.520300
86.475100
95.410200
119.242200
107.284000
113.102300
89.837200
93.007700
87.679300
93.947800
91.960000
85.795700
87.630000
85.407300
95.526500
89.216200
82.346900
78.262800
83.642800
78.555700
82.394500
86.515600
83.770900
71.232200
91.228200
91.951300
90.341500
82.880100
87.307300
80.541200
73.184500
83.309500
80.854600
83.390400
75.641300
80.897500
80.651700
84.616900
83.008200
85.652200
82.677500
103.741000
79.833100
86.925100
74.501600
77.048100
78.403000
80.000600
74.289500
80.057300
75.521700
70.624500
83.562300
83.889900
85.516200
65.915600
73.379100
73.108900
75.787300
83.707200
78.164200
74.657600
74.918200
79.014800
69.863800
81.249700
73.261100
70.033500
68.589400
77.879700
78.550400
78.674400
80.523500
76.361000
74.630900
72.186200
78.554100
71.903200
75.502000
77.363100
77.825300
81.537800
75.154500
78.959700
76.017500
74.268100
73.061700
74.964600
74.227300
76.417600
76.943100
80.411100
69.890700
77.026900
81.332100
73.155500
78.565900
74.990000
70.627100
70.963100
83.213300
76.542000
79.619600
73.654500
71.915900
80.059900
76.564400
62.702700
67.295300
79.027100
72.392500
71.738600
68.401100
73.099400
70.789400
73.257100
67.772600
71.908700
75.256700
71.829500
75.740000
64.912300
73.149900
66.708900
74.177300
73.938600
72.791100
69.059000
71.280400
70.798400
76.550700
78.775000
71.398800
74.905100
73.849500
74.405700
66.183100
75.413100
79.203300
72.149900
74.067600
76.129600
73.799000
79.319400
74.444200
76.173600
71.781700
67.530200
76.123600
67.426600
77.345900
77.185200
68.401300
79.406500
69.315100
78.064900
70.563000
120.781300
69.698700
77.105400
73.360100
72.272900
71.650700
72.333800
70.298900
66.763300
72.805400
75.068500
76.097900
73.916700
76.100300
71.061900
73.718600
71.655000
73.292900
78.001700
79.843000
80.478700
67.633000
75.070200
77.343400
72.349400
75.071000
72.383500
73.843100
69.505200
73.014600
71.063500
71.594200
70.042200
73.236400
81.197700
65.413900
75.753900
80.292100
70.830800
72.191200
78.136300
67.893100
71.853700
71.287500
74.394600
76.805700
71.779100
69.565200
72.766900
71.296200
78.042200
66.410300
72.182300
68.597100
75.327400
77.220700
77.619300
82.165500
68.388700
67.452200
79.115600
74.833700
76.530400
76.878900
77.747000
80.080600
68.849300
77.393600
76.662700
64.042400
75.435300
79.790500
70.011800
71.014900
83.215500
70.350400
70.883700
69.503500
62.899400
64.838400
69.936900
74.063100
70.654800
64.212300
72.678700
64.064100
69.162900
71.693900
64.408000
74.783800
66.506800
67.264300
67.104800
68.585700
65.041500
72.151500
70.707000
70.688200
70.321100
70.525700
69.158500
73.402000
68.180700
73.849600
67.394800
64.333200
73.884600
70.371800
67.299300
65.749300
69.767200
75.824500
74.740300
75.291200
71.347000
68.675400
64.367200
74.322900
62.082700
69.255700
77.213200
71.432400
68.931400
72.009000
81.456900
76.656700
72.103400
72.141800
71.628200
65.646400
66.725900
71.344300
87.209300
82.432900
81.478900
76.929600
67.465500
69.227500
67.262100
79.238700
79.668800
72.635900
71.230100
67.925000
71.912000
64.755600
62.879500
67.550500
77.415100
75.304000
72.257900
65.427700
63.340900
65.520600
58.749400
62.193200
67.424800
74.167300
74.940500
73.554500
73.188600
70.198400
68.002100
69.656100
70.833900
68.032300
76.556300
66.260100
73.492700
71.332800
68.960400
69.474000
71.295100
67.432700
73.362800
73.557500
69.078700
66.855400
63.728700
62.799500
65.157300
76.194800
69.000900
64.001100
77.442800
63.316600
70.148200
73.565800
70.356000
75.487100
66.621100
72.597800
71.237500
66.099300
68.965400
69.494600
76.225300
68.577200
64.076900
69.230300
74.288200
69.417000
63.778800
75.620100
64.418000
66.918200
69.593100
71.632000
71.482100
78.383600
69.836600
77.580200
67.871300
70.014100
68.164100
72.527800
68.242000
71.219500
75.120000
72.059400
76.582000
78.489200
64.700900
71.139300
68.063800
74.074500
74.980500
76.228900
74.715800
75.957500
75.767600
70.584500
77.647700
75.070700
72.455400
80.376400
67.214500
75.593400
68.791000
66.995000
