0.041874,1.482601,0.504531
0.071559,1.495956,0.429019
0.073417,1.536059,0.410144
0.075186,1.526426,0.415638
0.079869,1.485196,0.392429
-0.003603,1.366552,0.410795
-0.029337,1.335686,0.440288
-0.003007,1.323154,0.467522
0.007062,1.327507,0.466141
0.011971,1.302337,0.477725
0.057884,1.406752,0.368702
0.056260,1.499418,0.348820
0.041283,1.505942,0.326941
-0.000771,1.516298,0.355620
0.053164,1.519877,0.280474
0.120243,1.546119,0.244217
0.157978,1.550750,0.241296
0.187823,1.548891,0.291180
0.195290,1.574442,0.314390
0.206349,1.595414,0.359223
0.201046,1.590085,0.348711
0.172083,1.596101,0.377726
0.201163,1.634500,0.429971
0.207847,1.678356,0.491237
0.137901,1.494662,0.244793
0.113548,1.450938,0.202757
0.158159,1.466573,0.208098
0.247737,1.336669,0.249651
0.294091,1.277886,0.269602
0.311692,1.251609,0.273204
0.326366,1.254770,0.237470
0.375250,1.247416,0.230762
0.457457,1.214469,0.165526
0.484586,1.176625,0.166631
0.519256,1.140313,0.198549
0.507548,1.123680,0.228055
0.489145,1.116051,0.257661
0.523548,1.122775,0.246555
0.724712,0.990139,0.200317
0.811364,0.913685,0.204400
0.877963,0.870165,0.190070
0.870372,0.921745,0.210360
0.868908,0.891374,0.260350
0.852524,0.873475,0.322619
0.873976,0.868981,0.313830
0.989838,0.858373,0.357578
1.034866,0.816563,0.393236
1.032339,0.858704,0.279208
0.950324,0.880170,0.237732
0.969139,0.891557,0.242912
0.970522,0.891413,0.273190
0.951986,0.913478,0.289887
0.929353,0.927949,0.298279
0.812220,0.912765,0.301314
0.774069,0.853577,0.263516
0.748118,0.802022,0.271198
0.714420,0.730281,0.269105
0.718452,0.733650,0.271226
0.684989,0.924105,0.317732
0.652629,1.010458,0.327511
0.681415,0.721697,0.259503
0.651918,0.629957,0.268890
0.623417,0.473116,0.266663
0.623379,0.394059,0.246141
0.650942,0.592207,0.264816
0.696632,0.807601,0.208263
0.640168,0.561388,0.195873
0.628250,0.632985,0.172794
0.652882,1.057482,0.199835
0.767149,1.186239,0.117733
0.815678,1.220459,0.113050
0.856013,1.218665,0.132740
0.835533,1.250858,0.117704
0.896866,1.264645,0.097181
0.894994,1.230986,0.073447
0.896529,1.111711,0.024679
0.925570,1.082790,0.037287
0.879680,1.037886,0.067742
0.828606,0.992630,0.092289
0.829947,0.992574,0.098932
0.857325,1.025017,0.078045
0.871129,1.051536,0.109090
0.857037,0.979419,0.112678
0.888019,0.938382,0.114922
0.940169,0.955314,0.124732
1.035289,1.107103,0.210483
1.075998,1.208156,0.235390
1.088907,1.255524,0.199392
1.119548,1.348143,0.034676
1.099773,1.401015,0.017365
1.044220,1.343740,-0.057887
1.200320,1.368360,-0.099907
1.257993,1.378701,-0.093770
1.094521,1.376043,-0.081994
1.264517,1.421033,-0.118429
1.188039,1.424289,-0.081981
1.215713,1.344386,-0.084102
1.191968,1.310562,-0.090381
1.180002,1.287440,-0.078697
1.170435,1.297127,-0.147097
1.193654,1.296213,-0.162791
1.246449,1.282798,-0.170228
1.292082,1.389976,-0.080070
1.301486,1.379518,-0.043124
1.361215,1.327869,0.012527
1.394730,1.289689,0.038219
1.373887,1.241332,0.043478
1.355633,1.222504,0.102257
1.426562,1.343958,0.086751
1.445220,1.397157,0.057571
1.553701,1.410966,-0.001698
1.594195,1.403332,-0.012777
1.637275,1.405902,0.090177
1.664273,1.455721,0.168879
1.672726,1.462236,0.252579
1.740063,1.531532,0.346980
1.732471,1.519211,0.335722
1.711058,1.488215,0.279165
1.679038,1.479724,0.282558
1.718574,1.557314,0.304436
1.650517,1.508849,0.286826
1.599935,1.452729,0.204871
1.627307,1.381475,0.174147
1.649989,1.344984,0.144137
1.618475,1.385083,0.192276
1.613839,1.429479,0.179546
1.660545,1.461213,0.191710
1.618744,1.490367,0.232406
1.669509,1.487393,0.182918
1.661953,1.456261,0.218403
1.711991,1.411552,0.198685
1.717536,1.389051,0.189584
1.725549,1.377500,0.166552
1.703628,1.382146,0.171077
1.703630,1.339322,0.139113
1.626917,1.410823,0.152634
1.704406,1.308388,0.140699
1.794823,1.219464,0.146959
1.650005,1.333994,0.151919
1.606721,1.337945,0.184583
1.703318,1.189166,0.166719
1.711318,1.190868,0.115516
1.682609,1.197933,0.040343
1.657817,1.198453,0.009975
1.629510,1.190691,-0.075790
1.618906,1.226177,-0.127621
1.598843,1.316653,-0.190709
1.579329,1.449160,-0.312707
1.613616,1.392716,-0.266246
1.604005,1.475798,-0.272600
1.531566,1.553498,-0.321938
1.553533,1.566186,-0.387747
1.469024,1.513608,-0.320663
1.492268,1.530062,-0.345132
1.420139,1.453471,-0.298637
1.401245,1.432850,-0.323989
1.403039,1.446919,-0.355605
1.503418,1.470411,-0.416880
1.528979,1.483870,-0.426371
1.555857,1.558639,-0.450710
1.536470,1.543552,-0.448436
1.525768,1.567842,-0.549150
1.456016,1.694171,-0.447468
1.506397,1.674270,-0.450587
1.590359,1.738198,-0.563886
1.636076,1.735815,-0.642198
1.657308,1.720864,-0.631494
1.668966,1.688786,-0.669898
1.717299,1.699856,-0.660575
1.759099,1.763692,-0.723856
1.733055,1.738363,-0.674763
1.751058,1.711771,-0.675854
1.782045,1.724534,-0.682890
1.763756,1.724351,-0.739078
1.755912,1.736001,-0.795698
1.809211,1.740847,-0.747698
1.846488,1.738721,-0.750052
1.798355,1.743374,-0.761749
1.813422,1.733150,-0.770690
1.840254,1.710230,-0.718992
1.851488,1.669678,-0.644882
1.884736,1.668168,-0.673966
1.887875,1.694617,-0.661416
1.881102,1.690070,-0.882006
1.849395,1.693955,-0.823907
1.809121,1.677698,-0.805201
1.775802,1.693327,-0.835623
1.757704,1.709255,-0.799907
1.815026,1.713036,-0.746024
1.864900,1.695048,-0.822677
1.906814,1.695340,-0.856229
1.939382,1.684806,-0.880333
1.951508,1.642646,-0.949672
1.963612,1.603665,-0.935135
1.970322,1.588847,-0.953517
1.897476,1.618909,-0.968769
1.983425,1.526958,-0.839884
1.769987,1.681136,-0.924645
1.763011,1.671720,-0.950360
1.785220,1.638287,-0.914936
1.740802,1.715992,-1.059764
1.844018,1.657462,-1.001504
2.011245,1.471146,-0.828101
1.878374,1.595129,-0.927060
1.742916,1.632894,-1.042806
1.622132,1.544150,-1.109725
1.564577,1.538205,-1.132953
1.538160,1.534208,-1.149881
1.501735,1.535863,-1.168001
1.522145,1.538339,-1.132465
1.509892,1.577351,-1.138113
1.442825,1.652553,-1.097844
1.429459,1.653808,-1.101537
1.371656,1.619755,-1.119164
1.361739,1.503202,-1.142613
1.346519,1.417099,-1.172145
1.352479,1.412620,-1.133979
1.409032,1.391838,-1.136714
1.336973,1.405733,-1.199197
1.397333,1.301537,-1.124416
1.453880,1.195613,-1.060554
1.472510,1.178733,-1.047686
1.494860,1.198679,-1.037726
1.518586,1.180159,-1.031801
1.511269,1.171096,-0.995086
1.453662,1.139401,-0.976261
1.418705,1.118843,-0.929242
1.340397,1.121605,-0.845711
1.401694,1.032087,-0.891439
1.292389,0.994491,-0.984147
1.301173,1.124392,-0.918331
1.294050,1.169188,-0.890324
1.287512,1.136972,-0.976686
1.304141,1.134413,-1.143840
1.317807,1.128477,-1.191153
1.287292,1.172420,-1.254310
1.243298,1.229209,-1.306987
1.255713,1.248794,-1.298958
1.239585,1.183117,-1.224696
1.267629,1.114158,-1.187403
1.282221,1.091694,-1.183656
1.279931,1.142216,-1.213884
1.345460,1.205443,-1.181911
1.340161,1.142062,-1.229184
1.309437,1.139340,-1.282889
1.339986,1.080933,-1.218661
1.356210,1.045297,-1.206476
1.386858,1.015307,-1.215700
1.384393,0.975269,-1.198374
1.354185,1.005123,-1.183228
1.301230,1.033000,-1.236541
1.229733,0.993903,-1.347806
1.230621,1.063828,-1.317884
1.266087,1.045823,-1.302198
1.265500,1.015685,-1.239009
1.291073,0.983650,-1.177369
1.247768,0.998961,-1.285227
1.236963,1.027726,-1.352915
1.258489,1.025508,-1.339172
1.233216,1.013061,-1.335764
1.221525,1.025057,-1.307317
1.193822,1.075747,-1.364605
1.134230,1.010708,-1.338755
1.156911,1.070341,-1.394480
1.189146,1.069581,-1.466799
1.176601,0.966499,-1.500486
1.195239,0.899827,-1.536593
1.197428,0.876913,-1.494697
1.163782,0.828817,-1.576473
1.178568,0.851480,-1.608836
1.156639,0.877824,-1.610986
1.152872,0.874966,-1.665158
1.145057,0.888061,-1.690349
1.173044,0.899647,-1.679569
1.287882,0.898836,-1.604775
1.319205,0.861819,-1.579625
1.324486,0.811320,-1.601596
1.362982,0.769364,-1.566497
1.315773,0.775697,-1.677790
1.341069,0.745542,-1.654558
1.507753,0.661882,-1.553416
1.600045,0.654450,-1.510211
1.495793,0.621961,-1.548279
1.511526,0.621999,-1.522116
1.556710,0.565688,-1.569741
1.551970,0.588543,-1.522335
1.481275,0.637289,-1.546113
1.402323,0.611143,-1.592240
1.405185,0.585194,-1.650236
1.425945,0.566173,-1.690847
1.453263,0.458440,-1.812340
1.400850,0.433808,-1.785525
1.375729,0.454781,-1.830584
1.339420,0.500243,-1.830253
1.366144,0.632947,-1.869995
1.381912,0.675598,-1.860759
1.357743,0.738295,-1.859009
1.288295,0.841475,-1.843963
1.217871,0.916753,-1.834301
1.223092,0.892811,-1.786952
1.240461,0.871829,-1.761839
1.199865,0.866650,-1.793170
1.187684,0.867282,-1.807273
1.153996,0.824249,-1.857751
1.104691,0.776424,-1.864613
1.094620,0.749642,-1.879210
1.096582,0.787084,-1.864898
1.098664,0.834593,-1.832755
1.106119,0.797333,-1.767720
1.099270,0.623571,-1.701975
1.121812,0.647226,-1.652211
1.093078,0.639843,-1.702261
1.049869,0.682471,-1.725635
1.085274,0.667424,-1.742509
1.042427,0.755463,-1.558587
1.063086,0.778723,-1.563354
1.075431,0.632430,-1.589269
1.089045,0.644170,-1.587960
1.101017,0.633862,-1.543447
1.097633,0.623588,-1.520818
1.101366,0.685925,-1.527573
1.066246,0.744762,-1.521372
1.032385,0.760329,-1.486657
1.024247,0.771916,-1.462076
1.056791,0.814664,-1.435205
1.073428,0.846051,-1.472815
1.131141,0.860217,-1.496902
1.170793,0.785337,-1.521027
1.148354,0.769008,-1.533747
1.095824,0.765925,-1.539689
1.026811,0.738584,-1.488144
1.051388,0.749945,-1.424342
1.124533,0.796977,-1.422985
1.128809,0.814203,-1.419378
1.170115,0.829446,-1.398307
1.185527,0.837074,-1.496341
1.188993,0.876714,-1.515591
1.193578,0.840318,-1.524774
1.223988,0.804906,-1.522400
1.223193,0.806154,-1.522784
1.196670,0.804607,-1.495873
1.174129,0.807172,-1.474550
1.111819,0.839905,-1.501485
1.220549,0.820117,-1.456811
1.292240,0.744969,-1.417158
1.290048,0.719422,-1.400851
1.331589,0.683236,-1.467649
1.271146,0.691869,-1.430509
1.165174,0.787030,-1.410221
1.228062,0.729185,-1.377288
1.266860,0.634013,-1.382387
1.329570,0.677753,-1.359536
1.204580,0.706548,-1.319129
1.164157,0.699463,-1.273490
1.203505,0.722103,-1.261261
1.133059,0.736807,-1.236799
1.112040,0.721126,-1.215616
1.134412,0.742988,-1.175430
1.127125,0.829331,-1.146565
1.115448,0.940256,-1.129695
1.137782,1.007863,-1.087092
1.093115,1.008960,-1.096979
1.093537,1.040030,-1.093933
1.066564,1.040609,-1.098729
1.060981,1.066591,-1.075595
1.041295,0.986188,-1.137311
1.045959,0.958774,-1.131791
1.175645,0.968107,-1.160628
1.187510,0.953750,-1.180529
1.178626,0.947770,-1.174921
1.165114,0.960491,-1.162541
1.206143,0.858545,-1.018220
1.170772,0.815838,-0.978918
1.113785,0.779104,-0.964597
1.103015,0.769142,-0.965931
1.103508,0.730315,-1.022727
1.096318,0.735816,-1.019549
1.085022,0.781497,-1.012774
1.088125,0.819198,-0.972157
1.032166,0.786602,-0.890247
1.011591,0.676717,-0.896216
1.082315,0.675332,-0.914629
1.056366,0.692513,-0.812810
1.049648,0.760902,-0.854692
1.002408,0.729738,-0.852544
1.000383,0.706303,-0.813384
1.022138,0.713525,-0.810249
1.101671,0.727116,-0.818702
1.020644,0.732141,-0.774547
1.025113,0.794727,-0.735826
1.020908,0.757946,-0.716362
0.993782,0.681555,-0.685343
1.004034,0.676186,-0.709810
1.076520,0.662966,-0.743382
1.101053,0.664316,-0.762610
1.079269,0.657031,-0.752008
1.087779,0.664855,-0.754526
1.145874,0.658531,-0.718767
1.172621,0.685950,-0.691110
1.235059,0.718496,-0.686992
1.236461,0.778950,-0.684575
1.217251,0.758100,-0.678940
1.233576,0.747286,-0.655279
1.251282,0.733550,-0.713877
1.278362,0.789264,-0.733071
1.264552,0.788816,-0.742336
1.233058,0.782847,-0.728674
1.252823,0.730271,-0.685503
1.242221,0.747393,-0.601051
1.243180,0.693255,-0.671579
1.325750,0.673320,-0.730308
1.313272,0.718543,-0.778848
1.326471,0.721080,-0.808412
1.434644,0.743584,-0.840876
1.439668,0.752166,-0.856927
1.457599,0.747069,-0.826272
1.459326,0.830247,-0.892464
1.447802,0.818481,-0.865194
1.473016,0.813055,-0.837664
1.476467,0.782627,-0.820788
1.552072,0.866583,-0.876249
1.508625,0.888401,-0.803515
1.516210,0.908480,-0.787481
1.518090,0.935244,-0.756931
1.518693,0.998123,-0.646979
1.486904,0.898520,-0.738454
1.476786,0.894551,-0.750662
1.470194,0.908519,-0.699892
1.475883,0.916633,-0.665900
1.422142,0.944543,-0.666441
1.388333,0.917933,-0.624977
1.352517,0.931471,-0.609124
1.438261,0.939745,-0.636656
1.474579,0.966610,-0.546586
1.441838,1.048039,-0.615056
1.449779,1.048398,-0.678261
1.443241,1.025921,-0.657200
1.483010,1.031651,-0.686519
1.571865,0.921176,-0.628210
1.566588,0.925418,-0.634771
1.526846,0.922235,-0.605089
1.507268,0.913192,-0.678110
1.499243,0.904413,-0.686076
1.534937,0.872778,-0.660934
1.511065,0.827166,-0.632051
1.522742,0.834818,-0.662051
1.508829,0.817673,-0.633287
1.423752,0.746068,-0.574969
1.475978,0.832702,-0.641257
1.554232,0.790200,-0.645735
1.611650,0.819613,-0.668219
1.610405,0.804916,-0.630697
1.600643,0.791360,-0.623861
1.624104,0.813200,-0.565394
1.632437,0.814775,-0.524366
1.628508,0.824602,-0.504858
1.609954,0.800608,-0.490773
1.606364,0.842894,-0.486634
1.602125,0.934077,-0.516305
1.597371,0.931433,-0.492044
1.567497,0.970084,-0.479175
1.580579,0.872805,-0.442126
1.616793,0.825703,-0.509876
1.593900,0.820141,-0.510030
1.566731,0.797615,-0.562347
1.487261,0.805347,-0.555488
1.515172,0.879963,-0.553507
1.580592,0.920916,-0.549796
1.482653,0.861590,-0.541033
1.480326,0.775032,-0.476576
1.491917,0.719686,-0.468585
1.427322,0.706941,-0.437479
1.367731,0.697092,-0.421599
1.350541,0.724603,-0.392338
1.350065,0.664828,-0.472029
1.346960,0.654485,-0.423417
1.334177,0.746315,-0.395973
1.346143,0.742165,-0.429037
1.366984,0.724387,-0.459923
1.306601,0.990161,-0.372290
1.301341,0.935041,-0.409864
1.347236,0.872580,-0.517468
1.360214,0.928823,-0.528908
1.334521,0.982363,-0.502592
1.324093,0.934698,-0.466856
1.354273,0.949292,-0.464290
1.334907,0.941353,-0.462388
1.329129,0.908883,-0.551568
1.357172,0.922348,-0.537847
1.366421,0.935832,-0.532517
1.367390,0.836370,-0.660200
1.374722,0.872589,-0.621689
1.347187,0.821869,-0.600124
1.382007,0.978321,-0.622583
1.402679,0.981688,-0.573290
1.333332,0.972664,-0.548321
1.275930,0.933473,-0.562985
1.286741,0.937427,-0.576913
1.250996,0.927957,-0.612105
1.258586,0.930350,-0.621072
1.155937,0.836086,-0.637240
1.175283,0.922340,-0.607922
1.183566,0.914358,-0.612998
1.234407,1.009759,-0.555700
1.231024,1.025291,-0.572952
1.201545,1.070843,-0.569220
1.182220,1.118657,-0.526224
1.216504,1.101784,-0.500276
1.156948,1.051476,-0.399525
1.166959,1.068948,-0.358240
1.161574,1.152771,-0.325862
1.195761,1.142063,-0.357835
1.155261,1.110677,-0.370701
1.135520,1.137159,-0.379791
1.230008,1.112691,-0.368928
1.328798,1.056558,-0.364032
1.359014,1.027112,-0.378157
1.363032,1.032660,-0.391100
1.358658,1.039741,-0.401341
1.362694,1.054007,-0.384989
1.332943,1.123919,-0.407593
1.349885,1.139945,-0.372754
1.385005,1.089070,-0.387561
1.372087,1.154717,-0.362869
1.345886,1.148262,-0.433292
1.349023,1.179276,-0.423548
1.343303,1.203100,-0.373770
1.323783,1.247273,-0.358737
1.326211,1.231312,-0.333203
1.368557,1.206435,-0.312876
1.395599,1.263434,-0.285025
1.415740,1.224401,-0.335077
1.358574,1.134517,-0.387753
1.298167,1.166366,-0.473019
1.246499,1.218550,-0.527348
1.227705,1.153832,-0.485176
1.227654,1.294873,-0.421236
1.201588,1.339278,-0.402771
1.168131,1.376791,-0.357718
1.183681,1.367091,-0.428503
1.079296,1.488995,-0.341380
1.099280,1.539606,-0.347586
1.070145,1.563435,-0.365798
1.109970,1.585141,-0.424990
1.140004,1.582297,-0.373787
1.167716,1.651798,-0.373266
1.138320,1.564352,-0.396308
1.095549,1.489600,-0.421480
1.047706,1.501512,-0.428202
0.989481,1.534822,-0.435384
1.051304,1.518561,-0.432486
1.092456,1.565638,-0.423755
1.186113,1.445090,-0.424585
1.235902,1.388920,-0.421667
1.201009,1.397565,-0.396389
1.104859,1.422214,-0.367614
1.119938,1.423695,-0.354673
1.113756,1.455119,-0.416446
1.066855,1.517383,-0.406601
1.078751,1.515904,-0.400652
1.176736,1.507311,-0.393440
1.222832,1.460877,-0.340165
1.250762,1.408340,-0.316292
1.199179,1.444413,-0.340870
1.167632,1.480979,-0.313141
1.252206,1.506943,-0.264575
1.280664,1.545030,-0.237377
1.282595,1.473774,-0.204134
1.326124,1.482662,-0.243445
1.327260,1.487065,-0.264371
1.329990,1.482793,-0.250330
1.365646,1.476279,-0.223947
1.340120,1.559578,-0.271015
1.340858,1.636633,-0.307666
1.315680,1.614767,-0.312987
1.270371,1.642340,-0.333514
1.243874,1.674246,-0.306787
1.225802,1.681836,-0.326234
1.231817,1.651532,-0.319772
1.179434,1.636617,-0.333111
1.151498,1.618707,-0.348936
1.154798,1.610182,-0.402043
1.094635,1.602340,-0.398366
1.067444,1.574374,-0.403898
1.054065,1.560649,-0.408041
1.023180,1.531774,-0.360768
0.880816,1.531693,-0.353736
0.774782,1.579625,-0.387475
0.789748,1.574127,-0.369383
0.838378,1.547715,-0.375999
0.857430,1.545099,-0.383218
0.837053,1.548092,-0.403132
0.799545,1.465739,-0.369026
0.871535,1.424323,-0.437666
0.894064,1.421833,-0.440809
0.799378,1.481117,-0.386977
0.895333,1.447039,-0.326258
0.964204,1.441492,-0.272330
0.945207,1.444695,-0.254614
0.924978,1.527819,-0.318039
0.883802,1.533340,-0.343667
0.844920,1.539054,-0.348345
0.767310,1.470150,-0.391313
0.743245,1.480620,-0.391862
0.703228,1.529605,-0.369620
0.677177,1.536132,-0.392936
0.682876,1.507760,-0.382976
0.672900,1.499537,-0.367556
0.695014,1.500731,-0.377224
0.646336,1.561072,-0.442526
0.638764,1.564451,-0.359406
0.667427,1.523160,-0.304213
0.666123,1.522736,-0.287056
0.687204,1.571489,-0.345427
0.644980,1.564764,-0.401157
0.667626,1.613977,-0.391685
0.726412,1.554784,-0.419355
0.724424,1.498298,-0.355808
0.735557,1.534761,-0.391340
0.768498,1.485050,-0.357992
0.743543,1.423134,-0.376881
0.751173,1.352640,-0.390235
0.752656,1.389693,-0.339233
0.758889,1.385726,-0.315256
0.754275,1.412520,-0.271020
0.735311,1.307915,-0.311889
0.808811,1.405672,-0.267098
0.775231,1.291834,-0.383780
0.750514,1.232587,-0.422248
0.766376,1.231921,-0.410837
0.783231,1.266007,-0.377099
0.739569,1.345567,-0.446774
0.732389,1.362790,-0.422680
0.798218,1.581136,-0.391540
0.776889,1.535255,-0.390884
0.769729,1.522367,-0.399799
0.774157,1.461403,-0.297220
0.760405,1.494875,-0.294223
0.723090,1.480704,-0.332176
0.701406,1.514778,-0.343964
0.674163,1.509346,-0.377899
0.692108,1.505933,-0.331262
0.662343,1.512230,-0.412597
0.678369,1.478057,-0.410824
0.763852,1.577780,-0.414694
0.842616,1.570970,-0.440091
0.866856,1.600286,-0.466818
0.947680,1.619097,-0.443500
1.037501,1.603296,-0.430571
1.005169,1.641970,-0.407357
1.024158,1.678126,-0.439071
1.001654,1.656651,-0.400212
1.024612,1.603376,-0.375170
1.045624,1.617328,-0.425712
1.152655,1.598765,-0.437261
1.169509,1.656950,-0.497321
1.178196,1.632389,-0.512141
1.194337,1.662107,-0.427860
1.187501,1.655265,-0.404258
1.215820,1.679396,-0.414528
1.209855,1.687169,-0.392156
1.198274,1.732877,-0.380433
1.210286,1.785004,-0.347351
1.220509,1.803684,-0.364821
1.250665,1.796096,-0.373810
1.108552,1.699800,-0.459193
1.205011,1.637662,-0.370571
1.194588,1.642481,-0.347055
1.211906,1.628335,-0.338310
1.166368,1.610462,-0.362311
1.155316,1.571489,-0.384679
1.226943,1.592444,-0.391919
1.214594,1.603855,-0.440160
1.219773,1.600003,-0.434437
1.263130,1.524439,-0.413027
1.247972,1.418480,-0.445962
1.230428,1.347291,-0.456672
1.309889,1.346673,-0.415981
1.284546,1.320286,-0.395836
1.307146,1.287314,-0.386580
1.295419,1.346654,-0.400573
1.277319,1.337389,-0.373997
1.278634,1.316434,-0.360622
1.191288,1.456688,-0.353756
1.227401,1.464933,-0.338937
1.461839,1.380362,-0.491421
1.475014,1.387981,-0.507709
1.344554,1.492356,-0.448630
1.425411,1.509068,-0.406424
1.477718,1.511629,-0.403255
1.539075,1.404750,-0.395076
1.570780,1.336521,-0.349116
1.596868,1.369443,-0.376780
1.692420,1.240199,-0.423210
1.673185,1.278444,-0.429562
1.617951,1.362284,-0.405955
1.716490,1.461953,-0.390727
1.690776,1.454629,-0.376498
1.725719,1.401998,-0.374116
1.739012,1.420365,-0.425335
1.777518,1.421212,-0.418003
1.740155,1.446814,-0.404572
1.780874,1.441999,-0.394509
1.824032,1.472451,-0.376267
1.775600,1.340412,-0.386512
1.724949,1.338562,-0.414948
1.705838,1.360093,-0.427612
1.689646,1.352838,-0.430504
1.722754,1.396011,-0.432539
1.665206,1.391267,-0.438913
1.687438,1.309391,-0.400366
1.736146,1.266572,-0.384254
1.594875,1.391105,-0.376334
1.505753,1.423757,-0.416703
1.469069,1.426858,-0.388494
1.443605,1.369269,-0.408138
1.387347,1.295843,-0.454206
1.352386,1.224883,-0.489578
1.293611,1.122400,-0.525312
1.301739,1.042696,-0.551166
1.282267,1.000363,-0.532525
1.316342,0.990161,-0.540635
1.336285,0.957627,-0.543694
1.427014,0.990242,-0.581142
1.422914,0.981624,-0.549960
1.465029,1.009432,-0.557769
1.512668,0.981161,-0.559872
1.496506,1.095808,-0.593324
1.458935,1.149716,-0.613569
1.440401,1.142270,-0.568038
1.545203,1.114989,-0.527205
1.579416,1.073035,-0.527277
1.579461,0.982390,-0.538425
1.563040,0.961493,-0.542853
1.602609,0.933760,-0.553079
1.500467,0.921063,-0.498861
1.446847,0.986629,-0.527716
1.445394,0.988544,-0.524350
1.456010,1.023582,-0.604553
1.447471,0.995885,-0.608525
1.461933,0.966259,-0.583122
1.511538,0.987336,-0.611870
1.512612,1.053711,-0.570110
1.565534,0.986055,-0.550339
1.443956,1.121719,-0.459869
1.479990,1.087783,-0.479569
1.530721,1.081705,-0.526364
1.526897,1.075426,-0.498552
1.558057,1.110339,-0.468532
1.589587,1.115643,-0.460491
1.547306,1.059942,-0.480814
1.693816,1.166546,-0.510743
1.720991,1.123001,-0.540469
1.862422,1.132409,-0.522570
1.906063,1.202426,-0.478322
1.923800,1.234513,-0.453999
1.923321,1.323808,-0.468806
1.935271,1.271649,-0.585989
1.942214,1.270585,-0.554714
1.969655,1.361054,-0.554265
1.921765,1.428618,-0.491374
2.024616,1.317584,-0.497988
2.091400,1.351932,-0.522589
2.139096,1.343012,-0.518831
2.121879,1.381669,-0.536847
2.098133,1.405264,-0.509531
2.085724,1.394463,-0.504754
2.146069,1.414856,-0.507768
2.189397,1.328578,-0.505396
2.184287,1.324227,-0.511634
2.240384,1.318721,-0.503412
2.265052,1.365058,-0.523801
2.127364,1.268285,-0.538389
2.086265,1.252522,-0.500673
2.055582,1.329149,-0.508868
2.064950,1.356502,-0.498294
2.099380,1.332606,-0.424923
2.138199,1.307987,-0.480263
2.126013,1.299450,-0.517883
2.149269,1.268375,-0.454100
2.142351,1.214886,-0.482441
2.124738,1.227283,-0.490475
2.194639,1.279660,-0.416828
2.229075,1.291685,-0.411319
2.255255,1.289883,-0.435236
2.260521,1.333252,-0.434609
2.204367,1.354689,-0.458970
2.228551,1.312171,-0.510579
2.291228,1.316402,-0.499227
2.319634,1.331592,-0.478618
2.339622,1.346037,-0.461338
2.307322,1.420699,-0.462296
2.387902,1.443174,-0.430106
2.437152,1.402005,-0.402006
2.552080,1.260613,-0.429344
2.582768,1.193371,-0.489428
2.599739,1.225006,-0.454107
2.627238,1.249530,-0.445681
2.665097,1.217145,-0.407110
2.670622,1.267249,-0.437843
2.622849,1.237774,-0.465742
2.594462,1.208030,-0.469546
2.636936,1.196080,-0.511302
2.694053,1.170387,-0.568667
2.715260,1.172899,-0.577776
2.688448,1.145934,-0.609836
2.657911,1.184629,-0.644247
2.610220,1.215709,-0.632504
2.703606,1.172792,-0.667969
2.687261,1.146192,-0.629621
2.642400,1.161569,-0.584885
2.663088,1.144068,-0.536524
2.648985,1.123715,-0.541401
2.657245,1.135276,-0.493142
2.705796,1.146477,-0.528996
2.741829,1.207283,-0.446575
2.763484,1.288149,-0.405890
2.725131,1.365840,-0.455358
2.760982,1.350421,-0.512986
2.779424,1.318461,-0.540830
2.794971,1.352128,-0.497045
2.768005,1.385720,-0.589731
2.789281,1.368629,-0.605464
2.747400,1.438693,-0.550687
2.782770,1.498304,-0.549874
2.798483,1.456793,-0.556274
2.851671,1.471938,-0.574248
2.833971,1.465440,-0.585808
2.830456,1.495351,-0.561155
2.836003,1.456633,-0.553875
2.919982,1.500885,-0.574821
2.904615,1.477304,-0.461466
2.898184,1.415498,-0.451674
2.895145,1.411386,-0.435916
2.881247,1.428221,-0.467373
2.921847,1.476458,-0.520283
2.961578,1.484843,-0.549225
2.979799,1.491027,-0.525390
2.969173,1.572486,-0.504516
3.031414,1.624274,-0.480892
3.063309,1.621173,-0.475114
3.110341,1.625192,-0.519424
3.045304,1.586141,-0.480283
3.066855,1.563109,-0.495681
3.056245,1.605435,-0.520589
3.128336,1.583177,-0.567357
3.158830,1.579526,-0.559726
3.204823,1.556854,-0.623773
3.197512,1.553388,-0.633614
3.200492,1.573668,-0.648727
3.193698,1.576391,-0.664896
3.236687,1.595585,-0.610801
3.251087,1.654620,-0.553970
3.261372,1.635132,-0.563853
3.237130,1.657441,-0.571980
3.204268,1.621094,-0.501572
3.126502,1.586442,-0.401573
3.082253,1.583379,-0.383028
3.020466,1.440896,-0.335814
3.032664,1.449117,-0.334675
2.991883,1.391131,-0.323662
2.976657,1.379176,-0.311613
2.848325,1.358333,-0.321418
2.812552,1.347162,-0.311818
2.806774,1.359014,-0.301157
2.870162,1.405532,-0.367398
2.829319,1.294970,-0.393053
2.815425,1.280151,-0.428446
2.794078,1.336407,-0.438230
2.797292,1.312752,-0.410987
2.781432,1.291744,-0.424075
2.737987,1.340349,-0.460269
2.699849,1.411710,-0.422348
2.685043,1.398440,-0.436666
2.636395,1.371459,-0.458527
2.526217,1.343058,-0.510214
2.437668,1.342445,-0.580083
2.436901,1.409993,-0.559049
2.498530,1.455108,-0.562550
2.640651,1.503434,-0.518873
2.746989,1.571586,-0.462697
2.818750,1.625196,-0.416031
2.676885,1.698590,-0.465786
2.580014,1.702072,-0.519781
2.556474,1.709954,-0.561116
2.566425,1.690456,-0.527932
2.649720,1.688512,-0.517084
2.605377,1.674151,-0.487044
2.542242,1.587608,-0.420733
2.505128,1.635005,-0.435067
2.484792,1.545090,-0.401310
2.497543,1.482967,-0.394065
2.490406,1.507154,-0.400821
2.465899,1.498962,-0.402428
2.482313,1.556891,-0.340210
2.513667,1.598743,-0.284650
2.549106,1.645579,-0.202522
2.606222,1.607022,-0.210199
2.600285,1.576424,-0.210769
2.609846,1.568944,-0.240014
