0.046012,1.484089,0.500907
0.011635,1.509570,0.498412
0.004213,1.459638,0.557376
0.108801,1.390583,0.494411
-0.044552,1.485236,0.411497
0.079270,1.493219,0.592596
0.090391,1.717412,0.386616
0.117220,1.809083,0.445583
0.151882,1.766923,0.443611
0.104421,1.779531,0.556619
0.025899,1.760807,0.728730
0.076814,1.827934,0.737031
0.020760,1.822255,0.652608
-0.154944,1.763356,0.332631
-0.310094,1.767654,0.208694
-0.293393,1.751500,0.242805
-0.366829,1.721922,0.096775
-0.446194,1.765315,-0.006218
-0.448309,1.927956,-0.112999
-0.299336,2.009299,-0.135400
-0.264118,2.051847,-0.112562
-0.126956,1.959190,-0.218350
-0.097813,1.967970,-0.310076
-0.106057,2.009019,-0.284776
-0.137003,2.032961,-0.319705
-0.130446,1.972429,-0.296220
-0.220116,1.952216,-0.284847
-0.145176,1.914285,-0.321496
-0.039807,1.900849,-0.314665
-0.101672,1.940167,-0.248732
-0.079227,2.036906,-0.077955
-0.083867,2.042343,-0.123421
0.034991,1.992232,-0.085241
0.174830,1.927697,0.037474
0.174195,1.906272,0.133974
0.120027,2.072456,0.091709
0.275650,1.997738,0.057768
0.481479,1.982684,0.257431
0.717942,1.942878,0.422697
0.675714,1.806866,0.396576
0.659265,1.696647,0.351540
0.700077,1.552722,0.340170
0.770474,1.649261,0.383700
0.787058,1.619882,0.340450
0.808952,1.658098,0.205876
0.874604,1.782593,0.237916
0.826573,1.883815,0.297266
0.781937,1.958201,0.274295
0.919935,2.020632,0.277135
0.956798,2.190880,0.257799
0.980442,2.151595,0.149184
0.877640,2.029708,0.091037
0.896029,2.074654,0.068846
0.887006,2.160388,0.041696
0.851195,2.168932,-0.042180
0.879748,2.150349,-0.112289
0.937851,2.201045,-0.170331
0.953103,2.251163,-0.275290
0.926955,2.296984,-0.346820
0.958825,2.357113,-0.469433
0.886918,2.181398,-0.443398
0.740012,2.176682,-0.416720
0.600762,2.198108,-0.317281
0.513368,2.228867,-0.293860
0.417614,2.277628,-0.128048
0.146674,2.374665,0.122188
0.244283,2.375197,0.204617
-0.259807,2.332313,0.290265
-0.204638,2.355045,0.384157
-0.217947,2.251416,0.321738
-0.016958,2.315048,0.288695
0.043080,2.286022,0.376467
0.029292,2.445537,0.316519
0.095796,2.701812,0.129779
0.164251,2.634507,0.275381
0.190031,2.579246,0.331943
0.414985,2.461802,0.317793
0.418193,2.368127,0.326501
0.643383,2.282284,0.361949
0.722435,2.318629,0.501187
0.711925,2.423535,0.400424
0.649791,2.508511,0.119123
0.573797,2.575921,0.102629
0.590069,2.591626,0.164442
0.823156,2.515241,0.155282
0.912606,2.501387,0.075590
0.848278,2.273289,0.019768
0.713570,1.978780,-0.028326
0.776054,1.967882,-0.006885
0.776275,1.987683,-0.044726
0.836388,1.939021,-0.064018
0.883354,1.963777,0.000478
0.813181,1.945644,-0.109793
0.933384,1.932365,-0.166319
1.111852,1.896045,-0.178395
1.033141,1.813901,-0.165186
0.997396,1.791417,-0.120325
0.989584,1.833651,-0.078425
1.011112,1.922811,-0.021177
1.021248,1.783383,-0.174633
1.139127,1.658439,-0.374591
1.232177,1.699414,-0.465126
1.149664,1.632858,-0.514900
1.238185,1.679181,-0.512142
1.259319,1.612556,-0.664238
1.287538,1.486236,-0.802901
1.201006,1.514247,-0.845803
1.249462,1.533619,-0.833101
1.289383,1.547705,-0.790869
1.308219,1.536770,-0.746188
1.319426,1.617203,-0.646635
1.393030,1.675505,-0.586123
1.383426,1.753638,-0.587581
1.526265,1.730484,-0.745923
1.345379,1.796941,-0.658945
1.255671,1.868038,-0.561059
1.277927,1.890705,-0.565325
1.188283,1.905817,-0.519804
1.177896,1.777735,-0.556227
1.252516,1.959412,-0.602239
1.241610,1.955910,-0.550788
1.345961,1.903550,-0.512542
1.416866,2.031306,-0.516222
1.392396,2.111981,-0.602898
1.381726,2.081695,-0.624478
1.418966,2.102709,-0.600670
1.356231,2.133653,-0.602414
1.400587,2.102364,-0.524756
1.287412,2.157077,-0.511552
1.375218,2.208731,-0.482177
1.347573,2.271921,-0.503515
1.413093,2.106838,-0.537179
1.272899,2.076160,-0.568827
1.255339,1.938455,-0.550196
1.197716,2.094526,-0.470443
1.280592,2.070148,-0.287793
1.322584,1.972684,-0.153900
1.377216,1.974006,-0.045170
1.383599,1.989979,-0.096196
1.454372,1.898525,-0.159439
1.500448,2.008052,-0.185842
1.587966,1.983474,-0.113387
1.605244,1.899189,-0.134581
1.710608,2.423413,-0.288055
1.877407,2.488240,-0.277440
1.929533,2.557046,-0.247314
1.935297,2.580795,-0.236365
1.902700,2.650057,-0.211746
1.897980,2.736710,-0.446730
1.907637,2.742139,-0.422802
1.906946,2.557216,-0.560874
1.889134,2.586477,-0.435264
1.913688,2.631416,-0.428358
1.863281,2.544234,-0.424509
1.975754,2.558839,-0.491853
2.037333,2.546390,-0.469894
2.045535,2.422060,-0.440626
2.302316,2.112444,-0.445630
2.345268,2.078617,-0.463614
2.355695,1.999967,-0.386203
2.444506,1.982321,-0.520628
2.504546,1.989150,-0.462138
2.449291,1.945692,-0.453952
2.481801,2.025398,-0.488712
2.422789,2.058747,-0.480831
2.494240,1.721392,-0.416048
2.440836,1.792595,-0.207815
2.150324,1.900903,-0.331127
2.127829,1.905032,-0.334945
2.063997,1.942422,-0.222920
1.956904,1.978258,-0.154815
1.987152,1.985494,-0.160530
1.998242,1.755625,-0.398094
1.982434,1.637500,-0.550627
1.909183,1.588668,-0.513566
1.830271,1.387555,-0.613419
1.679461,1.600317,-0.479298
1.468323,1.898017,-0.560889
1.341688,2.125566,-0.610478
1.318478,2.100796,-0.753148
1.273312,2.147893,-0.938493
1.310644,2.150374,-0.912467
1.315543,2.074661,-0.905108
1.167521,2.041506,-0.962103
1.267272,1.990282,-0.952214
1.174622,1.961063,-1.068385
1.129000,1.992330,-0.980880
1.245348,2.056403,-1.034320
1.320266,2.084760,-1.068100
1.286171,2.118402,-1.179941
1.287723,2.143074,-1.172327
1.305354,2.356065,-1.286413
1.351383,2.297861,-1.355355
1.369237,2.266821,-1.483419
1.429768,2.236313,-1.570582
1.508845,2.179163,-1.619846
1.581745,2.123570,-1.562600
1.692100,2.054850,-1.632229
1.700407,2.139498,-1.764971
1.719058,2.179840,-1.795479
1.687578,1.973282,-1.837699
1.597403,1.950972,-1.808881
1.480578,2.072428,-1.805645
1.329185,2.530046,-1.912031
1.208412,2.560921,-1.957190
1.223053,2.555375,-1.926622
1.258908,2.604281,-1.953958
1.113987,2.709229,-1.811666
1.116693,2.689207,-1.789952
1.031413,2.824181,-1.747394
0.957460,2.889621,-1.792558
0.997415,2.773499,-1.803071
1.000090,2.749999,-1.744125
0.837272,2.958573,-1.711221
0.982738,2.905649,-1.798292
0.930592,2.836987,-1.646323
0.903301,2.906703,-1.598493
0.785163,2.763721,-1.684079
0.777299,2.915220,-1.735607
0.807726,3.030446,-1.646692
0.722917,3.038963,-1.603816
0.705468,3.012764,-1.497276
0.598006,3.138002,-1.440187
0.530264,3.027882,-1.464136
0.497197,3.127496,-1.336019
0.433273,3.110755,-1.421688
0.362274,3.064469,-1.465348
0.266446,2.887102,-1.526034
0.099080,2.969658,-1.378975
0.029528,2.986480,-1.308092
0.062871,2.946158,-1.274704
0.209413,3.008824,-1.433663
0.470535,2.976572,-1.628247
0.404877,2.909367,-1.564009
0.292259,2.899805,-1.480448
0.379686,2.836661,-1.479613
0.403706,2.814412,-1.528915
0.315332,2.862767,-1.459214
0.336781,2.874383,-1.391219
0.434741,2.819431,-1.406101
0.427795,2.845387,-1.425696
0.713299,2.718688,-1.318385
0.796177,2.614258,-1.273980
0.957173,2.367619,-1.234352
1.075047,2.278024,-1.145679
1.171411,2.196831,-1.154058
1.208038,2.198830,-1.141025
1.237170,2.179853,-1.159551
1.263543,2.171677,-1.266115
1.236804,2.183923,-1.312896
1.206757,2.071539,-1.237669
1.311653,2.032962,-1.201771
1.467091,2.045032,-1.157809
1.302549,2.002832,-1.292148
1.308054,2.040060,-1.401137
1.231984,1.853655,-1.369728
1.275937,1.821936,-1.224888
1.305870,1.888043,-1.307598
1.422170,1.898710,-1.161250
1.372808,2.017025,-0.947470
1.309289,2.051094,-0.964153
1.263589,2.055840,-1.030129
1.281008,1.883121,-1.124959
1.244685,1.904502,-1.191130
1.450325,1.861210,-0.818852
1.588816,1.935871,-0.806731
1.714249,1.821145,-0.701877
1.737342,1.696466,-0.659635
1.707088,1.703897,-0.614708
1.737540,1.520115,-0.529524
1.882246,1.521564,-0.586470
2.082311,1.436347,-0.706981
2.157438,1.481826,-0.692761
2.211791,1.411041,-0.690799
2.339249,1.318081,-0.589276
2.478189,1.283162,-0.528997
2.581506,1.318164,-0.409699
2.550908,1.364362,-0.461372
2.591574,1.317596,-0.467359
2.562322,1.310508,-0.523687
2.598023,1.392623,-0.558287
2.697184,1.561329,-0.455355
2.740034,1.619247,-0.546617
2.723042,1.616867,-0.661439
2.790821,1.650705,-0.763339
2.874824,1.680295,-0.955228
2.892179,1.729540,-0.944196
2.901739,1.706152,-0.883713
2.916931,1.717900,-0.798115
2.855483,1.689812,-0.884991
2.849488,1.698274,-0.660805
2.795047,2.139325,-0.883170
2.750230,2.356830,-1.052546
2.600307,2.558502,-1.165111
2.642327,2.695236,-1.326141
2.699965,2.806425,-1.421810
2.674324,2.574563,-1.519837
2.647503,2.416050,-1.573582
2.894787,2.178383,-1.595991
2.949383,2.163908,-1.606105
3.013839,2.165387,-1.560747
3.094326,2.170825,-1.533427
3.051288,2.059099,-1.382722
2.890081,2.114390,-1.235739
2.916779,2.046054,-1.339391
3.052749,1.967764,-1.317701
3.010226,1.958746,-1.280364
3.037489,2.003462,-1.326110
3.005980,1.947418,-1.385493
2.976765,1.899891,-1.426368
2.997770,1.869019,-1.303206
3.206815,1.878177,-1.291571
3.290095,1.860693,-1.293423
3.218031,1.861170,-1.113817
3.140944,1.840011,-0.979883
3.063589,1.914722,-0.878363
2.847302,1.563516,-0.650845
2.824231,1.528883,-0.606615
2.785530,1.385820,-0.591477
2.827898,1.378071,-0.593836
2.815367,1.389511,-0.670376
2.632110,1.515744,-0.773766
2.599028,1.495310,-0.714978
2.650953,1.437983,-0.632315
2.764349,1.495628,-0.531534
2.749843,1.559683,-0.656054
2.793893,1.734273,-0.828321
2.848903,1.786243,-0.888797
2.930772,1.793001,-0.891203
2.885987,1.587425,-0.780358
2.798850,1.468987,-0.622412
3.004080,1.773594,-1.074067
3.061323,1.905674,-1.153872
3.115107,1.736080,-1.034693
3.166833,1.739365,-1.043855
3.244903,1.626058,-1.112764
3.227818,1.662824,-1.112092
3.225292,1.802835,-1.247694
3.552768,1.706741,-1.200873
3.668483,1.745841,-1.183190
4.000307,1.703977,-1.080845
4.177232,1.701500,-0.977221
4.107280,1.697039,-0.980461
4.179667,1.679328,-0.917737
4.213306,1.624772,-0.908099
4.192333,1.681870,-0.933362
4.160774,1.733710,-0.981929
4.095333,1.777389,-1.001292
3.930557,1.986721,-1.177920
3.943200,1.945956,-1.163180
3.945260,2.005656,-1.203479
3.973927,2.128396,-1.195494
4.056050,2.103653,-1.100230
4.205719,1.951600,-1.108469
4.443396,1.924645,-1.031060
4.529313,1.955418,-0.992540
4.354150,1.767430,-0.969300
4.506214,2.141608,-0.988097
4.491686,2.149994,-0.960167
4.499951,2.192492,-0.948002
4.457966,2.246626,-0.898298
4.497484,2.210037,-0.910621
4.304110,2.173494,-0.814335
4.291053,2.124637,-0.798200
4.301538,2.113619,-0.810737
4.154812,2.328006,-0.832711
4.165052,2.465612,-0.803483
4.188386,2.729954,-0.795506
4.173532,2.994898,-0.704816
4.203485,2.986715,-0.671072
4.294629,2.996640,-0.687991
4.331466,2.866024,-0.750045
4.183033,3.052650,-0.735522
4.157330,3.045879,-0.655537
4.217674,3.019919,-0.588707
4.277658,2.969903,-0.426881
4.263449,2.976503,-0.468961
4.252927,2.983637,-0.567049
4.278608,2.972850,-0.594407
4.241389,3.017170,-0.673679
4.253440,2.940467,-0.464778
4.264079,3.021786,-0.440147
4.249475,2.928849,-0.502393
4.310327,3.122327,-0.415791
4.202816,2.930428,-0.412952
4.147594,2.900851,-0.414407
4.181644,3.014938,-0.517469
4.215862,3.143186,-0.570126
4.085039,3.187826,-0.610932
4.108844,3.136161,-0.524029
4.069468,3.141336,-0.554250
4.038004,3.156470,-0.487441
4.063655,3.152797,-0.449767
4.003341,3.326051,-0.391481
3.974241,3.411429,-0.312638
4.032967,3.506900,-0.340008
4.003736,3.431746,-0.306295
3.959459,3.353798,-0.286836
4.007266,3.355606,-0.304171
3.969991,3.555413,-0.257768
3.980669,3.539265,-0.189820
4.110627,3.554482,-0.123708
4.142942,3.588089,-0.132590
3.988390,3.708016,-0.115207
3.960608,3.753711,-0.084866
3.953246,3.691915,-0.008483
3.847363,3.670117,-0.110238
3.674560,3.655073,-0.202894
3.677711,3.660227,-0.230216
3.651595,3.671281,-0.238884
3.895461,3.732414,-0.226140
3.896937,3.655614,-0.314570
3.965279,3.583391,-0.325851
4.038041,3.448081,-0.433961
3.922608,3.411310,-0.477957
3.905069,3.303315,-0.523250
3.765116,3.445379,-0.483717
3.829489,3.340533,-0.442098
3.742958,3.436474,-0.368542
3.886615,3.439012,-0.283576
3.946312,3.429582,-0.496634
4.044591,3.452995,-0.658210
4.085892,3.493106,-0.699313
4.118236,3.276426,-0.567977
4.140201,3.179354,-0.604129
4.063775,3.128521,-0.586780
3.942446,3.200840,-0.470500
3.930571,3.256584,-0.480977
3.956223,3.099165,-0.538512
4.028391,3.019799,-0.512428
4.053452,3.031463,-0.482058
3.990345,2.955973,-0.603304
3.976446,2.861878,-0.678459
4.104852,2.749221,-0.903417
4.114284,2.759370,-0.891389
4.117753,2.792037,-0.715955
4.010563,2.767385,-0.761140
3.809382,2.786232,-0.773733
3.844793,2.825571,-0.890166
4.120321,2.820723,-0.827435
4.120636,2.707542,-0.874630
4.078935,2.545188,-1.106822
4.111549,2.482051,-1.143150
4.099694,2.373489,-1.136517
4.209150,2.610512,-1.184250
4.224032,2.722338,-1.135256
4.268364,2.717879,-1.097378
4.310499,2.609333,-1.116938
4.146481,2.779794,-1.345580
4.103327,2.866783,-1.391154
4.132601,2.879863,-1.300666
4.205536,2.853342,-1.317156
4.171846,2.838531,-1.198300
4.145344,2.807175,-1.151724
4.115116,2.849117,-1.139415
4.169055,2.930992,-1.314824
4.173337,2.845767,-1.328971
4.153074,2.846158,-1.276781
4.107413,2.837592,-1.278317
4.155041,3.012923,-1.205172
4.178170,3.216216,-1.109529
4.205894,3.262707,-0.930816
4.266951,3.245367,-0.893809
4.148668,3.191999,-0.955194
4.070760,3.181630,-1.052571
4.065066,3.179151,-1.128458
4.103825,3.161490,-1.162072
4.095955,3.137079,-1.157778
4.103070,3.131788,-1.120626
4.186190,3.033996,-1.104738
4.065226,2.936594,-1.079122
4.137227,2.859121,-1.163764
4.229745,2.717819,-1.168988
4.167679,2.730350,-1.151457
4.151658,2.720921,-1.145095
4.167820,2.730897,-1.234015
4.224030,2.734233,-1.016963
4.326215,2.741997,-0.968247
4.312534,2.704100,-0.910736
4.294124,2.752339,-0.895397
4.273469,2.883042,-0.945621
4.143180,2.949001,-1.052153
4.238478,2.955415,-1.075135
4.596232,2.776703,-0.926785
4.541640,2.763082,-0.955478
4.454740,2.964672,-1.118482
4.317325,2.976954,-1.054267
4.532141,2.923657,-1.118888
4.553133,2.828100,-1.244985
4.508785,2.816057,-1.428250
4.636074,2.680247,-1.446481
4.605190,2.703137,-1.355554
4.529535,2.521199,-1.471071
4.630044,2.554211,-1.510907
4.646166,2.577614,-1.559633
4.748487,2.512154,-1.474728
4.773733,2.543066,-1.513186
4.670813,2.564493,-1.518606
4.632858,2.496753,-1.480241
4.575567,2.635462,-1.589497
4.511439,2.799477,-1.581732
4.585771,2.847876,-1.600628
4.574441,2.870692,-1.728624
4.545156,2.963264,-1.814535
4.388662,2.868751,-1.897094
4.376562,2.837455,-1.868612
4.470305,2.720606,-1.805451
4.322051,2.783103,-1.691547
4.381050,2.693008,-1.625629
4.088633,2.739484,-1.633544
4.098305,2.737670,-1.671175
4.225635,2.624956,-1.635478
4.292631,2.636325,-1.615181
4.324488,2.597455,-1.673462
4.052818,2.563632,-1.587995
4.033596,2.539004,-1.597224
3.982989,2.122949,-1.533740
3.921883,2.052238,-1.480068
3.866529,2.037716,-1.421970
3.832900,1.962095,-1.413020
3.887980,1.963387,-1.374749
3.855815,1.910058,-1.415603
3.951313,1.944383,-1.492177
3.499704,1.804052,-1.338770
2.932900,1.626241,-1.295226
2.765287,1.555904,-1.335491
2.674910,1.430993,-1.384380
2.792576,1.376425,-1.317232
2.745320,1.210705,-1.367819
2.699275,1.223274,-1.334735
2.882384,1.461304,-1.471582
2.877318,1.538399,-1.491726
2.953555,1.706112,-1.628726
2.689670,1.612469,-1.588461
2.644297,1.635679,-1.623363
2.606902,1.712949,-1.675751
2.300828,1.523173,-1.645883
2.198008,1.408703,-1.612149
2.364351,1.742432,-1.573864
2.164627,1.275447,-1.680221
1.926308,0.810426,-1.756902
1.864714,0.766149,-1.697235
1.865941,0.701428,-1.587205
1.829567,0.635063,-1.582363
1.956620,0.601368,-1.588477
1.945923,0.568197,-1.566756
1.900292,0.520928,-1.566422
1.980167,0.480168,-1.718463
1.882302,0.540929,-1.634712
1.770949,0.747433,-1.364877
1.748982,0.833742,-1.245685
1.725273,0.831721,-1.327440
1.470574,0.921630,-1.261801
1.357200,0.974739,-1.219394
1.364559,1.041950,-1.239445
1.411314,0.936035,-1.237033
1.508577,0.909149,-1.216264
1.577421,0.932696,-1.244263
1.529621,0.962599,-1.098227
1.511187,0.675749,-1.131176
1.499245,0.596398,-1.172901
1.519144,0.644533,-1.140238
1.453038,0.639428,-1.108339
1.462848,0.792799,-1.093730
1.457535,0.779090,-1.123130
1.579881,0.832190,-1.214147
1.565113,0.697070,-1.239352
1.647184,0.718529,-1.291267
1.570347,0.788884,-1.246153
1.581409,0.788310,-1.267474
1.595798,0.815826,-1.352174
1.559654,0.596712,-1.325203
1.360809,0.563108,-1.236191
1.340338,0.585651,-1.055465
1.370367,0.492896,-1.046285
1.430863,0.400441,-0.949241
1.349414,0.655503,-0.568650
1.298665,0.747722,-0.568149
1.366691,0.867232,-0.482712
1.302196,0.931595,-0.448746
1.205346,0.937051,-0.605972
1.195788,0.893239,-0.647396
1.216331,0.778290,-0.639324
1.260235,0.806369,-0.665881
1.483777,0.910212,-0.713913
1.648777,0.912394,-0.718767
1.653413,0.826736,-0.874943
1.770395,0.885928,-0.972260
1.695576,0.945522,-0.982405
1.658230,0.901425,-0.937212
1.657865,0.936464,-0.921731
1.621943,0.971707,-0.917468
1.686583,0.914467,-0.924901
1.636101,0.889001,-0.977536
1.633832,0.966907,-0.976308
1.616022,1.008479,-0.877150
1.652209,1.081568,-0.843695
1.633005,1.119983,-0.829706
1.571956,1.099292,-0.789988
1.499091,1.102550,-0.812716
1.539696,0.982483,-0.746098
1.690088,0.871213,-0.732202
1.670828,0.871339,-0.752197
1.676670,0.944851,-0.861367
1.843531,1.049496,-0.739355
1.896697,1.062632,-0.758407
1.761937,1.046252,-0.753359
1.577541,1.089969,-0.773803
1.731682,1.111936,-0.780949
1.462994,1.046141,-0.926554
1.512212,0.907657,-0.970364
1.555101,0.849030,-0.974516
1.520620,0.838171,-1.098856
1.506058,1.029287,-1.133648
1.472189,0.854423,-0.993789
1.466895,0.908508,-1.028786
1.633004,1.183251,-1.102426
1.540485,1.289262,-1.112469
1.415247,1.360865,-1.095242
1.370279,1.362643,-1.045392
1.421241,1.483811,-0.954325
1.457449,1.421312,-0.896919
1.483702,1.426646,-0.922880
1.496362,1.367680,-0.928586
1.401975,1.210323,-0.912691
1.300509,1.142504,-0.746117
1.220733,1.120068,-0.639662
1.146066,1.116235,-0.621953
1.236109,1.145437,-0.643031
1.175261,1.037298,-0.707168
1.135160,0.999260,-0.765764
1.054457,1.145495,-0.665591
1.005110,1.107630,-0.704483
1.002339,1.095331,-0.632129
1.004958,0.915717,-0.601348
1.038025,0.854246,-0.529275
1.081034,0.887869,-0.533770
1.087487,0.882983,-0.569117
1.080515,0.612834,-0.489161
1.173359,0.678173,-0.394558
1.070783,0.691483,-0.333308
1.072973,0.645478,-0.240254
1.170662,0.755418,-0.240662
1.089137,0.734710,-0.265262
1.167426,0.883505,-0.367665
1.232587,0.915560,-0.344038
1.350374,0.958070,-0.386805
1.399204,1.013012,-0.442896
1.389927,1.109368,-0.422086
1.406664,1.145214,-0.372676
1.373935,1.150078,-0.405855
1.262825,1.233763,-0.387322
1.279607,1.210077,-0.427419
1.366608,1.064879,-0.633303
1.404848,1.094363,-0.736026
1.362706,1.142112,-0.824078
1.367073,1.054233,-0.945490
1.301276,1.055557,-0.931801
1.304169,1.020819,-0.920327
1.283045,1.009208,-0.926459
1.310889,0.905380,-0.961199
1.281667,0.794926,-0.892700
1.215593,0.742345,-0.799941
1.316497,0.776572,-0.732142
1.166475,0.793191,-0.762054
1.242136,0.754171,-0.746274
1.258229,0.679580,-0.775147
1.244512,0.767763,-0.972604
1.257495,0.738419,-1.022723
1.355609,0.679214,-0.991256
1.387120,0.607681,-1.026723
1.379478,0.589317,-1.079130
1.346016,0.678925,-1.425080
1.334905,0.600350,-1.342046
1.167697,0.546502,-1.487712
1.049140,0.338970,-1.499701
1.101074,0.393477,-1.397302
1.069231,0.313208,-1.382988
0.901252,0.516129,-1.537805
0.717748,0.694446,-1.718685
0.486133,0.758621,-1.862475
0.523521,0.700384,-1.823759
0.594408,0.836768,-1.784879
0.427438,0.877312,-1.826139
0.459055,0.862111,-1.826561
0.242006,0.842832,-1.766080
0.003734,0.761866,-1.720785
-0.132700,0.759284,-1.815776
-0.229750,0.717874,-2.001563
-0.266677,0.683207,-2.096945
-0.201447,0.630412,-2.045740
-0.205417,0.661316,-1.972006
-0.012306,0.576489,-1.827822
-0.102757,0.463233,-1.746413
-0.053053,0.519351,-1.753801
-0.104972,0.480829,-1.766692
-0.214376,0.514817,-1.830179
-0.263430,0.460691,-1.828936
-0.330612,0.454201,-1.894202
-0.589914,0.741370,-1.933806
-0.646830,0.288282,-1.868602
-0.688852,0.300322,-1.926143
-0.648315,0.280694,-1.870013
-0.841366,0.295313,-1.725598
-0.872368,0.242981,-1.745940
-0.891216,0.167544,-1.650576
-0.896273,0.228097,-1.664698
-0.677658,0.234950,-1.669118
-0.644693,0.264296,-1.504643
-0.737077,0.272942,-1.560851
-0.723054,0.299193,-1.525277
-0.850633,0.250575,-1.404189
-0.992132,0.203098,-1.452584
-1.032838,0.181318,-1.464595
-0.907528,0.526132,-1.517795
-0.777554,0.730115,-1.516057
-0.785943,0.578912,-1.497556
-0.809342,0.456051,-1.641157
-0.854658,0.473286,-1.549092
-0.780061,0.521779,-1.495242
-0.845651,0.463910,-1.514621
-0.746570,0.451286,-1.429885
-0.695299,0.471238,-1.292350
-0.857663,0.407907,-1.356965
-0.815722,0.382267,-1.316595
-0.823329,0.359033,-1.115024
-0.808526,0.353680,-0.938151
-0.797315,0.316463,-0.976689
-0.800130,0.254368,-1.022589
-0.773613,0.199698,-1.076754
-0.828697,0.292066,-0.954251
-0.827784,0.281107,-0.908486
-0.894190,0.269051,-0.893426
-0.829546,0.267816,-0.792319
-0.795349,0.135015,-0.711504
-0.799659,0.064836,-0.581707
-0.847543,0.039182,-0.632182
-0.868112,-0.104915,-0.870094
-0.702244,-0.323553,-1.082616
-0.684074,-0.305158,-0.994834
-0.699215,-0.355406,-0.961647
-0.652764,-0.364222,-1.039075
-0.634763,-0.370447,-1.049789
-0.669705,-0.321726,-1.072773
-0.671010,-0.318228,-1.085234
-0.541857,-0.424645,-1.040169
-0.506779,-0.399411,-1.165069
-0.509099,-0.362155,-1.056952
-0.474679,-0.439900,-1.066878
-0.357832,-0.491176,-1.011733
-0.355914,-0.588795,-0.906445
-0.417633,-0.598780,-0.997856
-0.175087,-0.736983,-1.032938
-0.057184,-0.773290,-1.107890
0.269302,-0.816158,-1.233361
0.269328,-0.820033,-1.243380
0.420278,-0.820984,-1.060340
0.467854,-0.829232,-0.973336
0.485884,-0.830256,-0.960328
0.604058,-0.864419,-1.023969
0.622859,-0.906931,-1.162216
0.570022,-0.949438,-1.079956
0.404870,-0.970607,-0.933726
0.806513,-1.149563,-1.454410
0.832690,-1.179881,-1.597776
0.712839,-1.143265,-1.562696
0.672056,-1.060791,-1.718161
0.537528,-0.881187,-1.682043
0.387051,-0.811056,-1.621544
0.220825,-0.643837,-1.708170
0.220490,-0.546355,-1.741070
0.166445,-0.497757,-1.852143
0.181369,-0.361735,-1.821426
0.174012,-0.325743,-1.715522
0.318228,-0.191103,-1.669709
0.319535,-0.143557,-1.752616
0.325841,-0.256052,-1.809925
0.441965,-0.250321,-1.777883
0.521887,-0.269585,-1.913765
0.648709,-0.258856,-1.966629
0.701053,-0.277154,-2.005684
0.705420,-0.407597,-2.150445
0.622412,-0.449218,-2.260097
0.599988,-0.472663,-2.290449
0.524668,-0.463288,-2.421591
0.443258,-0.434829,-2.273635
0.472348,-0.498136,-2.027004
0.447906,-0.483094,-2.030794
0.423296,-0.441031,-1.997619
0.359600,-0.522047,-1.971520
0.262513,-0.594053,-1.944654
0.235774,-0.587205,-2.044164
0.344677,-0.583231,-2.033017
0.270725,-0.498957,-2.116032
0.382172,-0.519195,-2.052718
0.471554,-0.460335,-1.931187
0.483518,-0.407137,-2.017356
0.525290,-0.450433,-2.153872
0.551498,-0.456695,-2.213802
0.747443,-0.370234,-2.181836
0.872230,-0.342864,-2.092775
0.767968,-0.499492,-2.127364
0.681924,-0.388985,-2.090935
0.854179,-0.591611,-2.110507
0.943943,-0.434097,-2.157841
0.877985,-0.248460,-2.096933
0.694524,-0.223351,-2.114906
0.720880,-0.188224,-2.109925
0.686330,-0.273297,-2.044411
0.567977,-0.236154,-2.118145
0.460998,-0.171572,-2.172006
0.429638,-0.219362,-2.162641
0.524868,-0.246006,-2.195815
0.364822,-0.188041,-2.113100
0.310540,-0.113806,-2.025732
0.355686,-0.117815,-2.032401
0.267187,0.048166,-1.972255
-0.080408,0.028883,-1.846792
-0.210194,0.073978,-1.720334
-0.169870,0.121358,-1.714724
-0.215933,0.193891,-1.748335
-0.179145,0.234226,-1.800973
-0.091988,0.096842,-1.622646
-0.052369,0.014755,-1.564062
-0.064758,-0.119756,-1.800490
0.148926,-0.336525,-1.838513
0.260807,-0.397533,-1.911025
0.390515,-0.544360,-1.981743
0.475650,-0.593566,-2.021014
0.510001,-0.785687,-1.987520
0.493155,-0.838191,-1.973561
0.425454,-0.785441,-2.036444
0.315416,-0.818113,-2.165454
0.275817,-0.916219,-2.176850
0.341335,-0.915064,-2.091066
0.357281,-0.965886,-2.135021
0.351110,-0.902746,-2.220356
0.252125,-0.876422,-2.129280
0.115230,-0.862801,-2.321382
0.136867,-0.891200,-2.360180
0.116105,-0.925073,-2.365296
0.128464,-1.049941,-2.512172
0.053282,-0.906933,-2.645537
0.146151,-1.075718,-3.028854
0.144820,-0.973441,-2.945502
0.093352,-0.989418,-2.895453
0.069468,-0.968567,-2.858093
0.112522,-0.926908,-2.955666
0.117182,-0.899829,-3.050329
0.119659,-0.920479,-2.937771
-0.021546,-0.850164,-2.974817
-0.143273,-0.886495,-2.941556
-0.180941,-1.040244,-2.935055
-0.115851,-1.115146,-2.949562
0.054925,-1.562573,-3.124739
0.094572,-1.676077,-3.172740
0.100714,-1.729308,-3.218970
0.117553,-1.729675,-3.292115
0.104000,-1.619615,-3.300377
0.153939,-1.627275,-3.298301
0.309387,-1.322752,-3.154681
0.283841,-0.971279,-3.097557
0.302793,-0.809267,-3.156459
0.410604,-0.644507,-3.044959
0.453299,-0.601916,-3.099091
0.536557,-0.654574,-2.917995
0.567132,-0.568191,-2.967811
0.779272,-0.750412,-2.971843
0.809558,-0.812219,-3.045636
0.869107,-0.751358,-2.985948
0.921083,-0.715140,-2.927454
0.972270,-0.733935,-2.857359
0.889508,-0.843921,-2.820713
0.863150,-0.720602,-2.788114
0.832558,-0.627791,-2.806342
0.706448,-0.653758,-2.840208
0.811828,-0.615321,-2.785766
0.855955,-0.571344,-2.813731
0.907845,-0.734215,-2.756765
0.965940,-0.738779,-2.785438
0.877093,-0.742479,-2.774010
0.733629,-0.658802,-2.821927
0.806368,-0.874756,-2.762852
0.790097,-0.946778,-2.673936
0.813439,-0.985741,-2.710946
0.844200,-0.960936,-2.648594
0.858980,-0.932696,-2.669468
0.924247,-0.970831,-2.804402
0.927686,-0.931843,-2.852063
1.044698,-0.882948,-2.667608
1.114952,-0.861338,-2.703937
1.235402,-0.890001,-2.686356
1.295677,-0.925713,-2.597562
1.252768,-0.838443,-2.644820
1.128484,-0.802207,-2.549803
1.119512,-0.821388,-2.519750
1.145339,-0.890868,-2.361195
1.278599,-0.568880,-2.630740
1.185874,-0.487608,-2.478227
1.169799,-0.517330,-2.410848
