0.039300,1.484043,0.504189
0.096908,1.505502,0.448764
0.167031,1.491754,0.477503
0.202574,1.548900,0.498951
0.268245,1.549672,0.524797
0.307625,1.541363,0.441163
0.282853,1.612379,0.399456
0.237785,1.629519,0.360728
0.320132,1.650539,0.361991
0.413233,1.654020,0.387710
0.468528,1.643269,0.402772
0.557661,1.662708,0.422763
0.599586,1.681441,0.488180
0.594311,1.775483,0.577701
0.545796,1.807983,0.583531
0.503898,1.818213,0.664595
0.498545,1.772303,0.644247
0.491934,1.659244,0.595769
0.551067,1.604795,0.553282
0.599109,1.624485,0.493859
0.594783,1.637552,0.517484
0.563536,1.669153,0.515068
0.585304,1.656467,0.526801
0.697811,1.567911,0.494129
0.714208,1.672482,0.440564
0.732251,1.702177,0.444366
0.833571,1.696953,0.463454
0.991175,1.682691,0.556121
0.944818,1.710758,0.537526
0.973850,1.762316,0.579597
1.036122,1.738092,0.646384
1.017078,1.732552,0.773180
1.015851,1.725268,0.827610
1.029719,1.733104,0.771843
1.065643,1.740171,0.709552
1.047657,1.764651,0.672175
1.006086,1.837225,0.566463
1.023649,1.883132,0.552547
1.143307,2.018258,0.558489
1.172379,2.084131,0.579482
1.154737,2.149968,0.614351
1.119075,2.175363,0.637335
1.099640,2.225304,0.691670
1.127050,2.303029,0.666842
1.176471,2.365911,0.672469
1.166560,2.364465,0.623901
1.138531,2.353079,0.607980
1.146833,2.290957,0.571918
1.184470,2.399839,0.615786
1.150049,2.367373,0.594669
1.146540,2.423817,0.590356
1.050263,2.365302,0.464072
1.035949,2.396499,0.395178
1.049948,2.413736,0.350078
1.005617,2.356668,0.422495
1.007739,2.346641,0.431190
1.014372,2.386251,0.450687
1.011588,2.341698,0.444705
0.997426,2.340002,0.439584
0.964330,2.341556,0.402398
0.921493,2.361288,0.463335
0.949462,2.398350,0.505313
0.945811,2.435470,0.544602
0.920675,2.465554,0.545152
0.920113,2.437465,0.574225
0.957817,2.418096,0.530133
0.980956,2.449831,0.484704
0.992685,2.491789,0.394982
0.977197,2.502721,0.341544
0.917521,2.555858,0.275422
0.987810,2.492237,0.236789
1.035890,2.460554,0.273276
1.039566,2.513304,0.270518
1.004676,2.534540,0.274854
0.962649,2.541046,0.255854
0.984958,2.522845,0.281155
1.030871,2.419987,0.256428
1.059537,2.354492,0.272640
1.102700,2.323514,0.269208
1.094560,2.361533,0.271332
1.103961,2.356995,0.336722
1.123268,2.339748,0.329255
1.065018,2.425326,0.200487
1.045334,2.489912,0.146350
1.016674,2.518627,0.195119
1.013165,2.535094,0.244522
0.974332,2.612127,0.257014
0.904997,2.691122,0.227446
0.870077,2.730090,0.269923
0.881861,2.753051,0.234891
0.874210,2.750250,0.188863
0.899355,2.763328,0.154509
0.944472,2.750797,0.157690
0.955697,2.763421,0.143045
0.969845,2.754182,0.178381
0.960519,2.752079,0.134869
1.029731,2.800521,0.087492
1.150627,2.732308,-0.045074
1.202086,2.731981,-0.038645
1.182368,2.728231,0.005032
1.183580,2.724578,-0.035634
1.245587,2.702339,0.002149
1.233034,2.713871,-0.050249
1.203780,2.710411,-0.086985
1.338550,2.690887,-0.060573
1.353122,2.651875,-0.076788
1.364321,2.656653,-0.106786
1.381374,2.595636,-0.112502
1.415328,2.547909,-0.130554
1.444271,2.508532,-0.082082
1.412674,2.535448,-0.138036
1.430183,2.529196,-0.152392
1.388634,2.581865,-0.200906
1.380959,2.582902,-0.286733
1.369140,2.568008,-0.315853
1.372093,2.568092,-0.354767
1.501513,2.569996,-0.394732
1.518465,2.504388,-0.370090
1.525754,2.492390,-0.299995
1.499691,2.556628,-0.313030
1.555618,2.625254,-0.313996
1.553310,2.636114,-0.370976
1.537758,2.638590,-0.370863
1.511107,2.617557,-0.382105
1.533804,2.607404,-0.492651
1.572080,2.623361,-0.547060
1.588526,2.611322,-0.556943
1.589437,2.762627,-0.601650
1.622282,2.754546,-0.604734
1.636487,2.791436,-0.575496
1.595891,2.764920,-0.606799
1.545442,2.753211,-0.487551
1.596110,2.765742,-0.453530
1.610730,2.749517,-0.444788
1.680791,2.765684,-0.454916
1.665151,2.761632,-0.566745
1.731454,2.755139,-0.545380
1.728775,2.775812,-0.527923
1.790196,2.768578,-0.533056
1.760438,2.698400,-0.627777
1.758528,2.765884,-0.659125
1.765008,2.825965,-0.679711
1.708653,2.769616,-0.642126
1.715425,2.793756,-0.649838
1.671370,2.762830,-0.632674
1.719596,2.723079,-0.607293
1.738403,2.789014,-0.671124
1.757195,2.677387,-0.632958
1.781428,2.613264,-0.621942
1.830969,2.643855,-0.600422
1.819894,2.681410,-0.613358
1.828039,2.727344,-0.624066
1.680334,2.556420,-0.635022
1.690417,2.515361,-0.642194
1.712508,2.510404,-0.639636
1.690709,2.533142,-0.641406
1.635255,2.419522,-0.640275
1.650177,2.406016,-0.632849
1.731324,2.397447,-0.646513
1.857827,2.488168,-0.575720
1.815282,2.430004,-0.599779
1.790095,2.368373,-0.662325
1.766985,2.366148,-0.668693
1.781738,2.317949,-0.666509
1.842474,2.379693,-0.628233
1.974013,2.483841,-0.569342
1.962126,2.476505,-0.571160
1.999235,2.420147,-0.566564
2.022928,2.377614,-0.545079
2.062413,2.314170,-0.526978
2.018723,2.213037,-0.504808
2.041245,2.193423,-0.519650
2.095860,2.148571,-0.538178
2.159935,2.180212,-0.616834
2.208359,2.212776,-0.662820
2.207354,2.196398,-0.580461
2.193939,2.194194,-0.553643
2.192166,2.193939,-0.539115
2.164329,2.204136,-0.519604
2.200298,2.215379,-0.505364
2.242823,2.204328,-0.524097
2.211108,2.224174,-0.473797
2.250344,2.174236,-0.503875
2.320625,2.084086,-0.554107
2.321735,2.169887,-0.565156
2.303683,2.269175,-0.538134
2.288647,2.200284,-0.596450
2.313725,2.080409,-0.572950
2.340115,2.172440,-0.509606
2.305526,2.095904,-0.568309
2.195613,2.254140,-0.507627
2.408510,2.205867,-0.476213
2.541642,2.157645,-0.480529
2.563905,2.118334,-0.456892
2.553666,2.102377,-0.454380
2.498644,2.076083,-0.436147
2.478765,2.062165,-0.481598
2.477537,2.081877,-0.509260
2.514691,2.095244,-0.477208
2.521402,2.077762,-0.487625
2.609763,2.014327,-0.523541
2.586477,2.034181,-0.503446
2.655473,1.920342,-0.489804
2.670223,1.903695,-0.455701
2.603153,1.962194,-0.456751
2.671545,1.912505,-0.505758
2.660545,1.820851,-0.528973
2.702222,1.789025,-0.585180
2.647045,1.759393,-0.561945
2.664557,1.772907,-0.534534
2.698940,1.798960,-0.559056
2.752637,1.718132,-0.580781
2.770877,1.696707,-0.552070
2.754724,1.702098,-0.536616
2.784531,1.745890,-0.494396
2.748806,1.738214,-0.563957
2.752003,1.673393,-0.588197
2.740151,1.733903,-0.540519
2.708653,1.704896,-0.590616
2.678468,1.688388,-0.654439
2.649521,1.654503,-0.630484
2.602630,1.661595,-0.582806
2.567199,1.684336,-0.579879
2.663009,1.720065,-0.690397
2.724764,1.780961,-0.716444
2.770368,1.793372,-0.713746
2.746768,1.812314,-0.696351
2.760274,1.795624,-0.712655
2.781592,1.722071,-0.705917
2.869946,1.734325,-0.778287
2.826932,1.707015,-0.746151
2.781583,1.706097,-0.734120
2.842894,1.625975,-0.677780
2.697157,1.592588,-0.688470
2.666147,1.614870,-0.667311
2.688161,1.603355,-0.675162
2.664636,1.611692,-0.610366
2.615091,1.605815,-0.530053
2.610121,1.609528,-0.515865
2.636578,1.623645,-0.543664
2.593584,1.565593,-0.584571
2.553970,1.576548,-0.587024
2.552839,1.610957,-0.521183
2.602490,1.631405,-0.467879
2.655984,1.700972,-0.446006
2.733481,1.728938,-0.522638
2.701407,1.678092,-0.619614
2.684271,1.692887,-0.652354
2.701024,1.660488,-0.702978
2.695093,1.693750,-0.645775
2.649761,1.758529,-0.700414
2.679624,1.673874,-0.748822
2.685549,1.684413,-0.719680
2.751179,1.711133,-0.735744
2.656062,1.706524,-0.572886
2.658314,1.713255,-0.609969
2.666332,1.665474,-0.530761
2.668807,1.650687,-0.502423
2.673445,1.655039,-0.530535
2.626813,1.643142,-0.517202
2.590344,1.643210,-0.482560
2.426487,1.617317,-0.505144
2.386713,1.623328,-0.491981
2.364215,1.639513,-0.481546
2.368422,1.678458,-0.528755
2.393679,1.704615,-0.563733
2.460462,1.781955,-0.592344
2.509179,1.822720,-0.588695
2.499051,1.833550,-0.591010
2.429083,1.885402,-0.568311
2.527356,1.877577,-0.593900
2.572945,1.891475,-0.603587
2.599423,1.899701,-0.618723
2.651644,1.850976,-0.551723
2.609951,1.808322,-0.557251
2.601913,1.754200,-0.576579
2.630021,1.678173,-0.594674
2.575886,1.618066,-0.586304
2.597648,1.686965,-0.581205
2.669466,1.695757,-0.591027
2.657447,1.714143,-0.622465
2.511866,1.815040,-0.524563
2.551875,1.772651,-0.521643
2.632351,1.808981,-0.485727
2.691427,1.914436,-0.525552
2.722940,1.979474,-0.561474
2.762441,1.924235,-0.525816
2.767052,1.877556,-0.534275
2.785560,1.858139,-0.537304
2.780659,1.910444,-0.545927
2.774822,2.030476,-0.400244
2.783654,2.046184,-0.440165
2.766188,2.055752,-0.445792
2.770097,2.044397,-0.425699
2.806096,2.119288,-0.416400
2.816112,2.073208,-0.487742
2.822747,2.024881,-0.490740
2.837631,2.048415,-0.482731
2.846581,2.068243,-0.493809
2.812952,2.073084,-0.516133
2.896812,2.122581,-0.546983
2.912241,2.132697,-0.569969
2.962422,2.115117,-0.650682
2.983488,2.155075,-0.602087
2.932443,2.176359,-0.526145
2.911942,2.211618,-0.464763
3.017673,2.144211,-0.636946
3.021323,2.139959,-0.679987
2.982891,2.137761,-0.664336
2.999228,2.215077,-0.660255
2.953870,2.171839,-0.670509
2.959304,2.193792,-0.666987
3.028435,2.312230,-0.599431
3.009366,2.327896,-0.584465
3.041934,2.317959,-0.583974
2.994529,2.191075,-0.675656
2.953891,2.000744,-0.719152
2.933015,1.907947,-0.686470
2.978518,1.887824,-0.705913
2.973529,1.879191,-0.768329
2.924885,1.876771,-0.829641
2.931884,1.873139,-0.848539
2.910207,1.906080,-0.805338
2.944433,1.940088,-0.714239
2.961396,1.897758,-0.703330
2.986599,1.816532,-0.763155
3.043523,1.914534,-0.706007
3.079867,1.929708,-0.721324
3.110862,1.908676,-0.678310
3.114122,1.927401,-0.657865
3.100630,1.861024,-0.671586
3.030329,1.785053,-0.690283
3.015170,1.784676,-0.679611
3.001784,1.771110,-0.614201
2.909348,1.800024,-0.745370
3.000132,1.783220,-0.660359
3.077161,1.752135,-0.605444
3.092580,1.763687,-0.575894
3.050296,1.720548,-0.584342
3.095361,1.706979,-0.496122
3.106266,1.717760,-0.433960
3.246894,1.518459,-0.567020
3.276238,1.562347,-0.604482
3.331119,1.574645,-0.566882
3.409121,1.543740,-0.609193
3.456378,1.555697,-0.561398
3.440350,1.601814,-0.538818
3.488549,1.616134,-0.504015
3.565001,1.658534,-0.536511
3.565144,1.693225,-0.559519
3.568286,1.716004,-0.538909
3.608914,1.718551,-0.518781
3.722944,1.630867,-0.498458
3.716889,1.610161,-0.488396
3.708661,1.660255,-0.453682
3.812660,1.643856,-0.464203
3.852157,1.596924,-0.496813
3.877594,1.627896,-0.506287
3.868450,1.531656,-0.415228
3.803072,1.491778,-0.354888
3.866071,1.535875,-0.399420
3.855293,1.430658,-0.338927
3.813039,1.431518,-0.407403
3.832290,1.418874,-0.399609
3.826097,1.436100,-0.485047
3.812235,1.393783,-0.441634
3.805271,1.429738,-0.357523
3.865050,1.391365,-0.322560
3.814884,1.491888,-0.345221
3.811836,1.493478,-0.353421
3.798996,1.489611,-0.363817
3.850001,1.495920,-0.374843
3.853711,1.548473,-0.391081
3.835361,1.560462,-0.368673
3.843123,1.682162,-0.404971
3.828483,1.667668,-0.391196
3.820458,1.605553,-0.319282
3.846349,1.587961,-0.347751
3.886176,1.599010,-0.337404
3.926648,1.622973,-0.329789
3.926755,1.689276,-0.376378
3.872244,1.722481,-0.386847
3.955105,1.671142,-0.385197
3.997394,1.733494,-0.406969
3.998647,1.676950,-0.438412
3.994868,1.739287,-0.438363
3.987836,1.698522,-0.400038
3.994652,1.773060,-0.424188
3.970469,1.773820,-0.398933
3.972414,1.852107,-0.390768
3.994480,1.883268,-0.402869
3.939470,1.833286,-0.411138
3.947466,1.841616,-0.387192
3.957690,1.880654,-0.400390
3.979175,1.953958,-0.397976
3.988753,1.961526,-0.373602
4.003613,1.973084,-0.358979
4.060407,1.962573,-0.339571
4.088994,1.920302,-0.359439
4.103591,1.923694,-0.395657
4.064886,1.911957,-0.480462
4.009408,1.894837,-0.487157
3.900032,1.883550,-0.349718
3.865240,1.867216,-0.327533
3.882344,1.865075,-0.338001
3.902997,1.846116,-0.311512
3.885232,1.795909,-0.252848
3.933669,1.799093,-0.350245
3.858395,1.817791,-0.349984
3.894628,1.820625,-0.421335
3.897988,1.767692,-0.372637
3.886820,1.794648,-0.402573
3.880809,1.886750,-0.342620
3.865717,1.946208,-0.318426
3.918722,1.897906,-0.297321
3.943181,1.904787,-0.295037
3.844241,1.958481,-0.409809
3.790617,1.987352,-0.443487
3.813668,2.008442,-0.426149
3.800022,1.980331,-0.441528
3.719119,1.923786,-0.401107
3.775241,1.970361,-0.420343
3.742511,1.937201,-0.481031
3.734185,1.978858,-0.495896
3.720912,1.986965,-0.493315
3.629463,1.927156,-0.501354
3.581425,1.905331,-0.436903
3.577346,1.934378,-0.348500
3.578772,1.980291,-0.334575
3.584580,1.977511,-0.373474
3.544933,2.009638,-0.423145
3.537774,2.000505,-0.427779
3.398393,1.954378,-0.441566
3.371504,1.926429,-0.443970
3.363413,1.891765,-0.460433
3.334736,1.882308,-0.442101
3.357416,1.858091,-0.419133
3.289005,1.718723,-0.458318
3.352526,1.729308,-0.465541
3.357445,1.688530,-0.434257
3.302275,1.617746,-0.447134
3.269475,1.643518,-0.493837
3.337408,1.704858,-0.479240
3.421221,1.745232,-0.474759
3.486590,1.765217,-0.515267
3.433067,1.737137,-0.511881
3.370933,1.712096,-0.429102
3.379359,1.583069,-0.366884
3.352752,1.466490,-0.348590
3.419096,1.359143,-0.249351
3.433480,1.320561,-0.220976
3.444253,1.301587,-0.199020
3.423689,1.296743,-0.179816
3.559797,1.377272,-0.271608
3.555858,1.399668,-0.219892
3.547722,1.469543,-0.166352
3.578928,1.400047,-0.271121
3.612009,1.403183,-0.305073
3.643019,1.365114,-0.330452
3.633617,1.363516,-0.317954
3.648737,1.371355,-0.324318
3.645166,1.393865,-0.286777
3.669608,1.368528,-0.286254
3.634397,1.392197,-0.261087
3.654585,1.291855,-0.370859
3.543704,1.346674,-0.316816
3.512211,1.330676,-0.313986
3.505542,1.405490,-0.224528
3.503956,1.389944,-0.254045
3.501522,1.396222,-0.290928
3.511191,1.314981,-0.307494
3.496749,1.495684,-0.338287
3.512383,1.512491,-0.371341
3.540534,1.532342,-0.412854
3.527542,1.519147,-0.442904
3.526204,1.546637,-0.453682
3.504969,1.505283,-0.399366
3.501321,1.525507,-0.370131
3.490677,1.527009,-0.365612
3.520024,1.504046,-0.409447
3.451628,1.412986,-0.352614
3.544910,1.370749,-0.431330
3.417856,1.433317,-0.344557
3.334010,1.482482,-0.287234
3.385277,1.550408,-0.407076
3.441217,1.493346,-0.516331
3.489879,1.470037,-0.603645
3.563666,1.425295,-0.642198
3.588261,1.396607,-0.642852
3.610047,1.374611,-0.704832
3.572493,1.305733,-0.733826
3.653338,1.439923,-0.763581
3.692330,1.411644,-0.770925
3.717970,1.398953,-0.750870
3.644681,1.412913,-0.789230
3.660873,1.384358,-0.745043
3.650641,1.449578,-0.819617
3.668601,1.392755,-0.784052
3.747745,1.323936,-0.656928
3.664557,1.322863,-0.639578
3.664027,1.298900,-0.662862
3.687059,1.291393,-0.771040
3.701927,1.306655,-0.809289
3.648369,1.316320,-0.553350
3.606521,1.307167,-0.458012
3.611441,1.284806,-0.389421
3.557169,1.289438,-0.444247
3.519174,1.267897,-0.447034
3.519242,1.238570,-0.405942
3.461548,1.203216,-0.402465
3.447653,1.227690,-0.373000
3.429846,1.259587,-0.413620
3.417040,1.161004,-0.424700
3.517502,1.064666,-0.423106
3.550458,1.050252,-0.373961
3.553141,1.094417,-0.338171
3.511214,1.115699,-0.359817
3.562035,1.131445,-0.367748
3.598480,1.135661,-0.388620
3.543819,1.162559,-0.399286
3.489708,1.167012,-0.407942
3.443259,1.144884,-0.342387
3.450232,1.148458,-0.387359
3.442408,1.168293,-0.396628
3.479125,1.236141,-0.418190
3.480753,1.357441,-0.423986
3.464305,1.344786,-0.415312
3.460289,1.388772,-0.440485
3.534478,1.216339,-0.455161
3.523309,1.189254,-0.372535
3.553735,1.210949,-0.389393
3.528131,1.166552,-0.371074
3.488384,1.219321,-0.362496
3.441980,1.086444,-0.275636
3.456528,1.035592,-0.252011
3.552696,1.082119,-0.279560
3.548563,1.086735,-0.298027
3.531953,1.107388,-0.313231
3.532949,1.147251,-0.295790
3.542258,1.161924,-0.340700
3.443759,1.217743,-0.352719
3.399358,1.229835,-0.371911
3.411961,1.200683,-0.393812
3.373566,1.204670,-0.386085
3.401810,1.211383,-0.420559
3.440771,1.180230,-0.499972
3.424807,1.113193,-0.526025
3.434589,1.096063,-0.518401
3.453275,1.102104,-0.503095
3.396714,1.077573,-0.441468
3.351929,1.072895,-0.420183
3.273294,1.068915,-0.376481
3.229748,1.088345,-0.350955
3.184506,1.051684,-0.366623
3.154998,1.027016,-0.414374
3.119899,1.016783,-0.410919
3.111749,1.046137,-0.379709
3.190010,1.124662,-0.337289
3.232355,1.143057,-0.322139
3.244661,1.256342,-0.339417
3.056214,1.355103,-0.324916
3.045028,1.352717,-0.347040
3.053805,1.376278,-0.344659
3.081106,1.385733,-0.323647
3.098917,1.390498,-0.331377
3.074533,1.319919,-0.361223
3.044458,1.318037,-0.400894
3.087303,1.318413,-0.496791
3.115761,1.306131,-0.521631
3.150617,1.285669,-0.480497
3.136511,1.306794,-0.505425
3.072010,1.331630,-0.501814
3.076330,1.395851,-0.539483
2.982526,1.245683,-0.542772
2.950450,1.125024,-0.524409
2.996593,1.132295,-0.491857
2.983840,1.159562,-0.450544
2.946682,1.183966,-0.446085
2.945000,1.183974,-0.416408
2.954074,1.193674,-0.472263
2.937864,1.169782,-0.469815
2.920267,1.126369,-0.489874
2.970997,1.108555,-0.495735
2.945170,1.319121,-0.458846
2.999431,1.377377,-0.401823
3.074988,1.427356,-0.418431
2.971145,1.410737,-0.438917
2.854610,1.432695,-0.494750
2.850367,1.437687,-0.524946
2.840336,1.427208,-0.556467
2.878887,1.379717,-0.504778
2.882768,1.377668,-0.502453
2.827323,1.476430,-0.562205
2.838336,1.421098,-0.550816
2.808080,1.325800,-0.559553
2.853281,1.267849,-0.572566
2.857687,1.225382,-0.543404
2.887995,1.198399,-0.538001
2.846944,1.181695,-0.503729
2.827706,1.191212,-0.477134
2.819505,1.168429,-0.480483
2.810548,1.187300,-0.484053
2.763850,1.195499,-0.410014
2.798823,1.251328,-0.380793
2.839365,1.237633,-0.391742
2.877907,1.230284,-0.369670
2.836448,1.234014,-0.369208
2.841951,1.188631,-0.450514
2.893872,1.180190,-0.460303
2.901806,1.163904,-0.459164
2.889044,1.157252,-0.476545
2.880722,1.200634,-0.493077
2.819044,1.315438,-0.466226
2.745221,1.197556,-0.500424
2.711627,1.171915,-0.501325
2.692343,1.166643,-0.486905
2.648781,1.169002,-0.594997
2.586893,1.209530,-0.659693
2.598062,1.170552,-0.698268
2.575803,1.256824,-0.484155
2.570389,1.227855,-0.508029
2.547763,1.220816,-0.506462
2.579914,1.268524,-0.492875
2.540752,1.204165,-0.482846
2.521339,1.147768,-0.467701
2.436299,1.098569,-0.501621
2.422810,1.131281,-0.519017
2.399249,1.051005,-0.497257
2.354214,0.989270,-0.513345
2.341543,0.959049,-0.522691
2.360060,0.963806,-0.576470
2.271412,0.868806,-0.534151
2.228234,0.803049,-0.500191
2.190154,0.808664,-0.470202
2.174677,0.852290,-0.395289
2.138003,0.895829,-0.392355
2.083466,0.920104,-0.398468
2.097612,0.942149,-0.401219
2.103514,0.945972,-0.391162
2.072334,0.967948,-0.414717
2.008129,0.921717,-0.515271
1.992468,0.898802,-0.596076
1.960129,0.890029,-0.594902
1.992269,0.919177,-0.609398
1.962300,0.854358,-0.678756
2.093175,0.877936,-0.649415
2.129657,0.894269,-0.621341
2.149753,0.878194,-0.619073
2.048974,1.022637,-0.621806
2.018559,0.960626,-0.630225
2.015029,0.939282,-0.647308
1.996861,0.969420,-0.655033
1.974393,0.976602,-0.603830
1.941620,1.034197,-0.655123
1.956676,1.083035,-0.722035
1.963325,1.065096,-0.723936
1.909728,1.074644,-0.798873
1.860834,1.038966,-0.815885
1.861477,1.070062,-0.803530
1.878415,1.123566,-0.781352
1.935922,1.194910,-0.814159
1.986507,1.165429,-0.835413
1.967624,1.231989,-0.805087
1.954088,1.228952,-0.807494
2.055545,1.285186,-0.816992
2.050834,1.315791,-0.808434
2.095019,1.266915,-0.769333
2.194286,1.310985,-0.771972
2.178035,1.301591,-0.783175
2.245539,1.284925,-0.805544
2.201385,1.272630,-0.754759
2.193079,1.254404,-0.757539
2.211302,1.249971,-0.795163
2.268932,1.205679,-0.871593
2.271734,1.241205,-0.871085
2.218026,1.190148,-0.796696
2.179025,1.192133,-0.700131
2.101927,1.271563,-0.622916
2.113652,1.287631,-0.606241
2.115987,1.286907,-0.640893
2.193744,1.313814,-0.665714
2.212068,1.313913,-0.697548
2.152728,1.233637,-0.666233
2.276602,1.237732,-0.648464
2.277361,1.235148,-0.634369
2.279844,1.251074,-0.598943
2.293313,1.234087,-0.606050
2.290803,1.183999,-0.640866
2.272625,1.198056,-0.658353
2.244392,1.223770,-0.652584
2.244476,1.282171,-0.681470
2.191199,1.331549,-0.718284
2.263621,1.322466,-0.717983
2.253010,1.337810,-0.645007
2.263356,1.335418,-0.638993
2.208081,1.441622,-0.714619
2.243007,1.414541,-0.648561
2.280824,1.460692,-0.684836
2.315473,1.474875,-0.694205
2.277615,1.499199,-0.726298
2.259462,1.489566,-0.694972
2.233940,1.461110,-0.602295
2.283010,1.528658,-0.651494
2.289438,1.581743,-0.713831
2.323363,1.565906,-0.745822
2.361702,1.488016,-0.771068
2.366519,1.549604,-0.761909
2.375056,1.556989,-0.740690
2.377769,1.567058,-0.802379
2.369954,1.612110,-0.892921
2.371953,1.635002,-1.041343
2.343952,1.564597,-0.995275
2.417920,1.562368,-0.953966
2.369432,1.609733,-0.998669
2.331714,1.634443,-0.990364
2.296353,1.639048,-1.039892
2.314542,1.636473,-1.043055
2.304573,1.640655,-1.016808
2.318925,1.569072,-1.020569
2.274044,1.598122,-0.880896
2.137255,1.582225,-1.053439
2.104806,1.514989,-1.109522
2.050071,1.491747,-1.111029
2.061656,1.416329,-1.150506
2.084857,1.421691,-1.154286
2.178755,1.526860,-1.071442
2.224979,1.414712,-1.030995
2.223959,1.430922,-1.003617
2.193951,1.424278,-1.010795
2.121410,1.375333,-1.005425
2.113910,1.351580,-0.970677
2.129890,1.292106,-0.900889
2.152013,1.260378,-0.862477
2.171655,1.312791,-0.847889
2.204433,1.353632,-0.818467
2.210633,1.355304,-0.804870
2.261464,1.468593,-1.083976
2.313823,1.543123,-1.313026
2.302595,1.541999,-1.324695
2.179363,1.539970,-1.097086
2.183412,1.508965,-1.221737
2.154789,1.435740,-1.233361
2.179354,1.441608,-1.291196
2.200309,1.436274,-1.306218
2.231025,1.522580,-1.163427
2.235915,1.584652,-1.115525
2.254348,1.561783,-1.095158
2.257660,1.532096,-1.097361
2.229156,1.556677,-1.039725
2.259960,1.556019,-1.038841
2.272391,1.539751,-1.015751
2.273723,1.504022,-0.996750
2.283548,1.487805,-0.950056
2.286600,1.552629,-0.957718
2.360443,1.598000,-0.911646
2.321829,1.493663,-0.877535
2.326008,1.427800,-0.824436
2.246197,1.382086,-0.809911
2.126919,1.366196,-0.789749
2.115839,1.365661,-0.772983
2.114706,1.344520,-0.771501
2.094115,1.239667,-0.807793
2.103836,1.235141,-0.827734
2.091401,1.220862,-0.867369
2.099289,1.245515,-0.838958
2.093107,1.249319,-0.855057
1.980831,1.270076,-0.858291
1.915117,1.293879,-0.858023
1.980968,1.213806,-0.851702
1.820025,1.325191,-0.768076
1.821413,1.312820,-0.771910
1.644452,1.381575,-0.735681
1.635083,1.403297,-0.689205
1.665981,1.428005,-0.699278
1.748445,1.403545,-0.695156
1.749496,1.399182,-0.621381
1.680407,1.397834,-0.640940
1.702322,1.376636,-0.614672
1.718272,1.389384,-0.617603
1.752610,1.386284,-0.613977
1.785012,1.406246,-0.684579
1.730146,1.444569,-0.603519
1.799073,1.392425,-0.589844
1.866238,1.370654,-0.514836
1.928981,1.380441,-0.500713
2.034268,1.429427,-0.499764
2.079814,1.375700,-0.437115
2.146210,1.341427,-0.395926
2.174980,1.272241,-0.427228
2.186495,1.240386,-0.492361
2.212344,1.289828,-0.558446
2.152608,1.186390,-0.563881
2.209630,1.233341,-0.554463
2.222841,1.254751,-0.568941
2.196804,1.288305,-0.495442
2.201171,1.390902,-0.439276
2.164492,1.405914,-0.439504
2.200001,1.375908,-0.399467
2.160079,1.387535,-0.486121
2.089372,1.363361,-0.588041
2.187487,1.453734,-0.589020
2.211182,1.417374,-0.586310
2.244551,1.392710,-0.594581
2.266462,1.418875,-0.570958
2.278559,1.611448,-0.600399
2.262291,1.630000,-0.601229
2.242786,1.635248,-0.605475
2.283797,1.687127,-0.569243
2.316365,1.698688,-0.525389
2.326397,1.722795,-0.516689
2.403420,1.795530,-0.559852
2.498364,1.823981,-0.518884
2.493891,1.805283,-0.522086
2.522821,1.771153,-0.528608
2.583544,1.810109,-0.537960
2.655900,1.768264,-0.523659
2.631719,1.757189,-0.583287
2.614447,1.722172,-0.596785
2.622895,1.689435,-0.633544
2.682950,1.720080,-0.647144
2.738696,1.601833,-0.643471
2.765772,1.603723,-0.646036
2.760541,1.641935,-0.539317
2.766973,1.637152,-0.513314
2.833510,1.640641,-0.587040
2.799322,1.638301,-0.580275
2.750391,1.629594,-0.601946
2.685689,1.649679,-0.686851
2.638400,1.665047,-0.702553
2.601570,1.669625,-0.692667
2.613372,1.666227,-0.763171
2.578739,1.715742,-0.813196
2.560902,1.671718,-0.869418
2.596130,1.678139,-0.879470
2.582486,1.695839,-0.909922
2.581949,1.657777,-0.908938
2.619696,1.653335,-0.944955
2.692881,1.616679,-0.936133
2.690528,1.612708,-0.907046
2.755754,1.549644,-0.868042
2.852301,1.544818,-0.879866
2.869945,1.510111,-0.877590
2.872450,1.431629,-0.888745
2.817023,1.433278,-0.807089
2.873084,1.424439,-0.820495
2.891005,1.383351,-0.826966
2.907216,1.355767,-0.775715
2.836346,1.369775,-0.752435
2.836850,1.432922,-0.769516
2.826423,1.486493,-0.747353
2.816863,1.499879,-0.738626
2.874067,1.484488,-0.721017
2.951027,1.494208,-0.632552
2.892438,1.544281,-0.595617
2.825568,1.576630,-0.581411
2.690466,1.594072,-0.432762
2.815263,1.643329,-0.556754
2.896184,1.654038,-0.579146
2.934377,1.678108,-0.563465
2.901810,1.727273,-0.572864
2.913470,1.728028,-0.553381
2.848913,1.767638,-0.546091
2.825366,1.784188,-0.540306
2.879868,1.789937,-0.538974
2.961378,1.784441,-0.534393
2.956262,1.813801,-0.583519
2.959291,1.796561,-0.530894
3.017624,1.798636,-0.560370
2.982763,1.748741,-0.537251
2.960726,1.785097,-0.523985
2.926404,1.807119,-0.532868
2.923964,1.853467,-0.571259
2.924825,1.915822,-0.522390
2.951310,1.961365,-0.590353
2.927934,1.959651,-0.616339
2.885000,1.933593,-0.618620
2.781438,1.913782,-0.609116
2.807723,1.854369,-0.615569
2.985246,1.820754,-0.577720
2.966195,1.768210,-0.605186
3.009590,1.800584,-0.577392
2.983585,1.763594,-0.666165
2.929422,1.677775,-0.630548
2.894418,1.671955,-0.668389
2.834468,1.759043,-0.695293
2.792218,1.781588,-0.695273
2.827490,1.718370,-0.683276
2.960980,1.687809,-0.709626
2.947381,1.688189,-0.701722
2.942534,1.662568,-0.728010
2.915454,1.647995,-0.742124
2.912909,1.572002,-0.710672
2.883495,1.511058,-0.677604
2.868894,1.445436,-0.660775
3.013047,1.549425,-0.614202
3.153348,1.652970,-0.523697
3.140203,1.593975,-0.506338
3.097140,1.571780,-0.542222
3.125639,1.571312,-0.501980
3.246903,1.533163,-0.569816
