0.038687,1.482358,0.506409
0.055132,1.485568,0.506823
0.065497,1.452708,0.536707
-0.022371,1.329576,0.490152
-0.051285,1.304084,0.451730
-0.107635,1.286104,0.316352
-0.122324,1.218214,0.332729
-0.026646,1.231637,0.286190
0.011196,1.195091,0.286575
0.040534,1.192965,0.297851
-0.032942,1.137564,0.206324
-0.037387,1.090077,0.229338
-0.053424,1.138606,0.212829
-0.257629,1.185259,0.170285
-0.346303,1.269234,0.148522
-0.277959,1.339518,0.089660
-0.223509,1.386265,0.040212
-0.201939,1.444585,-0.016599
-0.187423,1.421498,-0.078321
-0.206515,1.499256,-0.086029
-0.164380,1.686643,-0.038474
-0.171394,1.794482,-0.123235
-0.120636,1.827417,-0.030333
-0.184713,2.060293,0.113259
-0.319410,2.261593,0.134116
-0.341135,2.405576,0.181808
-0.326528,2.476305,0.172514
-0.267987,2.561095,0.149363
-0.259551,2.526412,0.111588
-0.262346,2.524484,0.123042
-0.198276,2.506404,0.113323
-0.215967,2.485470,0.153387
-0.175713,2.379937,0.169277
-0.106671,2.324809,0.183966
-0.134512,2.329099,0.187839
-0.156468,2.368009,0.179411
-0.171083,2.375710,0.154854
-0.092359,2.439307,0.099189
-0.185954,2.179961,0.045727
-0.187673,2.096591,0.015115
-0.269570,2.139091,0.010708
-0.302862,2.218785,0.085994
-0.229377,2.355882,0.098182
-0.245671,2.426072,0.063830
-0.258110,2.490998,-0.002007
-0.307301,2.505870,-0.086912
-0.350034,2.441379,-0.149038
-0.306443,2.475701,-0.124674
-0.192287,2.476674,-0.186347
-0.063679,2.459332,-0.209133
0.056505,2.460661,-0.187842
0.093455,2.463361,-0.246076
0.026328,2.405704,-0.258029
0.041120,2.447751,-0.381838
0.061089,2.426065,-0.426004
0.230197,2.440140,-0.456476
0.279978,2.479058,-0.492148
0.089827,2.410944,-0.579871
0.287256,2.466388,-0.595244
0.411504,2.459406,-0.597194
0.452564,2.421665,-0.650361
0.416793,2.392176,-0.641533
0.456334,2.408742,-0.740218
0.586785,2.350412,-0.767831
0.674373,2.366244,-0.764990
0.729734,2.444921,-0.559080
0.746417,2.522723,-0.581459
0.831043,2.569371,-0.557352
0.862957,2.614284,-0.546455
0.795178,2.613347,-0.509593
0.885921,2.465664,-0.521714
0.854344,2.389941,-0.471731
0.857091,2.411911,-0.538495
0.874346,2.426423,-0.462427
0.891304,2.430642,-0.458598
0.902078,2.337496,-0.408214
0.954473,2.418678,-0.492104
0.916066,2.545142,-0.573224
0.927059,2.527724,-0.593377
0.929197,2.572284,-0.560735
1.066733,2.553479,-0.550754
0.980762,2.471178,-0.582995
0.958972,2.522300,-0.577917
0.905784,2.343823,-0.602796
0.919925,2.284256,-0.619992
0.968701,2.445932,-0.703077
0.811547,2.334142,-0.575751
0.843563,2.282023,-0.530347
0.965941,2.203309,-0.502536
0.999560,2.120589,-0.477457
1.089264,2.078937,-0.503781
1.139163,2.146972,-0.531966
1.149268,2.183181,-0.571022
1.173281,2.150602,-0.623312
1.183779,2.139342,-0.612233
1.073039,2.002684,-0.582267
1.135808,2.043409,-0.595937
1.299436,2.143960,-0.514311
1.322110,2.167945,-0.473398
1.346374,2.151517,-0.469729
1.474154,2.245812,-0.438346
1.469134,2.226217,-0.465413
1.626893,2.212022,-0.602120
1.698317,2.205531,-0.641721
1.716455,2.164065,-0.550687
1.627841,2.222420,-0.601075
1.614439,2.244211,-0.642437
1.539132,2.298752,-0.647138
1.478572,2.310472,-0.594391
1.425513,2.361631,-0.476411
1.395041,2.403657,-0.460652
1.423847,2.413654,-0.538490
1.390173,2.446683,-0.532068
1.433808,2.415524,-0.609761
1.420036,2.403126,-0.599907
1.368931,2.457912,-0.575484
1.383401,2.472619,-0.577472
1.433551,2.451309,-0.612055
1.399310,2.499150,-0.605412
1.451622,2.432741,-0.514152
1.454874,2.485149,-0.472285
1.518374,2.319113,-0.423973
1.555833,2.215477,-0.468725
1.644864,2.148785,-0.517998
1.591161,2.077363,-0.490364
1.583453,2.046070,-0.493429
1.585789,2.124721,-0.621852
1.590474,2.096255,-0.665698
1.564514,2.093680,-0.633666
1.573759,2.113055,-0.592723
1.520627,2.136745,-0.589265
1.549021,2.036933,-0.630594
1.558320,1.966861,-0.584507
1.573487,1.984957,-0.594422
1.516974,1.987707,-0.535308
1.526009,1.988706,-0.509992
1.523818,1.928405,-0.526316
1.490939,1.884240,-0.621914
1.550978,1.820678,-0.596350
1.609930,1.725761,-0.592959
1.547387,1.731217,-0.606835
1.470266,1.661885,-0.670208
1.453357,1.688434,-0.660813
1.486569,1.629676,-0.627112
1.408475,1.711407,-0.625826
1.275226,1.704938,-0.574293
1.237332,1.679949,-0.551875
1.261359,1.661994,-0.546169
1.366089,1.642647,-0.534759
1.389284,1.617415,-0.523398
1.281163,1.636519,-0.663370
1.299576,1.639085,-0.689922
1.332596,1.684029,-0.672369
1.379864,1.581883,-0.653262
1.380948,1.676273,-0.559137
1.487369,1.758497,-0.572306
1.512146,1.677992,-0.647938
1.521756,1.627577,-0.709288
1.576122,1.603359,-0.740967
1.597722,1.646479,-0.752448
1.638699,1.704156,-0.771052
1.743125,1.740654,-0.709604
1.946954,1.770714,-0.710968
2.074824,1.703886,-0.582927
2.187894,1.601051,-0.498047
1.981988,1.600637,-0.473280
1.963299,1.663196,-0.565997
1.936687,1.670299,-0.556164
2.052064,1.716824,-0.699044
2.097473,1.689907,-0.707105
2.077473,1.647398,-0.578969
2.114209,1.570068,-0.592821
2.198447,1.551432,-0.615015
2.293606,1.553138,-0.647682
2.303364,1.507792,-0.636100
2.249337,1.502637,-0.595524
2.229495,1.493832,-0.541600
2.304917,1.496107,-0.475505
2.302961,1.437837,-0.559400
2.170090,1.443811,-0.561335
2.066819,1.331427,-0.506275
2.095148,1.374796,-0.405995
2.062757,1.446460,-0.444158
2.089222,1.493786,-0.519434
2.216919,1.542112,-0.516217
2.215152,1.582305,-0.531384
2.277394,1.484082,-0.410316
2.379578,1.430332,-0.394194
2.523087,1.451844,-0.511592
2.568017,1.381117,-0.503996
2.546848,1.355224,-0.393953
2.538077,1.322125,-0.408979
2.493706,1.290899,-0.450918
2.485729,1.252727,-0.422160
2.454154,1.272560,-0.463966
2.421826,1.262414,-0.421780
2.481561,1.341169,-0.381438
2.510066,1.384388,-0.371522
2.534925,1.420083,-0.358231
2.544730,1.459799,-0.375131
2.747550,1.477252,-0.250750
2.695162,1.485075,-0.275850
2.706517,1.572536,-0.312986
2.707372,1.576181,-0.362518
2.702617,1.568940,-0.320948
2.778647,1.573422,-0.349669
2.854031,1.598618,-0.402338
2.900795,1.500865,-0.444762
2.868542,1.501581,-0.443915
2.912243,1.452062,-0.404070
2.869513,1.417864,-0.398335
2.856043,1.508621,-0.481554
2.850283,1.538665,-0.524560
2.878443,1.529956,-0.576161
2.890340,1.504597,-0.572070
2.871189,1.523369,-0.495282
2.974087,1.372846,-0.545621
2.968081,1.281799,-0.576523
3.054900,1.282980,-0.584287
3.044114,1.294250,-0.570728
3.017883,1.387187,-0.569434
3.021208,1.520167,-0.527709
2.966724,1.561372,-0.537274
3.064230,1.485373,-0.543881
3.181294,1.410577,-0.506109
3.249239,1.390515,-0.557181
3.231341,1.608862,-0.580151
3.182789,1.759533,-0.558089
3.201508,1.763846,-0.535630
3.174942,1.797403,-0.535467
3.185532,1.874655,-0.600306
3.244475,1.834637,-0.569780
3.266116,1.761856,-0.575070
3.303123,1.773093,-0.417734
3.382886,1.804532,-0.423718
3.334628,1.836425,-0.309257
3.406875,1.880767,-0.387897
3.471229,1.834014,-0.387592
3.468340,1.868676,-0.370254
3.538410,1.839736,-0.419241
3.583238,1.725270,-0.508940
3.761457,1.682242,-0.487839
3.869384,1.609258,-0.465006
3.878666,1.572940,-0.394769
3.889000,1.529647,-0.411550
3.877772,1.572310,-0.394655
3.863278,1.656165,-0.409510
3.794179,1.802180,-0.411903
3.955629,1.804608,-0.439166
3.890468,1.939203,-0.435119
3.870353,1.987272,-0.417743
3.947927,1.884261,-0.441998
4.008133,1.926688,-0.377324
4.062518,1.923665,-0.339907
4.111679,1.807602,-0.274407
4.098834,1.639690,-0.337518
4.212338,1.414390,-0.427540
4.205894,1.391600,-0.373325
4.286002,1.422451,-0.409831
4.292410,1.456301,-0.440843
4.275061,1.550245,-0.455815
4.298681,1.531350,-0.422983
4.213633,1.512982,-0.551290
4.225151,1.417125,-0.499610
4.196875,1.425126,-0.486073
4.156849,1.437977,-0.362714
4.163163,1.403139,-0.360181
4.216299,1.469298,-0.432107
4.234423,1.392376,-0.410104
4.200167,1.348914,-0.372293
4.326036,1.398751,-0.371844
4.373879,1.420652,-0.392432
4.328250,1.416204,-0.399897
4.218006,1.336547,-0.438255
4.136590,1.471308,-0.526922
4.145340,1.403865,-0.493434
4.064293,1.476335,-0.500981
3.846241,1.334262,-0.383567
3.793890,1.363448,-0.454216
3.759798,1.325410,-0.542616
3.682714,1.302207,-0.639391
3.703410,1.316706,-0.652689
3.660173,1.262684,-0.677065
3.662139,1.272559,-0.676452
3.638089,1.259515,-0.665878
3.680875,1.385407,-0.640440
3.728878,1.350727,-0.583402
3.862526,1.260393,-0.541420
3.912792,1.088043,-0.471359
3.844736,1.037984,-0.478045
3.835847,1.014956,-0.404731
3.832471,1.030229,-0.511951
3.676668,0.926628,-0.551247
3.517682,0.879041,-0.640224
3.517603,0.865856,-0.586184
3.525877,0.828939,-0.633709
3.496419,0.834590,-0.635868
3.552346,0.916660,-0.456585
3.566599,0.967874,-0.455509
3.588528,0.974631,-0.494102
3.627976,1.000349,-0.647471
3.621053,1.095623,-0.676488
3.565538,1.029770,-0.610501
3.497513,1.059560,-0.674203
3.449399,1.094014,-0.725535
3.285564,1.211543,-0.978804
3.537174,1.144011,-0.775773
3.557355,1.120513,-0.653247
3.671520,1.094228,-0.720371
3.723318,1.140257,-0.560744
3.790547,1.189175,-0.393825
3.752787,1.246435,-0.427133
3.803824,1.295341,-0.575496
3.778458,1.354950,-0.640836
3.777231,1.320383,-0.631125
3.890471,1.338210,-0.598414
3.964283,1.316243,-0.558710
3.929715,1.451487,-0.707526
3.835522,1.451390,-0.712693
3.753350,1.405153,-0.602930
3.758305,1.377154,-0.485543
3.761757,1.436607,-0.451409
3.772904,1.298317,-0.451055
3.757329,1.259621,-0.446259
3.819225,1.228876,-0.442636
3.852839,1.229211,-0.410285
3.884253,1.273527,-0.419529
3.992383,1.382107,-0.367954
4.019835,1.438613,-0.431885
3.930063,1.404190,-0.478861
4.114264,1.395126,-0.416199
4.156932,1.322908,-0.376112
4.145848,1.277118,-0.414136
4.187699,1.227947,-0.412548
4.122925,1.317705,-0.440150
4.245486,1.347641,-0.365214
4.104435,1.481345,-0.499755
3.934489,1.512693,-0.377735
3.943645,1.583713,-0.388417
3.904158,1.512791,-0.325958
3.854144,1.508305,-0.381074
3.900401,1.619791,-0.420648
3.953928,1.696570,-0.392425
3.861148,1.698852,-0.480577
4.001801,1.717472,-0.485282
4.019844,1.585755,-0.429116
3.997221,1.521856,-0.438717
4.018907,1.867503,-0.464825
4.138683,1.866143,-0.446840
4.191486,1.854170,-0.407027
4.220241,1.781455,-0.323124
4.328091,1.783904,-0.180807
4.379179,1.713573,-0.237693
4.366181,1.770086,-0.252320
4.301929,1.820109,-0.293987
4.459825,1.689251,-0.307834
4.328980,1.815883,-0.383747
4.287685,1.868975,-0.396436
4.250554,1.826526,-0.376719
4.265052,1.797202,-0.458801
4.236626,1.791880,-0.511676
4.204230,1.823813,-0.534859
4.268901,1.861617,-0.549396
4.272470,1.792795,-0.566622
4.201518,1.718345,-0.543561
4.054824,1.710369,-0.538699
4.050082,1.710923,-0.543452
4.210036,1.735559,-0.528189
4.218724,1.687699,-0.489287
4.242351,1.773844,-0.523110
4.263785,1.959460,-0.598938
4.206165,2.009097,-0.549675
4.120745,2.043675,-0.484864
4.113926,2.051719,-0.493637
4.126276,2.131115,-0.490721
4.195548,2.125072,-0.499197
4.208953,2.088274,-0.478549
4.181288,2.052568,-0.469501
4.143768,2.072435,-0.491277
4.159487,2.077642,-0.481855
4.094167,2.141943,-0.427630
4.102426,2.178988,-0.465278
4.055703,2.191667,-0.476205
4.030973,2.310615,-0.488941
4.109017,2.218846,-0.451411
4.090313,2.356452,-0.574031
4.103875,2.409245,-0.558288
4.013303,2.344477,-0.420405
3.969313,2.343817,-0.404941
3.982140,2.139314,-0.491122
3.983083,2.141326,-0.503689
3.955916,2.125287,-0.536902
3.805627,2.084832,-0.555370
3.768463,2.166342,-0.535646
3.859879,2.167141,-0.583433
3.771698,2.126865,-0.566692
3.724679,2.196965,-0.585481
3.723975,2.212873,-0.602414
3.716199,2.239535,-0.575732
3.694992,2.158231,-0.609102
3.644713,2.175178,-0.589905
3.571230,2.118056,-0.551929
3.743182,2.034558,-0.509150
3.749298,2.082491,-0.566920
3.745516,2.031005,-0.487631
3.717621,1.959574,-0.364606
3.665293,1.903270,-0.437924
3.662073,1.885014,-0.439996
3.719652,2.048242,-0.415863
3.702429,2.047838,-0.396626
3.647748,2.056973,-0.449436
3.599605,2.137512,-0.464321
3.625623,2.007943,-0.424296
3.624628,1.875556,-0.484284
3.606738,1.863799,-0.436082
3.699397,1.815187,-0.476557
3.612612,1.787547,-0.503514
3.584120,1.755683,-0.416401
3.667541,1.790036,-0.381701
3.672179,1.847883,-0.387923
3.673640,1.811214,-0.429258
3.647228,1.910476,-0.453424
3.682684,1.981040,-0.457168
3.710403,1.958288,-0.448858
3.698796,1.905117,-0.416941
3.741886,1.851140,-0.456723
3.763151,1.917095,-0.429902
3.643519,1.779230,-0.530769
3.582862,1.677095,-0.619183
3.619705,1.706197,-0.602062
3.565969,1.770624,-0.537752
3.584703,1.779088,-0.485369
3.539635,1.842630,-0.374045
3.470892,1.856173,-0.491644
3.520962,1.789688,-0.483316
3.473756,1.799536,-0.484964
3.420890,1.795710,-0.527870
3.387090,1.791703,-0.405137
3.438302,1.794736,-0.373725
3.447165,1.889512,-0.319048
3.462117,1.915625,-0.308971
3.546754,2.035791,-0.250949
3.545529,2.035604,-0.289573
3.550260,2.156389,-0.345562
3.502011,2.220501,-0.426438
3.447578,2.167300,-0.448132
3.534039,2.072388,-0.463819
3.510128,1.989555,-0.450534
3.535269,2.015659,-0.441508
3.530732,2.002916,-0.415495
3.528285,2.029684,-0.407743
3.585906,1.986732,-0.382650
3.692999,1.954819,-0.323201
3.724911,1.955603,-0.307670
3.738837,1.849760,-0.387527
3.710796,1.815306,-0.423016
3.634492,1.772792,-0.466338
3.578667,1.792101,-0.487726
3.576689,1.855161,-0.481565
3.565597,1.869471,-0.470482
3.512696,1.862574,-0.474862
3.526119,1.870911,-0.476734
3.511487,1.772409,-0.494099
3.524033,1.696739,-0.492711
3.500622,1.760616,-0.449670
3.365762,1.784304,-0.477560
3.542347,1.632734,-0.501847
3.699339,1.524881,-0.416316
3.657624,1.431879,-0.458931
3.604615,1.359262,-0.474249
3.623240,1.358537,-0.437046
3.599412,1.362366,-0.305732
3.572411,1.467154,-0.217890
3.584477,1.562568,-0.177749
3.560795,1.468937,-0.257503
3.516366,1.475477,-0.252809
3.522550,1.399778,-0.243896
3.459910,0.997438,-0.662514
3.448492,0.991046,-0.753029
3.446217,1.007569,-0.657107
3.423563,0.992552,-0.666015
3.329931,0.962055,-0.691669
3.362459,0.987754,-0.680248
3.334168,1.035916,-0.714772
3.404263,0.988065,-0.771681
3.438614,0.954438,-0.873464
3.344611,0.986885,-0.900580
3.640275,0.875614,-0.849542
3.615522,0.834456,-0.839263
3.514030,0.882822,-0.829259
3.174934,1.098510,-0.706214
2.814275,1.269163,-0.652750
2.500515,1.379008,-0.623155
2.419139,1.399676,-0.466973
2.345140,1.396006,-0.381633
2.321772,1.438767,-0.358724
2.297065,1.408371,-0.378572
2.323836,1.461819,-0.369070
2.259153,1.513419,-0.412872
2.225261,1.459810,-0.391689
2.224715,1.486339,-0.420801
2.221518,1.489478,-0.461603
2.177883,1.511524,-0.380803
2.166085,1.512252,-0.234757
2.133939,1.502848,-0.200840
2.139824,1.533654,-0.167955
2.153928,1.569793,-0.208968
2.064481,1.591865,-0.220681
2.061825,1.573118,-0.241240
2.097685,1.530088,-0.363837
2.072725,1.491838,-0.408789
1.971864,1.524922,-0.478439
1.931873,1.496864,-0.526977
2.001721,1.408970,-0.354529
2.085699,1.291600,-0.360190
2.166690,1.187163,-0.353756
2.161679,1.144851,-0.315248
1.985826,1.235397,-0.271749
2.151029,1.153847,-0.369890
2.228622,1.166259,-0.363556
2.253201,1.158613,-0.377684
2.230154,1.130329,-0.442808
2.215295,1.093242,-0.324301
2.190781,1.106653,-0.290061
2.215576,1.003791,-0.186639
2.222247,0.975430,-0.258010
2.241799,0.921080,-0.261580
2.228920,0.947179,-0.304679
2.217930,0.934241,-0.234095
2.095927,0.972675,-0.197326
2.109632,0.991981,-0.229767
2.120307,0.916919,-0.125244
2.105864,0.779069,-0.097021
2.082365,0.782797,-0.243030
2.041390,0.935025,-0.157669
2.022310,0.877964,-0.247360
2.044610,0.605726,-0.539696
1.983279,0.633209,-0.491473
1.931543,0.630951,-0.490267
1.920333,0.628398,-0.388039
1.952289,0.618983,-0.360700
1.837940,0.612996,-0.357995
1.896597,0.549995,-0.472237
1.776238,0.573655,-0.418158
1.726138,0.564354,-0.421287
1.757337,0.541755,-0.426253
1.753930,0.668326,-0.427751
1.722437,0.694408,-0.362958
1.565235,0.813074,-0.452695
1.484585,0.775749,-0.494225
1.497163,0.791752,-0.510767
1.593695,0.711495,-0.379699
1.596716,0.837009,-0.305819
1.656685,0.921409,-0.287312
1.677451,0.979104,-0.330821
1.712494,1.021989,-0.359913
1.691188,1.036840,-0.362589
1.675305,1.044972,-0.263872
1.646210,1.052786,-0.188364
1.726835,1.145079,-0.154745
1.740994,1.213748,-0.103902
1.702196,1.234597,-0.169657
1.790427,1.201500,-0.328799
1.853621,1.186213,-0.379856
1.881830,1.287161,-0.212760
1.859712,1.306473,-0.208359
1.861323,1.316115,-0.244081
1.895198,1.338900,-0.190840
1.855657,1.267422,-0.146482
1.836295,1.227670,-0.152368
1.909083,1.213671,-0.167906
1.733380,1.091123,-0.192806
1.727782,1.167925,-0.265336
1.771543,1.153837,-0.236822
1.724095,1.197727,-0.196072
1.674101,1.221119,-0.091398
1.778618,1.186339,-0.129415
1.778789,1.226416,-0.143965
1.906995,1.341890,-0.200922
1.890743,1.263122,-0.265823
1.876671,1.387977,-0.304657
1.934054,1.356953,-0.255807
1.911791,1.343129,-0.247356
1.933674,1.324097,-0.237738
1.849864,1.377920,-0.274950
1.653923,1.340309,-0.296581
1.620752,1.281946,-0.232741
1.592817,1.254617,-0.226758
1.532498,1.218585,-0.177496
1.576389,1.151301,-0.112933
1.603682,1.189394,-0.066139
1.535760,1.272452,-0.118254
1.564572,1.370482,-0.193613
1.598892,1.335674,-0.180554
1.552197,1.261707,-0.115509
1.482174,1.201478,-0.062435
1.479327,1.207894,-0.037404
1.488201,1.245674,-0.003212
1.479687,1.276569,-0.048327
1.455544,1.299697,-0.031787
1.453817,1.340649,-0.052211
1.526843,1.287444,-0.129604
1.598709,1.263969,-0.132173
1.676699,1.289910,-0.090882
1.591132,1.380126,-0.082909
1.563719,1.202653,-0.165546
1.616122,1.137366,-0.226242
1.667217,1.063331,-0.207330
1.675084,1.003111,-0.131005
1.720491,1.104123,-0.020919
1.756637,1.154599,0.077819
1.724308,1.114555,0.033741
1.715425,1.175238,-0.064807
1.659201,1.268646,-0.083048
1.700220,1.159036,-0.064989
1.635560,1.072652,0.007613
1.507133,1.105781,-0.240021
1.488347,1.042191,-0.176535
1.477585,0.973162,-0.183809
1.494092,0.838282,-0.246300
1.470754,0.857118,-0.270926
1.341971,0.926942,-0.307116
1.280702,0.838309,-0.252327
1.140082,0.584047,-0.176859
1.104704,0.461388,-0.228728
1.171090,0.637420,-0.241663
1.170835,0.636840,-0.262350
1.195287,0.608657,-0.254834
1.219497,0.598722,-0.228240
1.239746,0.537351,-0.423609
1.288492,0.487718,-0.414188
1.321337,0.492058,-0.412953
1.470749,0.410540,-0.446964
1.425091,0.449514,-0.423078
1.375003,0.405741,-0.351658
1.454455,0.340007,-0.356883
1.390050,0.367400,-0.392840
1.151561,0.588102,-0.302520
1.039832,0.599570,-0.343063
1.016476,0.624906,-0.372003
0.973061,0.632019,-0.337132
0.963196,0.699984,-0.359379
0.985115,0.779066,-0.376655
1.102326,0.812862,-0.425345
1.079020,0.842856,-0.422757
1.055737,0.876761,-0.420723
1.012123,0.818038,-0.408319
1.065126,0.884469,-0.408691
1.008255,1.045087,-0.422892
1.027499,1.058022,-0.392916
0.909050,1.133347,-0.352016
0.824002,1.093244,-0.388232
0.824104,1.106304,-0.432007
0.903019,1.119370,-0.465553
0.930104,1.143322,-0.451510
1.020272,1.110611,-0.384724
1.038802,1.064934,-0.368172
1.114839,1.027267,-0.414882
1.245820,0.969146,-0.453901
1.241087,1.069131,-0.539165
1.215154,1.053903,-0.511030
1.252358,0.950948,-0.504167
1.306029,0.918134,-0.529734
1.139751,0.983190,-0.453030
0.995690,0.940176,-0.375794
0.966302,0.934516,-0.352041
0.875261,0.957340,-0.352719
0.829661,1.011462,-0.329207
0.755657,1.169796,-0.517359
0.650422,1.169835,-0.592694
0.622170,1.162352,-0.653807
0.776052,1.188195,-0.527285
0.809872,1.156769,-0.468466
0.904861,1.173590,-0.447351
1.021874,1.215364,-0.471567
1.025212,1.265787,-0.488346
0.950712,1.349401,-0.528553
0.910218,1.387169,-0.470234
0.872684,1.280452,-0.378891
0.918602,1.374731,-0.623651
0.901165,1.370814,-0.677627
0.978166,1.486840,-0.681774
0.916916,1.597535,-0.615913
0.970297,1.670481,-0.638250
0.961600,1.684830,-0.672642
0.961633,1.616594,-0.702539
1.069482,1.576992,-0.607520
0.984326,1.598956,-0.692646
0.941182,1.601652,-0.772383
0.967050,1.552847,-0.759861
0.950998,1.634800,-0.786588
1.139829,1.691726,-0.684636
1.191592,1.785186,-0.565351
1.264476,1.776251,-0.454232
1.191877,1.736417,-0.400077
1.252817,1.637111,-0.458223
1.304049,1.525383,-0.492112
1.081835,1.674808,-0.433955
1.005939,1.685892,-0.457992
0.978232,1.769641,-0.461743
1.052080,1.783064,-0.449353
1.129203,1.750607,-0.508632
1.185435,1.679933,-0.465038
1.176085,1.710541,-0.552239
1.202097,1.652776,-0.528859
1.282741,1.516916,-0.420267
1.328406,1.483205,-0.471562
1.437467,1.540262,-0.490230
1.472943,1.487270,-0.568090
1.515901,1.532444,-0.478632
1.477028,1.600873,-0.348885
1.477135,1.452560,-0.334047
1.517753,1.376099,-0.348888
1.531356,1.599669,-0.440232
1.639333,1.613996,-0.488812
1.628352,1.616814,-0.490084
1.570548,1.609875,-0.591518
1.526491,1.606493,-0.459129
1.576114,1.580338,-0.378741
1.602515,1.663902,-0.388940
1.656959,1.697202,-0.411938
1.807350,1.644590,-0.469336
1.802126,1.601059,-0.481322
1.929196,1.684494,-0.512073
1.971301,1.603699,-0.484099
1.980622,1.627374,-0.448992
1.923182,1.601954,-0.379151
1.881660,1.706678,-0.386211
1.920441,1.767253,-0.436449
1.936598,1.757951,-0.468793
1.975054,1.792459,-0.450176
2.026407,1.867656,-0.435407
2.177831,1.886813,-0.374770
2.173666,1.947187,-0.477095
2.161296,1.827741,-0.437397
2.178554,1.768245,-0.427334
2.209002,1.733772,-0.396040
2.240146,1.708071,-0.455529
2.228884,1.645245,-0.444837
2.261958,1.562856,-0.416698
2.328650,1.459797,-0.457323
2.335761,1.427915,-0.410296
2.421753,1.386001,-0.262132
2.501951,1.255992,-0.209871
2.554999,1.239044,-0.200139
2.657192,1.267858,-0.324760
2.618303,1.317570,-0.325075
2.609589,1.375902,-0.349859
2.602019,1.412909,-0.349200
2.680592,1.475642,-0.336119
2.644663,1.541637,-0.340252
2.663956,1.551350,-0.356035
2.679625,1.522682,-0.374608
2.722631,1.552049,-0.450999
2.742596,1.542038,-0.495507
2.695109,1.652378,-0.396876
2.681514,1.589024,-0.239182
2.693414,1.548810,-0.254014
2.701282,1.461456,-0.260096
2.732337,1.441018,-0.337964
2.796205,1.414619,-0.351585
2.759501,1.376053,-0.322171
2.841699,1.432727,-0.369928
2.970267,1.559184,-0.342312
3.059130,1.626523,-0.346220
3.099451,1.605238,-0.316224
3.156449,1.561738,-0.364218
3.122980,1.563810,-0.339555
3.056640,1.510558,-0.281471
3.059558,1.496914,-0.294472
3.101977,1.567981,-0.306173
3.130749,1.602968,-0.341562
3.138705,1.638167,-0.303587
3.224000,1.698654,-0.319183
3.345388,1.789059,-0.384036
3.414097,1.811196,-0.377381
3.606988,1.848553,-0.384935
3.630523,1.759381,-0.357095
3.610273,1.777894,-0.402615
3.624037,1.778422,-0.396813
3.638565,1.757256,-0.318302
3.612831,1.712769,-0.368271
3.570803,1.743871,-0.438207
3.542108,1.849625,-0.468541
3.628724,1.868233,-0.467820
3.615853,1.896216,-0.481810
3.609808,1.921034,-0.504101
3.467510,1.913319,-0.562159
3.534933,1.982711,-0.530161
3.610731,1.964912,-0.537206
3.561065,1.990578,-0.501941
3.475886,2.032296,-0.479802
3.372001,1.978648,-0.498877
3.347358,2.245459,-0.473130
3.257669,2.296501,-0.504131
3.232200,2.251908,-0.500885
3.219509,2.268062,-0.499103
3.196644,2.262207,-0.426612
3.261155,2.240463,-0.431059
3.088789,2.169152,-0.577577
3.085197,2.156516,-0.629205
3.026891,2.124290,-0.576829
3.067034,2.155441,-0.469368
3.075845,2.167530,-0.439430
3.085921,2.163460,-0.396647
3.090284,2.145189,-0.379894
3.115124,2.079511,-0.384512
3.304563,1.882287,-0.406279
3.300881,1.801496,-0.412243
3.317547,1.922674,-0.425836
3.336835,1.942796,-0.465619
3.315987,1.907741,-0.482505
3.341675,1.921467,-0.516459
3.378801,1.948203,-0.473928
3.401617,1.927224,-0.427585
3.434408,1.991845,-0.445951
3.505327,2.009671,-0.524752
3.489219,2.069610,-0.566687
3.455893,1.900405,-0.473202
3.481777,1.875234,-0.469689
3.632736,2.006279,-0.527602
3.647557,2.048786,-0.502741
3.555211,2.063439,-0.436816
3.594409,2.044068,-0.374759
3.574612,2.085760,-0.382345
3.594160,2.116267,-0.389720
3.599506,2.001529,-0.388579
3.565049,1.930127,-0.402962
3.571519,1.878612,-0.415605
3.640680,1.774622,-0.436490
3.593047,1.764423,-0.449859
3.813459,1.681979,-0.396030
3.890713,1.566002,-0.326228
3.906914,1.533553,-0.275874
3.907582,1.641608,-0.311741
3.904604,1.608704,-0.318230
3.904596,1.590374,-0.354865
3.836279,1.589329,-0.370024
3.753838,1.596987,-0.392989
3.790711,1.609802,-0.392061
3.798114,1.642772,-0.431609
4.020704,1.633280,-0.450402
4.028697,1.537078,-0.442333
3.966164,1.531372,-0.386805
3.960858,1.545131,-0.348855
4.021280,1.575817,-0.380833
4.057947,1.573529,-0.360590
4.051511,1.617816,-0.341639
4.056327,1.636786,-0.394260
4.206477,1.649778,-0.451647
4.037452,1.670255,-0.346829
3.996200,1.668902,-0.392256
3.988774,1.716020,-0.422470
4.048582,1.581712,-0.462578
4.055384,1.592008,-0.475466
4.005496,1.592176,-0.433672
3.994232,1.563372,-0.436829
3.961412,1.754660,-0.559120
4.017035,1.828454,-0.499290
4.041575,1.849198,-0.510553
3.917505,1.753002,-0.554794
3.954474,1.662828,-0.601349
3.981663,1.631132,-0.509430
4.010473,1.590973,-0.463528
4.082386,1.683927,-0.707634
4.114178,1.700668,-0.691325
3.931131,1.872501,-0.548627
3.930810,1.935220,-0.559515
3.829280,1.909761,-0.638792
3.817053,1.888251,-0.666886
3.851830,1.882537,-0.693374
4.051100,2.086928,-0.563992
4.134092,2.187841,-0.471467
4.155521,2.224901,-0.489722
4.159650,2.245099,-0.460159
4.123158,2.308017,-0.447282
4.153567,2.305710,-0.458869
4.143022,2.303152,-0.457480
4.179997,2.300727,-0.482299
4.188409,2.395434,-0.413507
4.174429,2.457758,-0.413024
4.131742,2.404138,-0.465498
4.029862,2.318123,-0.521537
3.946863,2.297482,-0.564035
3.981770,2.310396,-0.578290
3.982623,2.338975,-0.561376
3.976291,2.281826,-0.580182
3.943413,2.296615,-0.594325
3.898590,2.242011,-0.536619
3.898154,2.334667,-0.505964
3.919618,2.394600,-0.500880
3.929694,2.322360,-0.480613
3.826438,2.284769,-0.452882
3.767962,2.204069,-0.558597
3.764189,2.222271,-0.619981
3.797694,2.222177,-0.631905
3.777365,2.244998,-0.617179
3.715790,2.086199,-0.764896
3.674768,2.094993,-0.808646
3.786465,1.989701,-0.745401
