-6.835177,-2.803619,-9.190907
-6.822065,-2.947659,-9.197899
-6.866806,-2.893021,-9.335628
-6.901653,-2.895136,-9.312119
-6.982965,-2.875512,-9.225167
-6.820781,-2.940484,-9.081617
-6.702742,-2.797786,-9.078310
-6.740114,-2.696903,-9.129678
-6.732160,-2.698467,-9.151014
-6.943260,-2.755266,-9.311473
-6.925380,-2.652174,-9.303247
-6.941073,-2.641454,-9.334269
-6.997333,-2.772951,-9.375785
-6.881157,-2.666624,-9.373384
-6.919306,-2.708945,-9.306639
-6.953635,-2.686156,-9.136035
-6.842096,-2.814769,-9.175324
-6.691501,-2.882057,-9.199790
-6.676201,-2.860523,-9.111722
-6.759336,-2.945443,-9.059403
-6.779634,-2.999167,-9.139916
-6.882602,-2.884581,-9.116460
-6.944990,-2.773793,-9.190568
-7.039837,-2.929610,-9.023518
-6.953832,-2.695357,-9.016200
-6.841806,-2.556409,-9.069329
-6.816760,-2.675315,-9.220874
-6.788408,-2.670246,-9.330177
-6.849329,-2.655704,-9.391330
-6.603615,-2.595041,-9.375571
-6.767837,-2.595237,-9.445224
-6.663057,-2.590056,-9.373831
-6.613322,-2.535505,-9.372752
-6.542335,-2.699608,-9.372734
-6.584137,-2.780006,-9.589012
-6.604638,-2.752894,-9.650066
-6.588798,-2.784942,-9.467647
-6.708947,-2.788725,-9.471165
-6.778438,-2.727514,-9.389106
-6.891006,-2.785346,-9.411409
-6.894561,-2.757177,-9.409475
-6.883204,-2.726456,-9.152147
-6.732536,-2.788957,-9.224686
-6.719308,-2.899843,-9.267778
-6.765799,-2.776139,-9.405023
-6.781940,-2.823605,-9.398264
-6.902391,-2.906316,-9.336565
-6.967484,-3.020653,-9.264517
-6.738492,-2.860973,-9.373760
-6.639126,-2.814235,-9.364941
-6.660188,-2.837966,-9.384112
-6.720512,-2.773710,-9.378469
-6.815529,-2.656097,-9.203840
-6.787021,-2.738903,-9.289716
-6.740634,-2.705110,-9.293628
-6.927786,-2.776571,-9.488805
-6.902541,-2.783944,-9.277479
-6.872909,-2.800962,-9.137840
-6.865160,-2.839138,-9.117540
-6.869442,-2.779113,-8.966069
-6.955317,-2.738934,-8.989498
-7.027717,-2.849657,-9.181977
-7.021868,-3.002523,-9.175581
-7.027035,-2.884396,-9.133786
-7.005848,-2.860150,-9.183308
-6.926407,-2.860710,-9.219404
-6.902153,-2.882044,-9.203846
-6.906488,-2.915669,-9.179929
-6.907373,-2.908621,-9.233158
-7.029320,-2.845698,-9.346889
-7.160256,-2.819283,-9.527593
-7.026447,-2.827302,-9.550954
-7.067435,-2.890440,-9.518985
-7.128386,-2.816108,-9.461348
-6.956861,-2.842711,-9.466103
-6.991484,-2.779711,-9.339363
-6.990665,-2.717549,-9.309879
-6.911579,-2.528659,-9.304071
-6.872316,-2.537687,-9.426299
-6.874862,-2.372628,-9.465158
-6.909742,-2.452962,-9.440053
-6.779408,-2.438269,-9.533615
-6.699487,-2.524315,-9.479632
-6.784542,-2.643324,-9.716859
-6.977002,-2.731956,-9.761003
-6.885468,-2.939077,-9.625932
-6.821119,-2.869597,-9.473766
-6.891485,-2.778216,-9.522845
-6.872452,-2.880280,-9.561751
-6.727920,-3.054063,-9.646467
-6.696772,-3.019514,-9.868385
-6.694100,-2.983373,-9.883841
-6.749562,-2.993519,-9.815068
-6.821433,-2.979618,-10.015820
-6.915125,-3.072983,-9.761239
-6.911817,-3.065040,-9.759856
-6.896685,-3.094121,-9.776218
-6.897439,-3.022928,-9.895508
-6.937413,-2.980669,-9.900194
-6.923322,-2.998123,-9.921659
-6.899565,-3.127749,-9.938141
-6.940298,-3.061117,-10.129914
-6.855314,-2.991498,-10.215469
-6.799664,-3.010801,-10.183615
-6.838905,-3.113394,-10.077161
-6.743107,-3.037252,-9.950855
-6.861899,-3.184518,-9.943356
-6.885628,-3.337951,-9.989532
-6.808402,-3.353486,-10.082280
-6.816621,-3.415681,-10.081289
-6.871877,-3.278916,-10.079363
-6.930579,-3.113173,-10.132810
-7.022955,-3.037374,-10.302478
-7.001627,-3.044325,-10.374984
-6.900323,-2.948384,-10.298315
-6.726683,-2.998902,-10.150930
-6.687422,-3.079145,-10.133901
-6.794069,-3.013731,-10.245861
-7.085244,-2.602604,-10.135366
-7.033212,-2.630785,-10.150815
-7.058342,-2.676558,-10.093650
-7.011992,-2.731315,-10.000653
-6.944575,-2.692417,-10.103624
-6.887262,-2.642251,-10.206950
-6.964992,-2.507815,-10.184210
-6.941740,-2.328580,-10.221151
-6.994834,-2.362551,-10.298845
-7.046592,-2.410318,-10.332080
-7.174984,-2.566044,-10.398209
-7.511421,-2.430942,-10.066772
-7.529257,-2.430361,-10.055765
-7.560830,-2.420016,-10.193145
-7.503442,-2.389996,-10.276587
-7.643429,-2.448095,-10.097289
-7.373376,-2.327673,-10.064962
-7.254216,-2.459936,-10.157684
-6.967164,-2.358707,-10.057694
-6.875354,-2.287777,-10.002393
-6.906646,-2.192544,-10.050787
-6.821405,-2.190633,-10.284761
-6.772884,-2.355568,-10.498078
-6.740530,-2.513776,-10.598312
-6.697843,-2.494849,-10.570103
-6.691332,-2.314477,-10.591635
-6.928780,-2.166214,-10.655256
-6.969729,-2.157222,-10.805255
-6.936319,-2.099378,-10.890708
-6.968946,-2.107984,-11.064864
-6.865843,-2.082507,-11.113045
-6.912704,-2.085428,-11.260092
-7.021247,-2.020316,-11.315596
-7.113923,-1.898188,-11.520588
-6.932275,-1.797884,-11.292429
-6.802824,-1.569287,-11.204545
-6.713396,-1.577172,-11.066599
-6.664756,-1.460163,-11.122744
-6.611136,-1.382981,-11.157989
-6.598976,-1.404693,-11.123337
-6.546927,-1.503260,-11.090298
-6.556222,-1.521987,-10.933762
-6.535418,-1.415043,-10.619328
-6.411990,-1.555543,-10.762455
-6.378941,-1.565475,-10.794844
-6.373130,-1.525873,-10.804353
-6.456960,-1.509027,-10.696529
-6.544473,-1.427565,-10.707474
-6.704314,-1.457891,-10.621751
-6.592794,-1.566358,-10.626033
-6.461371,-1.649536,-10.637259
-6.391801,-1.597697,-10.661909
-6.294373,-1.645508,-10.614820
-6.248456,-1.662256,-10.491592
-6.522892,-1.667593,-10.537139
-6.513534,-2.015586,-10.536216
-6.638895,-2.152529,-10.641916
-6.658884,-2.442369,-10.781116
-6.638947,-2.385635,-10.812181
-6.585041,-2.205047,-10.801019
-6.310436,-2.193923,-10.607804
-6.309180,-2.160307,-10.640404
-6.480440,-2.260233,-10.721966
-6.579173,-2.182969,-10.795656
-6.708170,-2.041854,-11.011206
-6.740327,-1.939981,-11.340839
-6.731163,-2.052774,-11.219503
-6.775594,-2.114527,-11.171957
-6.749374,-2.105031,-11.170666
-6.728583,-2.086206,-11.115408
-6.847408,-1.936869,-11.272591
-6.892434,-1.796216,-11.142395
-6.863460,-1.985148,-11.206735
-6.970628,-2.011184,-11.156372
-7.213525,-2.121589,-11.108727
-7.294747,-2.248768,-11.118046
-7.260844,-2.218459,-11.099925
-7.054522,-2.052699,-11.264088
-7.019518,-1.950737,-11.206440
-6.945943,-1.890323,-11.239245
-6.950955,-1.878128,-11.222406
-6.926558,-1.809119,-11.215189
-6.928412,-1.782064,-11.050851
-6.883837,-1.913929,-11.108017
-6.887938,-1.992922,-11.198905
-6.822796,-2.034904,-11.220820
-6.954400,-1.993599,-11.150287
-7.298937,-2.016517,-11.169984
-7.485913,-2.068161,-11.149452
-7.457830,-2.166440,-11.235911
-7.186280,-2.273569,-11.343253
-7.203887,-2.223236,-11.295835
-7.050287,-2.268969,-11.296575
-6.904102,-2.395266,-11.305591
-6.810916,-2.559504,-11.455781
-6.893620,-2.573271,-11.488192
-6.975175,-2.621109,-11.447660
-6.894804,-2.610367,-11.306748
-7.182336,-2.528984,-11.376883
-7.127715,-2.197767,-11.356195
-7.232182,-2.260134,-11.405101
-7.394164,-2.242037,-11.529001
-7.595938,-2.243557,-11.553715
-7.688551,-2.318636,-11.711866
-7.756904,-2.321848,-11.605643
-7.753093,-2.238406,-11.599570
-7.883789,-2.072995,-11.606435
-7.899811,-2.121480,-11.435731
-7.922129,-1.892751,-11.349477
-7.946843,-1.810268,-11.334546
-7.893678,-1.630242,-11.318299
-7.738379,-1.572779,-11.410922
-7.695505,-1.552434,-11.435929
-7.543704,-1.520801,-11.550811
-7.592229,-1.497316,-11.490417
-7.494788,-1.609493,-11.562158
-7.447069,-1.785906,-11.626863
-7.503589,-1.898201,-11.587357
-7.512633,-2.066267,-11.698743
-7.484904,-2.396918,-11.765476
-7.322727,-2.813703,-11.824240
-7.314103,-2.910459,-11.743209
-7.281404,-3.067888,-11.890806
-7.317726,-3.105125,-11.712835
-7.177899,-3.150436,-11.773317
-7.048683,-3.248457,-11.772554
-6.771723,-3.396830,-11.809168
-6.716763,-3.473435,-11.852848
-6.619140,-3.368464,-11.791509
-6.778940,-3.390513,-11.791439
-7.032328,-3.388876,-11.849775
-7.052120,-3.338602,-11.941092
-7.505913,-3.094346,-12.057938
-7.596680,-3.035811,-11.925409
-7.488470,-3.300020,-11.844468
-7.373205,-3.260919,-11.675355
-7.198377,-3.104234,-11.666425
-7.190859,-3.081644,-11.649517
-7.084092,-2.804336,-11.604354
-7.018353,-2.756961,-11.603576
-6.973815,-2.949716,-11.540403
-6.966390,-2.954806,-11.430901
-6.931052,-3.130686,-11.447359
-6.960414,-3.092538,-11.551688
-7.047519,-3.314994,-11.448902
-7.032177,-3.229507,-11.543085
-7.001548,-3.234009,-11.510119
-6.919088,-3.159554,-11.370504
-6.825203,-3.111835,-11.380473
-6.816757,-3.155509,-11.309519
-6.648919,-3.343034,-11.244987
-6.693425,-3.338314,-11.206678
-6.541949,-3.251029,-11.211323
-6.451048,-3.108084,-11.374538
-6.522783,-3.292451,-11.299954
-6.614623,-3.291946,-11.341210
-6.533154,-3.352949,-11.359102
-6.423044,-3.416088,-11.350106
-6.428093,-3.488703,-11.443318
-6.473913,-3.590051,-11.385741
-6.614430,-3.362959,-11.183592
-6.568781,-3.316387,-11.252954
-6.430532,-3.393635,-11.299796
-6.599575,-3.480528,-11.127254
-6.584397,-3.496934,-11.278999
-6.479564,-3.365056,-11.577212
-6.475338,-3.282252,-11.693077
-6.606344,-3.171349,-11.906734
-6.482963,-3.139496,-11.931709
-6.592001,-3.100173,-12.008777
-6.567381,-3.098592,-11.950764
-6.680197,-3.180085,-12.019070
-6.644283,-3.103025,-11.938977
-6.664500,-3.137951,-11.735579
-6.625471,-3.128209,-11.746113
-6.750600,-3.059192,-11.723775
-6.921727,-2.993455,-11.778669
-6.994789,-2.960667,-11.633860
-6.917595,-3.104849,-11.579415
-6.840072,-2.968050,-11.471787
-6.791214,-2.908502,-11.485411
-6.709391,-2.919164,-11.472652
-6.734694,-2.885336,-11.539169
-6.766285,-2.991084,-11.500220
-6.915804,-2.915877,-11.345540
-6.944685,-2.780674,-11.325481
-6.974331,-2.736026,-11.304410
-6.938906,-2.711651,-11.308793
-7.016896,-2.433413,-11.312284
-6.951753,-2.684434,-11.305029
-6.906616,-3.130279,-11.274217
-6.953717,-3.308366,-11.460463
-6.945882,-3.291663,-11.358150
-7.083505,-3.290155,-11.299786
-7.130239,-3.258366,-11.327294
-7.076505,-3.218752,-11.258396
-6.995261,-3.203471,-11.053101
-6.812172,-3.216682,-11.141810
-6.842195,-3.233732,-11.073950
-6.804649,-3.305820,-11.155079
-6.800564,-3.376399,-11.052687
-6.803837,-3.307150,-11.049681
-6.838151,-3.165308,-10.977172
-6.979472,-3.102166,-11.096794
-6.945100,-3.098212,-11.199674
-6.831111,-3.056169,-11.121502
-6.674305,-3.149404,-11.125509
-6.503990,-3.331926,-11.076821
-6.387744,-3.325458,-10.989377
-6.344178,-3.299540,-11.008247
-6.285928,-3.199087,-10.826427
-6.232495,-3.099111,-10.776725
-6.181152,-2.973953,-10.646991
-6.118323,-3.080345,-10.682005
-6.150283,-3.112250,-10.616579
-6.150336,-3.198544,-10.624781
-6.182277,-3.150837,-10.734688
-6.117828,-3.176027,-10.711970
-6.059776,-3.226286,-10.589913
-6.310687,-3.289492,-10.724835
-6.354930,-3.361257,-10.661507
-6.210357,-3.275892,-10.685486
-6.136035,-3.322656,-10.737175
-6.146285,-3.399662,-10.757092
-6.221907,-3.495432,-10.719162
-6.157547,-3.343895,-10.616553
-6.009702,-3.427826,-10.689718
-6.180014,-3.444684,-10.717478
-6.241947,-3.389941,-10.695739
-6.094380,-3.562805,-10.630298
-5.924909,-3.384584,-10.530778
-5.907636,-3.295521,-10.421841
-5.963170,-3.117916,-10.298891
-5.954941,-3.188204,-10.234883
-5.858886,-3.174946,-10.332904
-5.831611,-3.231542,-10.447224
-5.754627,-3.213449,-10.594262
-5.906079,-3.425608,-10.576368
-5.848521,-3.487332,-10.698195
-5.579999,-3.690751,-10.780216
-5.297231,-3.870373,-10.910743
-5.174007,-3.875149,-10.876373
-5.204664,-3.894536,-10.853919
-5.225503,-3.976000,-10.879642
-5.289013,-3.936696,-10.741128
-5.261312,-3.958478,-10.766130
-5.260265,-4.040699,-10.725337
-5.281812,-4.150678,-10.570464
-5.134589,-4.190343,-10.397561
-5.297344,-4.265235,-10.449297
-5.358099,-4.348881,-10.588346
-5.206727,-4.305296,-10.872715
-5.172265,-4.331554,-10.762692
-5.237953,-4.337656,-10.796821
-5.132715,-4.433052,-10.795628
-5.084671,-4.523179,-10.616522
-5.115442,-4.540486,-10.664558
-5.038417,-4.538076,-10.758474
-5.067806,-4.457422,-10.904199
-4.901035,-4.469169,-10.923332
-4.725922,-4.455350,-10.935541
-4.688995,-4.513845,-11.014675
-4.746975,-4.324576,-11.096209
-4.830216,-4.268270,-11.233301
-5.023944,-4.018186,-11.470305
-4.949437,-3.967309,-11.531596
-5.015666,-3.837999,-11.648902
-5.039524,-3.719105,-11.920583
-5.040685,-3.547510,-11.961823
-5.097100,-3.466973,-11.978426
-5.095897,-3.478991,-11.821088
-5.184356,-3.539817,-11.892061
-5.195352,-3.587406,-11.954582
-5.323643,-3.709819,-12.184752
-5.344985,-3.889848,-12.092876
-5.394148,-4.106523,-11.938862
-5.417599,-4.452414,-11.977260
-5.392399,-4.274966,-12.033813
-5.504712,-4.275299,-11.972618
-5.699455,-4.202820,-11.908413
-5.787309,-4.124551,-11.852948
-5.854558,-4.191415,-11.809578
-5.801816,-4.350562,-11.985558
-5.936898,-4.391232,-12.056482
-5.974620,-4.401001,-12.077760
-5.761256,-4.425629,-11.965594
-5.770926,-4.317896,-11.875037
-5.756576,-4.383967,-11.829348
-5.758122,-4.450712,-11.760704
-5.755161,-4.507608,-11.712697
-5.706329,-4.499495,-11.754700
-5.815907,-4.633739,-11.708779
-5.730700,-4.718376,-11.617689
-5.664655,-4.952240,-11.453151
-5.755139,-4.909827,-11.432267
-6.020229,-4.820123,-11.521577
-6.008774,-4.944257,-11.571483
-6.026846,-4.712815,-11.374604
-5.935100,-4.472327,-11.169684
-5.836487,-4.218478,-11.260942
-5.888592,-4.162816,-11.268665
-5.895849,-4.240098,-11.188434
-5.896341,-4.276822,-11.200024
-5.793953,-4.200730,-11.114754
-5.800946,-4.272933,-11.135105
-5.793653,-4.362890,-11.118255
-5.852335,-4.439024,-11.170847
-5.884569,-4.329270,-11.039374
-5.976049,-4.380119,-11.174005
-6.018674,-4.422745,-11.152338
-6.108355,-4.473864,-11.068795
-6.232059,-4.593431,-11.081512
-6.180012,-4.656062,-11.058091
-6.235760,-4.570333,-11.091535
-6.294843,-4.522702,-11.214552
-6.235961,-4.596633,-11.349219
-6.069366,-4.583437,-11.491575
-6.074029,-4.537421,-11.407603
-6.094630,-4.443058,-11.512994
-6.060491,-4.375351,-11.525509
-6.060884,-4.404828,-11.624530
-6.202002,-4.675862,-11.654906
-6.028053,-4.858429,-11.868453
-5.936865,-4.921967,-12.147454
-5.989600,-4.867981,-12.013601
-5.984836,-4.741448,-12.041480
-5.953480,-4.884995,-11.804411
-5.994509,-4.655062,-11.727760
-5.970228,-4.666782,-11.636127
-5.946912,-4.609646,-11.623178
-5.855224,-4.623490,-11.579087
-5.813539,-4.640453,-11.564249
-5.791976,-4.532764,-11.630649
-5.655944,-4.420670,-11.734471
-5.636793,-4.295450,-11.833671
-5.612345,-4.210877,-12.000751
-5.567454,-4.160172,-11.922662
-5.588512,-4.077211,-11.797358
-5.577500,-4.133570,-11.737237
-5.552563,-4.023225,-11.636924
-5.583064,-4.120026,-11.597586
-5.600539,-4.216790,-11.744827
-5.610270,-4.237528,-11.777358
-5.473601,-4.190352,-11.917970
-5.547266,-4.177854,-11.873054
-5.526124,-4.220729,-11.843996
-5.583768,-4.204532,-11.920087
-5.742728,-4.186185,-11.806786
-5.725520,-4.268946,-11.775362
-5.738779,-4.368129,-11.689699
-5.746960,-4.389407,-11.665691
-5.959512,-4.455885,-11.421888
-5.974916,-4.377806,-11.447426
-5.894102,-4.272387,-11.375073
-5.875958,-4.247433,-11.351377
-6.081905,-4.265599,-11.196172
-5.775564,-4.442404,-11.026023
-5.657100,-4.434425,-10.945203
-5.601079,-4.390257,-10.955719
-5.455646,-4.418228,-10.910606
-5.470974,-4.501931,-10.866355
-5.431147,-4.464617,-10.920206
-5.453287,-4.301353,-11.006395
-5.417078,-4.185766,-11.013496
-5.323443,-4.337552,-10.940696
-5.323644,-4.397891,-11.019113
-5.239760,-4.301064,-10.989430
-5.300179,-4.005826,-10.854568
-5.378330,-3.926603,-10.962931
-5.370269,-3.778383,-10.939922
-5.624387,-3.661749,-10.984465
-5.692376,-3.630295,-10.985657
-5.705376,-3.632555,-10.993242
-5.719319,-3.626968,-10.995566
-5.721909,-3.630309,-10.996901
-5.724917,-3.632490,-11.000344
-5.638040,-3.525833,-10.938839
-5.716310,-3.572035,-10.843687
-5.634151,-3.493980,-10.983447
-5.600486,-3.546396,-10.842353
-5.576880,-3.523955,-10.786965
-5.568909,-3.514480,-10.777048
-5.603271,-3.445755,-10.575790
-5.577347,-3.360824,-10.615350
-5.573894,-3.346261,-10.626375
-5.575603,-3.342217,-10.633615
-5.578490,-3.340470,-10.639921
-5.713815,-3.455487,-10.587781
-5.571256,-3.418581,-10.456060
-5.443871,-3.447265,-10.136673
-5.472961,-3.403030,-10.194130
-5.575898,-3.367141,-10.401347
-5.606454,-3.403382,-10.629032
-5.622860,-3.260693,-10.501104
-5.654824,-3.185924,-10.408725
-5.669878,-3.201606,-10.511136
-5.639347,-3.155565,-10.532099
-5.724970,-3.236907,-10.516499
-5.618363,-3.227670,-10.497598
-5.598233,-3.222783,-10.494426
-5.374986,-3.411419,-10.404680
-5.340686,-3.544721,-10.344523
-5.459220,-3.486182,-10.336506
-5.612416,-3.680445,-10.531094
-5.657830,-3.729567,-10.577891
-5.605809,-3.583596,-10.345926
-5.649577,-3.680887,-10.527043
-5.686492,-3.724874,-10.475535
-5.641467,-3.687193,-10.471098
-5.704604,-3.762136,-10.197609
-5.803746,-3.701285,-10.190473
-5.820793,-3.859778,-10.195364
-5.955333,-3.930288,-10.147889
-6.134875,-3.987284,-9.934041
-6.029549,-4.048415,-9.887287
-5.928122,-3.938882,-9.785007
-5.936498,-3.848608,-9.747884
-5.950958,-3.734891,-9.811992
-5.908491,-3.767531,-9.743169
-5.861711,-3.762236,-9.675392
-6.038079,-3.751039,-9.659185
-5.785604,-3.815517,-9.750295
-5.815398,-3.725213,-9.949852
-5.865103,-3.734080,-9.860353
-5.809361,-3.833931,-9.712071
-5.746962,-3.910127,-9.744527
-5.869798,-3.989829,-9.860529
-6.018254,-4.069736,-9.944154
-6.140646,-4.220521,-9.961086
-6.042329,-4.339964,-9.990788
-6.017064,-4.372939,-9.995173
-6.007162,-4.389535,-9.994926
-6.005364,-4.400046,-9.986034
-5.661324,-4.407621,-10.126202
-5.603352,-4.472957,-10.181601
-5.729992,-4.720429,-10.401293
-5.759750,-4.784870,-10.455564
-5.676317,-4.826809,-10.325109
-5.591285,-4.864487,-10.222090
-5.785684,-4.874899,-10.278312
-5.855839,-4.805211,-10.333125
-5.864099,-4.744206,-10.414911
-5.931142,-4.701435,-10.223980
-5.942007,-4.820782,-10.425107
-5.799860,-4.697733,-10.437404
-5.765752,-4.679822,-10.365519
-5.752653,-4.676320,-10.342393
-5.864694,-4.741822,-10.269084
-5.895440,-4.761947,-10.251555
-5.829369,-4.751747,-10.444598
-5.710743,-4.751954,-10.462814
-5.673239,-4.756413,-10.474062
-5.553821,-4.875918,-10.579319
-5.523045,-4.907717,-10.601750
-5.518104,-4.907981,-10.606298
-5.517572,-4.907078,-10.605441
-5.524892,-4.917319,-10.604853
-5.520902,-4.926005,-10.598700
-5.520748,-4.934328,-10.585577
-5.511650,-4.938768,-10.571956
-5.517109,-4.954735,-10.583972
-5.593555,-4.598649,-9.557022
-5.516681,-4.628205,-9.331282
-5.498816,-4.635251,-9.279722
-5.355759,-4.903199,-8.929457
-5.253279,-5.041593,-8.789390
-5.296462,-5.167723,-8.997399
-5.305927,-5.197620,-9.050694
-5.298109,-5.212418,-9.070024
-5.304925,-5.216374,-9.072683
-5.304512,-5.222558,-9.078135
-5.321148,-5.224977,-9.080420
-5.330359,-5.216597,-9.073341
-5.334531,-5.219572,-9.058557
-5.345381,-5.226578,-9.047022
-5.359512,-5.219090,-9.047645
-5.366653,-5.201541,-9.064900
-5.365645,-5.187634,-9.087140
-5.356380,-5.182240,-9.078108
-5.329844,-5.578630,-9.249952
-5.326177,-5.690470,-9.306923
-5.322917,-5.713202,-9.323384
-5.316860,-5.716693,-9.318877
-5.324259,-5.723862,-9.322892
-5.335133,-5.728096,-9.317974
-4.975071,-5.497803,-9.378410
-5.035601,-5.387376,-9.386200
-4.887001,-5.609354,-9.276738
-4.843421,-5.666270,-9.248115
-4.825244,-5.682319,-9.241201
-4.616511,-5.630691,-9.218571
-4.525766,-5.572467,-9.360227
-4.560180,-5.556336,-9.523281
-4.650096,-5.428793,-9.533257
-4.889010,-5.634885,-9.451919
-4.945803,-5.687326,-9.426546
-4.958922,-5.697521,-9.414858
-5.244682,-5.774978,-9.630124
-5.310611,-5.789098,-9.684794
-5.323264,-5.795318,-9.698589
-5.343340,-5.806068,-9.714081
-5.354080,-5.809143,-9.713711
-5.366876,-5.811291,-9.718780
-5.641952,-5.902729,-9.603989
-5.711562,-5.918477,-9.572983
-5.729729,-5.915461,-9.573850
-5.735089,-5.921653,-9.567033
-5.722888,-5.938811,-9.569869
-5.733870,-5.928033,-9.573321
-5.735068,-5.928158,-9.573658
-5.732236,-5.933504,-9.588202
-5.664135,-5.486266,-9.413602
-5.574893,-5.286422,-9.454811
-5.553398,-5.248201,-9.465253
-5.542730,-5.243145,-9.462453
-5.544482,-5.244450,-9.473862
-5.541425,-5.230098,-9.486941
-5.792303,-5.473973,-9.450328
-5.803247,-5.449901,-9.325686
-5.806962,-5.444299,-9.293595
-5.807127,-5.438595,-9.277857
-5.809889,-5.445617,-9.280044
-5.812678,-5.444210,-9.264213
-5.802469,-5.445749,-9.247432
-5.807431,-5.449468,-9.264778
-5.799834,-5.423918,-9.278307
-5.804266,-5.423456,-9.284743
-5.796183,-5.428864,-9.255300
-5.794997,-5.423824,-9.276303
-5.786089,-5.437500,-9.275305
-5.765924,-5.419137,-9.269045
-5.735362,-5.402217,-9.260703
-5.759099,-5.394836,-9.247296
-5.792636,-5.393447,-9.227682
-5.801467,-5.373508,-9.206140
-5.813989,-5.344018,-9.183683
-5.790895,-5.341309,-9.189443
-5.405396,-4.021750,-8.647345
-5.372280,-3.962240,-8.671106
-5.388910,-4.016635,-8.737333
-5.304150,-3.926420,-8.738663
-5.427380,-3.798604,-8.701148
-5.506214,-3.613391,-8.618230
-5.532057,-3.551339,-8.702506
-5.581062,-3.249293,-8.719667
-5.644427,-3.347382,-8.665150
-5.601424,-3.302721,-8.659789
-5.532748,-3.247309,-8.784750
-5.518439,-3.236774,-8.820560
-5.392490,-3.234178,-8.803072
-5.362388,-3.296818,-8.845979
-5.355140,-3.149753,-8.877679
-5.292688,-3.124604,-8.913360
-5.311317,-3.143569,-8.923928
-5.346230,-3.314696,-8.759254
-5.308597,-3.321067,-8.537279
-5.350863,-3.207080,-8.379585
-5.392954,-3.111617,-7.972565
-5.512430,-2.910522,-7.879740
-5.586756,-2.834585,-7.858380
-5.669065,-2.889804,-7.813875
-5.729545,-2.965262,-7.743513
-5.708992,-3.022958,-7.730281
-5.760154,-3.032080,-7.602229
-5.748185,-3.039833,-7.538684
-5.778086,-2.946852,-7.560722
-5.734231,-2.817692,-7.595312
-5.819075,-2.852682,-7.570110
-5.864708,-2.852956,-7.549724
-5.673307,-2.823592,-7.541649
-5.617831,-2.704224,-7.603519
-5.598280,-2.909117,-7.474410
-5.604516,-2.833145,-7.610729
-5.541894,-2.906318,-7.680290
-5.476784,-2.884462,-7.538125
-5.570361,-2.788898,-7.573490
-5.593343,-2.857028,-7.600815
-5.562792,-2.873410,-7.606578
-5.504354,-2.845336,-7.610643
-5.498065,-2.796194,-7.543904
-5.496245,-3.015677,-7.568273
-5.545722,-2.930898,-7.643790
-5.637885,-2.961544,-7.802978
-5.494437,-3.033076,-7.801648
-5.418189,-2.996361,-7.680350
-5.408032,-2.840267,-7.487014
-5.399775,-2.838651,-7.549518
-5.317137,-2.792678,-7.716602
-5.335416,-2.784760,-7.850764
-5.293387,-2.741533,-7.711130
-5.317714,-2.781193,-7.539783
-5.348390,-2.697650,-7.408043
-5.284071,-2.583580,-7.373181
-5.325725,-2.509684,-7.414635
-5.289542,-2.302527,-7.416463
-5.414423,-2.312436,-7.498509
-5.439223,-2.157530,-7.533670
-5.405840,-2.161389,-7.662180
-5.548094,-2.017853,-7.604993
-5.564216,-2.039624,-7.528157
-5.736104,-1.995586,-7.515965
-5.598492,-2.139821,-7.745996
-5.619495,-2.151997,-7.651755
-5.627414,-2.083281,-7.696242
-5.605879,-2.042371,-7.894826
-5.625924,-1.939873,-7.931387
-5.568956,-1.951654,-7.782436
-5.616561,-2.159366,-7.678884
-5.727370,-2.002433,-7.553949
-5.691580,-2.056093,-7.381398
-5.801892,-2.064721,-7.370426
-5.833196,-2.070228,-7.361995
-5.863941,-2.086733,-7.281142
-6.058318,-2.272002,-7.270848
-6.096673,-2.320483,-7.264846
-6.094568,-2.131770,-7.244487
-6.095173,-2.084097,-7.237704
-5.967497,-2.069620,-7.459913
-5.939047,-2.044507,-7.326972
-5.887315,-2.230363,-7.215720
-5.961242,-2.337785,-7.089250
-5.982606,-2.368675,-7.058818
-5.995146,-2.457994,-6.961627
-6.000569,-2.482592,-6.939391
-6.003614,-2.488192,-6.929901
-5.996516,-2.488477,-6.924713
-6.007906,-2.495157,-6.927172
-6.011780,-2.509171,-6.919617
-6.023149,-2.523429,-6.919635
-6.026580,-2.520466,-6.924273
-6.036893,-2.526481,-6.916686
-6.044172,-2.535838,-6.905981
-6.064833,-2.557079,-6.921241
-5.977664,-2.714638,-7.150176
-5.959298,-2.756270,-7.208729
-5.935152,-3.056867,-7.167630
-5.926898,-3.131593,-7.156206
-5.921689,-3.157792,-7.150600
-5.912526,-3.166958,-7.153442
-5.915140,-3.179551,-7.151543
-5.918352,-3.173060,-7.151783
-5.917130,-3.184211,-7.141852
-5.537218,-2.961427,-7.046233
-5.439234,-2.905096,-7.023014
-5.398449,-2.882053,-7.013158
-5.516817,-2.976904,-7.112659
-5.420710,-2.835253,-7.192286
-5.393539,-2.800500,-7.217509
-5.383805,-2.789249,-7.224276
-5.389115,-2.790862,-7.213575
-5.380860,-2.783966,-7.208322
-5.373311,-2.786027,-7.193723
-4.954450,-2.539976,-7.164614
-5.071752,-2.712861,-7.133786
-5.105670,-2.763473,-7.121913
-5.120369,-2.776131,-7.110233
-5.126131,-2.775125,-7.101465
-5.128751,-2.787229,-7.087529
-5.121158,-2.782548,-7.083709
-5.120862,-2.778782,-7.081360
-5.119483,-2.759888,-7.091484
-5.125469,-2.730953,-7.074599
-5.126176,-2.724993,-7.075469
-5.126162,-2.740533,-7.064551
-5.114470,-2.761476,-7.068132
-5.136393,-2.762118,-7.060780
-5.147680,-2.763655,-7.047911
-5.161047,-2.755484,-7.051052
-5.172195,-2.753095,-7.064209
-5.215773,-2.734843,-7.058836
-5.234012,-2.717444,-7.041828
-5.270126,-2.709783,-7.031172
-5.259752,-2.722528,-7.039392
-5.232776,-2.734149,-7.027907
-5.235024,-2.731596,-7.026526
-5.259960,-2.749428,-7.009805
-5.251505,-2.761118,-7.017584
-4.071478,-3.103164,-7.231936
-3.735894,-3.202725,-7.291733
-4.321725,-3.034240,-7.127529
-4.471940,-2.992195,-7.082383
-4.523786,-2.983279,-7.065899
-4.538263,-2.976997,-7.067569
-4.546443,-2.974177,-7.063441
-4.551542,-2.963153,-7.065570
-4.560265,-2.967843,-7.043017
-4.558968,-2.981093,-7.048277
-4.569339,-2.986687,-7.034509
-4.582042,-2.979520,-7.025220
-4.835776,-2.511998,-6.622002
-4.896580,-2.399372,-6.520410
-4.904852,-2.370881,-6.498211
-4.914158,-2.363182,-6.482299
-4.933306,-2.359139,-6.483770
-4.931804,-2.346640,-6.497070
-4.938782,-2.335156,-6.490932
-4.944142,-2.344157,-6.495240
-4.948320,-2.350635,-6.498343
-4.947729,-2.330240,-6.489032
-4.957113,-2.336924,-6.495071
-4.989183,-2.301870,-6.474433
-5.011249,-2.286977,-6.462113
-5.000182,-2.281948,-6.468357
-5.365161,-2.682735,-6.617584
-5.456521,-2.782727,-6.648268
-5.480423,-2.805362,-6.659838
-5.484486,-2.807087,-6.665327
-5.471575,-2.812743,-6.672701
-5.498938,-2.811266,-6.684806
-5.506054,-2.821611,-6.687349
-5.367713,-2.391664,-6.305137
-5.327143,-2.282988,-6.208958
-5.311749,-2.248445,-6.177073
-5.306300,-2.231865,-6.169760
-5.311372,-2.243776,-6.165520
-5.303742,-2.254003,-6.173148
-5.305167,-2.244833,-6.169032
-5.296695,-2.230141,-6.156515
-5.312052,-2.201100,-6.153512
-5.312666,-2.200186,-6.147032
-5.301027,-2.202193,-6.153681
-5.297594,-2.211869,-6.172829
-5.293257,-2.226719,-6.164314
-5.308731,-2.250085,-6.167064
-5.302763,-2.241210,-6.161485
-5.310775,-2.259316,-6.150619
-5.316424,-2.276540,-6.141065
-5.328127,-2.304184,-6.155150
-5.319680,-2.285996,-6.146212
-5.340539,-2.290240,-6.142947
-5.352283,-2.275471,-6.149594
-5.325524,-2.247610,-6.162037
-5.327710,-2.263408,-6.174256
-5.343151,-2.306693,-6.191648
-5.346200,-2.313991,-6.191872
-5.352943,-2.335488,-6.232434
-4.945637,-2.638392,-6.338749
-4.809397,-2.591108,-6.249172
-4.773595,-2.581456,-6.221579
-4.739369,-2.262124,-6.106590
-4.804672,-2.229463,-6.166512
-4.855961,-2.193250,-6.105350
-4.842525,-2.257078,-6.157879
-4.728497,-2.431190,-6.269419
-4.821172,-2.398891,-6.290085
-4.952610,-2.475191,-6.410824
-4.905781,-2.334572,-6.258630
-4.863606,-2.267075,-6.185688
-4.849194,-2.249082,-6.165768
-4.808888,-1.987218,-6.203393
-4.799354,-2.091975,-6.260369
-4.765381,-2.173409,-6.219509
-4.833966,-2.312464,-6.104144
-4.860722,-2.446861,-6.100966
-4.790543,-2.644408,-6.118931
-4.713033,-2.700411,-6.080519
-4.695824,-2.714725,-6.068714
-4.692852,-2.715910,-6.072121
-4.690163,-2.707103,-6.049673
-4.769310,-2.431405,-5.945511
-4.793377,-2.364591,-5.918372
-4.789939,-2.347376,-5.913683
-4.775543,-2.339686,-5.905075
-4.762592,-2.341602,-5.906710
-4.754437,-2.331457,-5.901177
-4.759706,-2.328501,-5.887141
-4.767010,-2.330341,-5.905250
-4.775311,-2.368063,-5.914468
-4.759951,-2.380718,-5.926473
-4.760524,-2.403097,-5.928150
-4.755478,-2.414398,-5.937958
-4.754494,-2.410704,-5.952485
-4.756337,-2.392297,-5.948833
-4.741589,-2.390677,-5.956447
-4.722297,-2.371726,-5.967259
-4.726265,-1.773527,-5.881101
-4.733611,-1.631919,-5.865549
-4.412300,-1.715688,-5.762113
-3.868012,-1.818343,-5.648664
-3.299644,-1.940537,-5.534893
-2.968953,-2.086676,-5.650249
-3.180649,-2.165460,-5.784386
-3.105511,-2.070962,-5.646804
-3.067749,-1.872337,-5.539973
-3.060881,-1.820306,-5.517292
-3.068228,-1.812056,-5.507375
-2.938564,-1.816978,-5.417607
-2.906682,-1.820254,-5.396653
-2.840716,-1.843292,-5.412423
-2.828451,-1.852693,-5.414514
-2.722940,-1.725677,-5.331626
-2.592895,-1.613248,-5.347849
-2.557543,-1.586109,-5.356132
-2.551002,-1.574570,-5.358735
-2.173625,-1.421908,-5.236911
-2.084237,-1.382718,-5.201585
-2.060269,-1.378377,-5.204031
-2.046939,-1.372626,-5.202481
-2.027933,-1.385325,-5.190445
-2.023831,-1.396560,-5.193122
-1.953286,-1.706629,-5.189835
-1.848371,-1.711050,-5.214221
-1.732744,-1.656212,-5.329642
-1.702827,-1.641066,-5.357084
-1.662601,-1.526171,-5.113237
-1.625463,-1.438316,-5.007258
-1.626711,-1.517619,-4.876831
-1.622227,-1.534420,-4.839707
-1.627030,-1.537116,-4.830351
-1.628628,-1.544231,-4.821386
-1.632693,-1.546492,-4.811649
-1.626252,-1.550100,-4.800666
-1.629342,-1.560644,-4.798347
-1.640604,-1.566139,-4.795644
-1.657872,-1.470435,-4.942536
-1.723548,-1.325058,-4.912485
-1.667985,-1.286060,-4.914854
-1.656809,-1.267380,-4.915302
-1.514580,-1.358917,-4.991488
-1.483528,-1.380017,-5.009892
-1.471265,-1.388666,-5.015985
-1.472191,-1.397304,-5.015471
-1.469053,-1.408475,-5.021688
-1.498386,-1.427761,-5.029583
-1.526514,-1.453791,-5.061331
-1.545743,-1.469125,-5.078249
-1.543746,-1.461778,-5.081782
-1.562976,-1.472206,-5.103423
-1.560577,-1.450888,-5.108196
-1.568372,-1.437299,-5.108763
-1.574157,-1.424445,-5.105738
-1.550518,-1.432945,-5.094708
-1.502068,-1.410181,-5.104241
-1.503616,-1.401153,-5.126817
-1.783487,-1.760489,-5.462777
-1.851906,-1.848680,-5.549081
-1.869058,-1.874171,-5.579466
-1.885302,-1.898362,-5.586189
-1.738390,-1.560993,-5.825937
-1.551012,-1.195858,-6.040785
-1.499632,-1.099831,-6.096438
-1.480242,-1.071635,-6.106920
-1.468331,-1.067861,-6.106869
-1.487746,-1.077682,-5.796245
-1.439460,-1.064260,-5.815704
-1.457639,-0.938964,-5.898123
-1.460870,-0.911460,-5.918486
-1.466485,-0.903267,-5.914762
-1.467597,-0.900672,-5.920007
-1.472721,-0.902578,-5.928513
-1.476248,-0.910260,-5.931282
-1.493275,-0.913487,-5.931265
-1.301375,-0.756756,-6.338500
-1.252106,-0.718474,-6.439452
-0.965286,-0.735567,-6.954859
-0.956715,-0.642562,-6.883482
-1.018388,-0.538724,-6.746041
-0.843763,-0.537484,-6.581780
-0.700179,-0.654900,-6.469440
-0.675188,-0.681254,-6.448166
-0.834993,-0.341372,-6.424366
-0.877545,-0.251860,-6.417669
-0.889403,-0.232306,-6.416389
-0.897941,-0.211140,-6.411636
-0.906937,-0.193059,-6.423410
-0.905769,-0.184160,-6.428567
-0.911439,-0.173449,-6.429476
-0.623955,-0.561454,-6.224340
-0.550226,-0.667150,-6.166923
-0.193496,-0.974666,-6.123117
-0.102366,-1.059295,-6.108463
0.178307,-0.820545,-6.086138
0.298399,-0.797422,-6.223530
0.231453,-0.693037,-6.139057
0.204024,-0.623383,-6.105361
0.227380,-0.698480,-6.313784
0.250856,-0.721203,-6.452621
0.287107,-0.504560,-6.497029
0.289361,-0.448666,-6.511244
0.404000,-0.514893,-6.967574
0.358774,-0.453117,-7.002888
0.398586,-0.450420,-7.042719
